8 100 99 39 59
1 2 2300
2 3 2500
3 4 2100
4 5 1700
5 6 2000
6 7 2900
7 8 2200
8 9 1600
9 10 1900
10 11 1700
11 12 1400
12 13 1000
13 14 1500
14 15 1300
15 16 1900
16 17 1300
17 18 2700
18 19 1600
19 20 1600
20 21 2800
21 22 2500
22 23 2100
23 24 1700
24 25 2400
25 26 2100
26 27 1500
27 28 1200
28 29 2600
29 30 1400
30 31 1500
31 32 2400
32 33 1200
33 34 2100
34 35 1700
35 36 2400
36 37 2300
37 38 1100
38 39 2600
39 40 1800
40 41 1800
41 42 1500
42 43 1300
43 44 1700
44 45 1600
45 46 1500
46 47 1300
47 48 1200
48 49 2400
49 50 2300
50 51 1000
51 52 1400
52 53 1300
53 54 1200
54 55 2800
55 56 1200
56 57 1700
57 58 2700
58 59 1500
59 60 2900
60 61 1300
61 62 2100
62 63 2400
63 64 2000
64 65 2900
65 66 1800
66 67 2700
67 68 1900
68 69 1600
69 70 1600
70 71 2000
71 72 2800
72 73 2600
73 74 2400
74 75 1200
75 76 2600
76 77 1500
77 78 1100
78 79 2400
79 80 1300
80 81 1200
81 82 2300
82 83 2600
83 84 1000
84 85 2900
85 86 2100
86 87 1100
87 88 2600
88 89 1100
89 90 1000
90 91 1500
91 92 1900
92 93 1400
93 94 2500
94 95 2300
95 96 2400
96 97 2900
97 98 1800
98 99 1100
99 100 1200
8 100 99 72 35
1 2 2700
2 3 1200
3 4 2500
4 5 1600
5 6 2300
6 7 1600
7 8 2400
8 9 2100
9 10 1800
10 11 2300
11 12 2400
12 13 2300
13 14 2000
14 15 1800
15 16 2000
16 17 1000
17 18 1900
18 19 2600
19 20 1200
20 21 1600
21 22 2700
22 23 2300
23 24 2000
24 25 2100
25 26 2900
26 27 1600
27 28 1500
28 29 1500
29 30 1200
30 31 2000
31 32 1000
32 33 2200
33 34 1500
34 35 1000
35 36 1000
36 37 2900
37 38 1400
38 39 1500
39 40 2500
40 41 1500
41 42 1500
42 43 2400
43 44 2100
44 45 2600
45 46 2700
46 47 1300
47 48 2700
48 49 2900
49 50 1700
50 51 1300
51 52 1900
52 53 1500
53 54 2600
54 55 2300
55 56 1100
56 57 2300
57 58 2700
58 59 2900
59 60 1700
60 61 2300
61 62 2800
62 63 1600
63 64 2100
64 65 1600
65 66 1600
66 67 2600
67 68 1800
68 69 2800
69 70 1600
70 71 2300
71 72 1700
72 73 2100
73 74 2700
74 75 2200
75 76 1800
76 77 2100
77 78 1300
78 79 1200
79 80 1400
80 81 1800
81 82 1500
82 83 1300
83 84 2900
84 85 1100
85 86 2600
86 87 2500
87 88 2800
88 89 1300
89 90 1500
90 91 1400
91 92 1900
92 93 2300
93 94 2100
94 95 1100
95 96 1600
96 97 1500
97 98 2600
98 99 1300
99 100 2000
8 100 99 71 30
1 2 2900
2 3 1000
3 4 1700
4 5 1800
5 6 1500
6 7 2700
7 8 1200
8 9 2400
9 10 2100
10 11 1200
11 12 2200
12 13 1400
13 14 2400
14 15 2500
15 16 1700
16 17 2600
17 18 2800
18 19 1500
19 20 1600
20 21 2600
21 22 2200
22 23 2100
23 24 1800
24 25 1300
25 26 2100
26 27 2300
27 28 2200
28 29 1600
29 30 2100
30 31 2400
31 32 1800
32 33 1400
33 34 1900
34 35 2400
35 36 2100
36 37 1900
37 38 2500
38 39 2500
39 40 1400
40 41 1000
41 42 2200
42 43 2500
43 44 2900
44 45 2200
45 46 2000
46 47 2000
47 48 2500
48 49 1800
49 50 2100
50 51 1900
51 52 1100
52 53 1200
53 54 2000
54 55 1600
55 56 2100
56 57 1000
57 58 1100
58 59 1700
59 60 1900
60 61 2000
61 62 1600
62 63 2300
63 64 1800
64 65 1300
65 66 1100
66 67 1100
67 68 2900
68 69 1600
69 70 2400
70 71 1900
71 72 1200
72 73 1700
73 74 1800
74 75 2200
75 76 1500
76 77 2000
77 78 1900
78 79 2500
79 80 1900
80 81 2100
81 82 1800
82 83 1200
83 84 2300
84 85 2500
85 86 2900
86 87 1200
87 88 2400
88 89 2200
89 90 1900
90 91 2300
91 92 2700
92 93 1200
93 94 2100
94 95 2500
95 96 2400
96 97 1900
97 98 2000
98 99 2900
99 100 1900
8 100 99 35 53
1 2 1400
2 3 1000
3 4 1900
4 5 2500
5 6 2200
6 7 1500
7 8 2600
8 9 1300
9 10 2900
10 11 1800
11 12 1700
12 13 2900
13 14 2700
14 15 2400
15 16 1700
16 17 1000
17 18 1200
18 19 1900
19 20 1900
20 21 1900
21 22 2300
22 23 2600
23 24 2200
24 25 2900
25 26 1300
26 27 1900
27 28 2600
28 29 2700
29 30 1100
30 31 2100
31 32 1000
32 33 1300
33 34 2500
34 35 1900
35 36 1000
36 37 2700
37 38 1400
38 39 1400
39 40 1300
40 41 1200
41 42 1900
42 43 1600
43 44 1300
44 45 1700
45 46 1500
46 47 1300
47 48 2400
48 49 1200
49 50 1200
50 51 2500
51 52 2200
52 53 1400
53 54 2000
54 55 1500
55 56 1600
56 57 1800
57 58 1500
58 59 2800
59 60 2000
60 61 2600
61 62 1500
62 63 1600
63 64 2300
64 65 1100
65 66 2100
66 67 2800
67 68 1900
68 69 1700
69 70 2100
70 71 2000
71 72 2400
72 73 1000
73 74 2300
74 75 1800
75 76 2800
76 77 1400
77 78 2500
78 79 1500
79 80 2200
80 81 1800
81 82 2900
82 83 1500
83 84 1200
84 85 2800
85 86 2400
86 87 2800
87 88 1200
88 89 1400
89 90 1100
90 91 1400
91 92 1900
92 93 1100
93 94 1200
94 95 2300
95 96 2800
96 97 1800
97 98 1300
98 99 1700
99 100 2200
8 100 99 36 10
1 2 2500
2 3 2500
3 4 2500
4 5 1800
5 6 2300
6 7 2700
7 8 2800
8 9 1200
9 10 1800
10 11 1500
11 12 2400
12 13 1000
13 14 2100
14 15 1500
15 16 2100
16 17 1100
17 18 1800
18 19 2400
19 20 2700
20 21 1500
21 22 1900
22 23 2500
23 24 2000
24 25 2700
25 26 1900
26 27 2700
27 28 2900
28 29 2900
29 30 2100
30 31 2700
31 32 1700
32 33 2900
33 34 1600
34 35 2700
35 36 1500
36 37 1100
37 38 1700
38 39 1900
39 40 1500
40 41 2500
41 42 2600
42 43 2300
43 44 2600
44 45 2000
45 46 1800
46 47 2000
47 48 2900
48 49 1800
49 50 1200
50 51 2900
51 52 1900
52 53 1600
53 54 2800
54 55 1100
55 56 1100
56 57 1600
57 58 2800
58 59 1700
59 60 1700
60 61 1000
61 62 2900
62 63 2600
63 64 1600
64 65 1500
65 66 2100
66 67 2600
67 68 2300
68 69 1900
69 70 2100
70 71 2200
71 72 1600
72 73 2700
73 74 2600
74 75 2200
75 76 2000
76 77 1400
77 78 2300
78 79 1900
79 80 2900
80 81 1200
81 82 1200
82 83 2700
83 84 1800
84 85 1200
85 86 1200
86 87 2200
87 88 1500
88 89 2900
89 90 2600
90 91 1400
91 92 2000
92 93 1500
93 94 2900
94 95 1500
95 96 2300
96 97 1100
97 98 1400
98 99 2900
99 100 1000
8 100 99 12 45
1 2 2500
2 3 1400
3 4 1000
4 5 1900
5 6 1100
6 7 2300
7 8 2100
8 9 1900
9 10 2000
10 11 2400
11 12 1700
12 13 2300
13 14 2700
14 15 1800
15 16 1000
16 17 2500
17 18 2000
18 19 2900
19 20 1600
20 21 1600
21 22 2700
22 23 1200
23 24 1300
24 25 1700
25 26 2200
26 27 1600
27 28 1200
28 29 2900
29 30 1400
30 31 2200
31 32 1400
32 33 2500
33 34 2800
34 35 2400
35 36 2700
36 37 1600
37 38 1200
38 39 1400
39 40 1600
40 41 1200
41 42 1500
42 43 1800
43 44 2200
44 45 2000
45 46 1100
46 47 2900
47 48 2700
48 49 2400
49 50 1400
50 51 1500
51 52 1700
52 53 1500
53 54 1000
54 55 2800
55 56 1500
56 57 2000
57 58 1100
58 59 2900
59 60 2700
60 61 2700
61 62 2000
62 63 1700
63 64 1700
64 65 2600
65 66 2300
66 67 1300
67 68 1700
68 69 2700
69 70 1500
70 71 2100
71 72 1500
72 73 1600
73 74 2700
74 75 1100
75 76 1100
76 77 2000
77 78 1600
78 79 2900
79 80 1500
80 81 1700
81 82 2800
82 83 2300
83 84 1100
84 85 2600
85 86 2400
86 87 2800
87 88 2200
88 89 2700
89 90 1400
90 91 1600
91 92 1500
92 93 1500
93 94 2200
94 95 2600
95 96 1500
96 97 2500
97 98 2200
98 99 1800
99 100 2500
8 100 99 68 13
1 2 2000
2 3 2700
3 4 1200
4 5 2200
5 6 2300
6 7 1800
7 8 1500
8 9 1000
9 10 2800
10 11 1600
11 12 1200
12 13 2200
13 14 2400
14 15 2700
15 16 1500
16 17 2900
17 18 2400
18 19 1300
19 20 2900
20 21 1500
21 22 1500
22 23 1700
23 24 1100
24 25 1300
25 26 1700
26 27 1100
27 28 1700
28 29 1700
29 30 1200
30 31 1400
31 32 2100
32 33 2700
33 34 2300
34 35 2700
35 36 2700
36 37 2300
37 38 1100
38 39 1800
39 40 2900
40 41 2800
41 42 2600
42 43 1200
43 44 2000
44 45 1200
45 46 1800
46 47 1500
47 48 1200
48 49 1600
49 50 2900
50 51 2400
51 52 1600
52 53 2900
53 54 1300
54 55 2700
55 56 2000
56 57 1800
57 58 1800
58 59 1700
59 60 1500
60 61 1200
61 62 2000
62 63 1300
63 64 1300
64 65 1100
65 66 1100
66 67 1200
67 68 1400
68 69 2500
69 70 2600
70 71 2800
71 72 2100
72 73 1200
73 74 2100
74 75 1900
75 76 2900
76 77 2200
77 78 2900
78 79 1800
79 80 1300
80 81 2700
81 82 2100
82 83 2400
83 84 2100
84 85 1400
85 86 2700
86 87 2500
87 88 1300
88 89 1100
89 90 2100
90 91 1400
91 92 1400
92 93 2300
93 94 2500
94 95 2900
95 96 2200
96 97 1100
97 98 1900
98 99 2100
99 100 1300
8 100 99 85 59
1 2 1100
2 3 1600
3 4 1300
4 5 1400
5 6 2000
6 7 2500
7 8 1600
8 9 1800
9 10 1000
10 11 1200
11 12 1300
12 13 1400
13 14 1700
14 15 2300
15 16 1300
16 17 2300
17 18 2600
18 19 2400
19 20 2100
20 21 1100
21 22 1300
22 23 2400
23 24 1800
24 25 2700
25 26 1800
26 27 2800
27 28 2100
28 29 1100
29 30 1900
30 31 1900
31 32 2800
32 33 2500
33 34 1200
34 35 1400
35 36 1900
36 37 1000
37 38 2400
38 39 1400
39 40 2900
40 41 2000
41 42 1900
42 43 1900
43 44 1000
44 45 1100
45 46 1400
46 47 1200
47 48 1700
48 49 1100
49 50 1800
50 51 2200
51 52 2800
52 53 2300
53 54 1900
54 55 1900
55 56 2900
56 57 2200
57 58 2900
58 59 2700
59 60 1000
60 61 1900
61 62 1300
62 63 2500
63 64 1700
64 65 2900
65 66 2500
66 67 1800
67 68 1300
68 69 2800
69 70 2200
70 71 1700
71 72 2300
72 73 1800
73 74 1700
74 75 1800
75 76 2100
76 77 2400
77 78 1900
78 79 2500
79 80 2300
80 81 1800
81 82 1000
82 83 1900
83 84 1200
84 85 1300
85 86 1900
86 87 1900
87 88 1500
88 89 1900
89 90 1400
90 91 1400
91 92 1400
92 93 2300
93 94 1100
94 95 1900
95 96 2700
96 97 1700
97 98 2200
98 99 2500
99 100 2900
8 100 99 91 61
1 2 2100
2 3 1300
3 4 1400
4 5 2200
5 6 1100
6 7 1200
7 8 1800
8 9 2100
9 10 1800
10 11 2400
11 12 1600
12 13 2100
13 14 1400
14 15 1400
15 16 2500
16 17 1700
17 18 1000
18 19 1800
19 20 1600
20 21 1600
21 22 2100
22 23 2100
23 24 1500
24 25 2200
25 26 1700
26 27 2000
27 28 1900
28 29 1800
29 30 1800
30 31 2900
31 32 1800
32 33 1700
33 34 2000
34 35 1800
35 36 1600
36 37 1900
37 38 2000
38 39 2100
39 40 1500
40 41 2700
41 42 2200
42 43 2600
43 44 2500
44 45 1500
45 46 1200
46 47 1100
47 48 2700
48 49 1000
49 50 1800
50 51 1600
51 52 2300
52 53 1100
53 54 1000
54 55 1100
55 56 2000
56 57 1000
57 58 2600
58 59 1800
59 60 2900
60 61 2900
61 62 1900
62 63 2700
63 64 1100
64 65 1400
65 66 2700
66 67 2000
67 68 1800
68 69 2200
69 70 2600
70 71 2200
71 72 2100
72 73 2500
73 74 2300
74 75 1400
75 76 1000
76 77 1400
77 78 2900
78 79 2200
79 80 1600
80 81 1400
81 82 2000
82 83 2700
83 84 2700
84 85 2400
85 86 1100
86 87 1600
87 88 2900
88 89 1700
89 90 2300
90 91 1000
91 92 2600
92 93 2400
93 94 1800
94 95 1300
95 96 1300
96 97 1800
97 98 2500
98 99 2900
99 100 1400
8 100 99 9 91
1 2 2500
2 3 2300
3 4 2000
4 5 2200
5 6 2800
6 7 1700
7 8 2700
8 9 1600
9 10 1800
10 11 2700
11 12 1200
12 13 1900
13 14 2500
14 15 2100
15 16 1000
16 17 1700
17 18 1600
18 19 1800
19 20 1800
20 21 1200
21 22 1200
22 23 2200
23 24 1000
24 25 2000
25 26 1600
26 27 1800
27 28 2800
28 29 2000
29 30 2600
30 31 2300
31 32 2400
32 33 2300
33 34 1100
34 35 1700
35 36 1600
36 37 2200
37 38 2400
38 39 1600
39 40 2800
40 41 2300
41 42 2300
42 43 1200
43 44 2000
44 45 1200
45 46 2400
46 47 2700
47 48 2100
48 49 1500
49 50 2300
50 51 1100
51 52 1800
52 53 2800
53 54 2800
54 55 1400
55 56 1600
56 57 2000
57 58 1300
58 59 1700
59 60 1200
60 61 2900
61 62 1600
62 63 2900
63 64 1600
64 65 1500
65 66 2900
66 67 2300
67 68 2400
68 69 2900
69 70 1500
70 71 1800
71 72 1600
72 73 1900
73 74 1300
74 75 2700
75 76 2700
76 77 2700
77 78 1400
78 79 1000
79 80 1800
80 81 2200
81 82 2800
82 83 2100
83 84 2300
84 85 2000
85 86 1000
86 87 1600
87 88 2500
88 89 2300
89 90 1400
90 91 1500
91 92 1500
92 93 1200
93 94 2900
94 95 1200
95 96 2400
96 97 2000
97 98 1700
98 99 2600
99 100 1600
0 0 0 0 0
