8
10343172 77347610
8
60259136 31715515
2
69 99
10
0957658270 8199127119
10
0902772823 6224157899
10
0194599785 3955154061
9
648464037 618118524
9
814006751 803142785
1
0 0
10
4519593517 4519593517
4
4202 7535
8
45678901 89012345
10
0987654321 1234567890
1
8 1
10
0000000000 9999999999
10
9999999999 0000000000
6
988501 214164
10
6246294715 7470751505
10
5786758061 5663302382
10
5238556328 6624015738
10
6820642135 6969298076
10
6027692720 3390329093
9
224642383 958143638
7
1292397 4260044
0
