5
0 0 0
0 0 25
0 0 50
0 0 75
0 0 100
5
0 25 0
0 25 25
0 25 50
0 25 75
0 25 100
5
0 50 0
0 50 25
0 50 50
0 50 75
0 50 100
5
0 75 0
0 75 25
0 75 50
0 75 75
0 75 100
5
0 100 0
0 100 25
0 100 50
0 100 75
0 100 100
5
1 0 0
1 0 25
1 0 50
1 0 75
1 0 100
5
1 25 0
1 25 25
1 25 50
1 25 75
1 25 100
5
1 50 0
1 50 25
1 50 50
1 50 75
1 50 100
5
1 75 0
1 75 25
1 75 50
1 75 75
1 75 100
5
1 100 0
1 100 25
1 100 50
1 100 75
1 100 100
5
2 0 0
2 0 25
2 0 50
2 0 75
2 0 100
5
2 25 0
2 25 25
2 25 50
2 25 75
2 25 100
5
2 50 0
2 50 25
2 50 50
2 50 75
2 50 100
5
2 75 0
2 75 25
2 75 50
2 75 75
2 75 100
5
2 100 0
2 100 25
2 100 50
2 100 75
2 100 100
5
3 0 0
3 0 25
3 0 50
3 0 75
3 0 100
5
3 25 0
3 25 25
3 25 50
3 25 75
3 25 100
5
3 50 0
3 50 25
3 50 50
3 50 75
3 50 100
5
3 75 0
3 75 25
3 75 50
3 75 75
3 75 100
5
3 100 0
3 100 25
3 100 50
3 100 75
3 100 100
5
4 0 0
4 0 25
4 0 50
4 0 75
4 0 100
5
4 25 0
4 25 25
4 25 50
4 25 75
4 25 100
5
4 50 0
4 50 25
4 50 50
4 50 75
4 50 100
5
4 75 0
4 75 25
4 75 50
4 75 75
4 75 100
5
4 100 0
4 100 25
4 100 50
4 100 75
4 100 100
5
5 0 0
5 0 25
5 0 50
5 0 75
5 0 100
5
5 25 0
5 25 25
5 25 50
5 25 75
5 25 100
5
5 50 0
5 50 25
5 50 50
5 50 75
5 50 100
5
5 75 0
5 75 25
5 75 50
5 75 75
5 75 100
5
5 100 0
5 100 25
5 100 50
5 100 75
5 100 100
5
6 0 0
6 0 25
6 0 50
6 0 75
6 0 100
5
6 25 0
6 25 25
6 25 50
6 25 75
6 25 100
5
6 50 0
6 50 25
6 50 50
6 50 75
6 50 100
5
6 75 0
6 75 25
6 75 50
6 75 75
6 75 100
5
6 100 0
6 100 25
6 100 50
6 100 75
6 100 100
5
7 0 0
7 0 25
7 0 50
7 0 75
7 0 100
5
7 25 0
7 25 25
7 25 50
7 25 75
7 25 100
5
7 50 0
7 50 25
7 50 50
7 50 75
7 50 100
5
7 75 0
7 75 25
7 75 50
7 75 75
7 75 100
5
7 100 0
7 100 25
7 100 50
7 100 75
7 100 100
5
8 0 0
8 0 25
8 0 50
8 0 75
8 0 100
5
8 25 0
8 25 25
8 25 50
8 25 75
8 25 100
5
8 50 0
8 50 25
8 50 50
8 50 75
8 50 100
5
8 75 0
8 75 25
8 75 50
8 75 75
8 75 100
5
8 100 0
8 100 25
8 100 50
8 100 75
8 100 100
5
9 0 0
9 0 25
9 0 50
9 0 75
9 0 100
5
9 25 0
9 25 25
9 25 50
9 25 75
9 25 100
5
9 50 0
9 50 25
9 50 50
9 50 75
9 50 100
5
9 75 0
9 75 25
9 75 50
9 75 75
9 75 100
5
9 100 0
9 100 25
9 100 50
9 100 75
9 100 100
5
10 0 0
10 0 25
10 0 50
10 0 75
10 0 100
5
10 25 0
10 25 25
10 25 50
10 25 75
10 25 100
5
10 50 0
10 50 25
10 50 50
10 50 75
10 50 100
5
10 75 0
10 75 25
10 75 50
10 75 75
10 75 100
5
10 100 0
10 100 25
10 100 50
10 100 75
10 100 100
5
11 0 0
11 0 25
11 0 50
11 0 75
11 0 100
5
11 25 0
11 25 25
11 25 50
11 25 75
11 25 100
5
11 50 0
11 50 25
11 50 50
11 50 75
11 50 100
5
11 75 0
11 75 25
11 75 50
11 75 75
11 75 100
5
11 100 0
11 100 25
11 100 50
11 100 75
11 100 100
5
12 0 0
12 0 25
12 0 50
12 0 75
12 0 100
5
12 25 0
12 25 25
12 25 50
12 25 75
12 25 100
5
12 50 0
12 50 25
12 50 50
12 50 75
12 50 100
5
12 75 0
12 75 25
12 75 50
12 75 75
12 75 100
5
12 100 0
12 100 25
12 100 50
12 100 75
12 100 100
5
13 0 0
13 0 25
13 0 50
13 0 75
13 0 100
5
13 25 0
13 25 25
13 25 50
13 25 75
13 25 100
5
13 50 0
13 50 25
13 50 50
13 50 75
13 50 100
5
13 75 0
13 75 25
13 75 50
13 75 75
13 75 100
5
13 100 0
13 100 25
13 100 50
13 100 75
13 100 100
5
14 0 0
14 0 25
14 0 50
14 0 75
14 0 100
5
14 25 0
14 25 25
14 25 50
14 25 75
14 25 100
5
14 50 0
14 50 25
14 50 50
14 50 75
14 50 100
5
14 75 0
14 75 25
14 75 50
14 75 75
14 75 100
5
14 100 0
14 100 25
14 100 50
14 100 75
14 100 100
5
15 0 0
15 0 25
15 0 50
15 0 75
15 0 100
5
15 25 0
15 25 25
15 25 50
15 25 75
15 25 100
5
15 50 0
15 50 25
15 50 50
15 50 75
15 50 100
5
15 75 0
15 75 25
15 75 50
15 75 75
15 75 100
5
15 100 0
15 100 25
15 100 50
15 100 75
15 100 100
5
16 0 0
16 0 25
16 0 50
16 0 75
16 0 100
5
16 25 0
16 25 25
16 25 50
16 25 75
16 25 100
5
16 50 0
16 50 25
16 50 50
16 50 75
16 50 100
5
16 75 0
16 75 25
16 75 50
16 75 75
16 75 100
5
16 100 0
16 100 25
16 100 50
16 100 75
16 100 100
5
17 0 0
17 0 25
17 0 50
17 0 75
17 0 100
5
17 25 0
17 25 25
17 25 50
17 25 75
17 25 100
5
17 50 0
17 50 25
17 50 50
17 50 75
17 50 100
5
17 75 0
17 75 25
17 75 50
17 75 75
17 75 100
5
17 100 0
17 100 25
17 100 50
17 100 75
17 100 100
5
18 0 0
18 0 25
18 0 50
18 0 75
18 0 100
5
18 25 0
18 25 25
18 25 50
18 25 75
18 25 100
5
18 50 0
18 50 25
18 50 50
18 50 75
18 50 100
5
18 75 0
18 75 25
18 75 50
18 75 75
18 75 100
5
18 100 0
18 100 25
18 100 50
18 100 75
18 100 100
5
19 0 0
19 0 25
19 0 50
19 0 75
19 0 100
5
19 25 0
19 25 25
19 25 50
19 25 75
19 25 100
5
19 50 0
19 50 25
19 50 50
19 50 75
19 50 100
5
19 75 0
19 75 25
19 75 50
19 75 75
19 75 100
5
19 100 0
19 100 25
19 100 50
19 100 75
19 100 100
5
20 0 0
20 0 25
20 0 50
20 0 75
20 0 100
5
20 25 0
20 25 25
20 25 50
20 25 75
20 25 100
5
20 50 0
20 50 25
20 50 50
20 50 75
20 50 100
5
20 75 0
20 75 25
20 75 50
20 75 75
20 75 100
5
20 100 0
20 100 25
20 100 50
20 100 75
20 100 100
5
21 0 0
21 0 25
21 0 50
21 0 75
21 0 100
5
21 25 0
21 25 25
21 25 50
21 25 75
21 25 100
5
21 50 0
21 50 25
21 50 50
21 50 75
21 50 100
5
21 75 0
21 75 25
21 75 50
21 75 75
21 75 100
5
21 100 0
21 100 25
21 100 50
21 100 75
21 100 100
5
22 0 0
22 0 25
22 0 50
22 0 75
22 0 100
5
22 25 0
22 25 25
22 25 50
22 25 75
22 25 100
5
22 50 0
22 50 25
22 50 50
22 50 75
22 50 100
5
22 75 0
22 75 25
22 75 50
22 75 75
22 75 100
5
22 100 0
22 100 25
22 100 50
22 100 75
22 100 100
5
23 0 0
23 0 25
23 0 50
23 0 75
23 0 100
5
23 25 0
23 25 25
23 25 50
23 25 75
23 25 100
5
23 50 0
23 50 25
23 50 50
23 50 75
23 50 100
5
23 75 0
23 75 25
23 75 50
23 75 75
23 75 100
5
23 100 0
23 100 25
23 100 50
23 100 75
23 100 100
5
24 0 0
24 0 25
24 0 50
24 0 75
24 0 100
5
24 25 0
24 25 25
24 25 50
24 25 75
24 25 100
5
24 50 0
24 50 25
24 50 50
24 50 75
24 50 100
5
24 75 0
24 75 25
24 75 50
24 75 75
24 75 100
5
24 100 0
24 100 25
24 100 50
24 100 75
24 100 100
5
25 0 0
25 0 25
25 0 50
25 0 75
25 0 100
5
25 25 0
25 25 25
25 25 50
25 25 75
25 25 100
5
25 50 0
25 50 25
25 50 50
25 50 75
25 50 100
5
25 75 0
25 75 25
25 75 50
25 75 75
25 75 100
5
25 100 0
25 100 25
25 100 50
25 100 75
25 100 100
5
26 0 0
26 0 25
26 0 50
26 0 75
26 0 100
5
26 25 0
26 25 25
26 25 50
26 25 75
26 25 100
5
26 50 0
26 50 25
26 50 50
26 50 75
26 50 100
5
26 75 0
26 75 25
26 75 50
26 75 75
26 75 100
5
26 100 0
26 100 25
26 100 50
26 100 75
26 100 100
5
27 0 0
27 0 25
27 0 50
27 0 75
27 0 100
5
27 25 0
27 25 25
27 25 50
27 25 75
27 25 100
5
27 50 0
27 50 25
27 50 50
27 50 75
27 50 100
5
27 75 0
27 75 25
27 75 50
27 75 75
27 75 100
5
27 100 0
27 100 25
27 100 50
27 100 75
27 100 100
5
28 0 0
28 0 25
28 0 50
28 0 75
28 0 100
5
28 25 0
28 25 25
28 25 50
28 25 75
28 25 100
5
28 50 0
28 50 25
28 50 50
28 50 75
28 50 100
5
28 75 0
28 75 25
28 75 50
28 75 75
28 75 100
5
28 100 0
28 100 25
28 100 50
28 100 75
28 100 100
5
29 0 0
29 0 25
29 0 50
29 0 75
29 0 100
5
29 25 0
29 25 25
29 25 50
29 25 75
29 25 100
5
29 50 0
29 50 25
29 50 50
29 50 75
29 50 100
5
29 75 0
29 75 25
29 75 50
29 75 75
29 75 100
5
29 100 0
29 100 25
29 100 50
29 100 75
29 100 100
5
30 0 0
30 0 25
30 0 50
30 0 75
30 0 100
5
30 25 0
30 25 25
30 25 50
30 25 75
30 25 100
5
30 50 0
30 50 25
30 50 50
30 50 75
30 50 100
5
30 75 0
30 75 25
30 75 50
30 75 75
30 75 100
5
30 100 0
30 100 25
30 100 50
30 100 75
30 100 100
5
31 0 0
31 0 25
31 0 50
31 0 75
31 0 100
5
31 25 0
31 25 25
31 25 50
31 25 75
31 25 100
5
31 50 0
31 50 25
31 50 50
31 50 75
31 50 100
5
31 75 0
31 75 25
31 75 50
31 75 75
31 75 100
5
31 100 0
31 100 25
31 100 50
31 100 75
31 100 100
5
32 0 0
32 0 25
32 0 50
32 0 75
32 0 100
5
32 25 0
32 25 25
32 25 50
32 25 75
32 25 100
5
32 50 0
32 50 25
32 50 50
32 50 75
32 50 100
5
32 75 0
32 75 25
32 75 50
32 75 75
32 75 100
5
32 100 0
32 100 25
32 100 50
32 100 75
32 100 100
5
33 0 0
33 0 25
33 0 50
33 0 75
33 0 100
5
33 25 0
33 25 25
33 25 50
33 25 75
33 25 100
5
33 50 0
33 50 25
33 50 50
33 50 75
33 50 100
5
33 75 0
33 75 25
33 75 50
33 75 75
33 75 100
5
33 100 0
33 100 25
33 100 50
33 100 75
33 100 100
5
34 0 0
34 0 25
34 0 50
34 0 75
34 0 100
5
34 25 0
34 25 25
34 25 50
34 25 75
34 25 100
5
34 50 0
34 50 25
34 50 50
34 50 75
34 50 100
5
34 75 0
34 75 25
34 75 50
34 75 75
34 75 100
5
34 100 0
34 100 25
34 100 50
34 100 75
34 100 100
5
35 0 0
35 0 25
35 0 50
35 0 75
35 0 100
5
35 25 0
35 25 25
35 25 50
35 25 75
35 25 100
5
35 50 0
35 50 25
35 50 50
35 50 75
35 50 100
5
35 75 0
35 75 25
35 75 50
35 75 75
35 75 100
5
35 100 0
35 100 25
35 100 50
35 100 75
35 100 100
5
36 0 0
36 0 25
36 0 50
36 0 75
36 0 100
5
36 25 0
36 25 25
36 25 50
36 25 75
36 25 100
5
36 50 0
36 50 25
36 50 50
36 50 75
36 50 100
5
36 75 0
36 75 25
36 75 50
36 75 75
36 75 100
5
36 100 0
36 100 25
36 100 50
36 100 75
36 100 100
5
37 0 0
37 0 25
37 0 50
37 0 75
37 0 100
5
37 25 0
37 25 25
37 25 50
37 25 75
37 25 100
5
37 50 0
37 50 25
37 50 50
37 50 75
37 50 100
5
37 75 0
37 75 25
37 75 50
37 75 75
37 75 100
5
37 100 0
37 100 25
37 100 50
37 100 75
37 100 100
5
38 0 0
38 0 25
38 0 50
38 0 75
38 0 100
5
38 25 0
38 25 25
38 25 50
38 25 75
38 25 100
5
38 50 0
38 50 25
38 50 50
38 50 75
38 50 100
5
38 75 0
38 75 25
38 75 50
38 75 75
38 75 100
5
38 100 0
38 100 25
38 100 50
38 100 75
38 100 100
5
39 0 0
39 0 25
39 0 50
39 0 75
39 0 100
5
39 25 0
39 25 25
39 25 50
39 25 75
39 25 100
5
39 50 0
39 50 25
39 50 50
39 50 75
39 50 100
5
39 75 0
39 75 25
39 75 50
39 75 75
39 75 100
5
39 100 0
39 100 25
39 100 50
39 100 75
39 100 100
5
40 0 0
40 0 25
40 0 50
40 0 75
40 0 100
5
40 25 0
40 25 25
40 25 50
40 25 75
40 25 100
5
40 50 0
40 50 25
40 50 50
40 50 75
40 50 100
5
40 75 0
40 75 25
40 75 50
40 75 75
40 75 100
5
40 100 0
40 100 25
40 100 50
40 100 75
40 100 100
5
41 0 0
41 0 25
41 0 50
41 0 75
41 0 100
5
41 25 0
41 25 25
41 25 50
41 25 75
41 25 100
5
41 50 0
41 50 25
41 50 50
41 50 75
41 50 100
5
41 75 0
41 75 25
41 75 50
41 75 75
41 75 100
5
41 100 0
41 100 25
41 100 50
41 100 75
41 100 100
5
42 0 0
42 0 25
42 0 50
42 0 75
42 0 100
5
42 25 0
42 25 25
42 25 50
42 25 75
42 25 100
5
42 50 0
42 50 25
42 50 50
42 50 75
42 50 100
5
42 75 0
42 75 25
42 75 50
42 75 75
42 75 100
5
42 100 0
42 100 25
42 100 50
42 100 75
42 100 100
5
43 0 0
43 0 25
43 0 50
43 0 75
43 0 100
5
43 25 0
43 25 25
43 25 50
43 25 75
43 25 100
5
43 50 0
43 50 25
43 50 50
43 50 75
43 50 100
5
43 75 0
43 75 25
43 75 50
43 75 75
43 75 100
5
43 100 0
43 100 25
43 100 50
43 100 75
43 100 100
5
44 0 0
44 0 25
44 0 50
44 0 75
44 0 100
5
44 25 0
44 25 25
44 25 50
44 25 75
44 25 100
5
44 50 0
44 50 25
44 50 50
44 50 75
44 50 100
5
44 75 0
44 75 25
44 75 50
44 75 75
44 75 100
5
44 100 0
44 100 25
44 100 50
44 100 75
44 100 100
5
45 0 0
45 0 25
45 0 50
45 0 75
45 0 100
5
45 25 0
45 25 25
45 25 50
45 25 75
45 25 100
5
45 50 0
45 50 25
45 50 50
45 50 75
45 50 100
5
45 75 0
45 75 25
45 75 50
45 75 75
45 75 100
5
45 100 0
45 100 25
45 100 50
45 100 75
45 100 100
5
46 0 0
46 0 25
46 0 50
46 0 75
46 0 100
5
46 25 0
46 25 25
46 25 50
46 25 75
46 25 100
5
46 50 0
46 50 25
46 50 50
46 50 75
46 50 100
5
46 75 0
46 75 25
46 75 50
46 75 75
46 75 100
5
46 100 0
46 100 25
46 100 50
46 100 75
46 100 100
5
47 0 0
47 0 25
47 0 50
47 0 75
47 0 100
5
47 25 0
47 25 25
47 25 50
47 25 75
47 25 100
5
47 50 0
47 50 25
47 50 50
47 50 75
47 50 100
5
47 75 0
47 75 25
47 75 50
47 75 75
47 75 100
5
47 100 0
47 100 25
47 100 50
47 100 75
47 100 100
5
48 0 0
48 0 25
48 0 50
48 0 75
48 0 100
5
48 25 0
48 25 25
48 25 50
48 25 75
48 25 100
5
48 50 0
48 50 25
48 50 50
48 50 75
48 50 100
5
48 75 0
48 75 25
48 75 50
48 75 75
48 75 100
5
48 100 0
48 100 25
48 100 50
48 100 75
48 100 100
5
49 0 0
49 0 25
49 0 50
49 0 75
49 0 100
5
49 25 0
49 25 25
49 25 50
49 25 75
49 25 100
5
49 50 0
49 50 25
49 50 50
49 50 75
49 50 100
5
49 75 0
49 75 25
49 75 50
49 75 75
49 75 100
5
49 100 0
49 100 25
49 100 50
49 100 75
49 100 100
5
50 0 0
50 0 25
50 0 50
50 0 75
50 0 100
5
50 25 0
50 25 25
50 25 50
50 25 75
50 25 100
5
50 50 0
50 50 25
50 50 50
50 50 75
50 50 100
5
50 75 0
50 75 25
50 75 50
50 75 75
50 75 100
5
50 100 0
50 100 25
50 100 50
50 100 75
50 100 100
5
51 0 0
51 0 25
51 0 50
51 0 75
51 0 100
5
51 25 0
51 25 25
51 25 50
51 25 75
51 25 100
5
51 50 0
51 50 25
51 50 50
51 50 75
51 50 100
5
51 75 0
51 75 25
51 75 50
51 75 75
51 75 100
5
51 100 0
51 100 25
51 100 50
51 100 75
51 100 100
5
52 0 0
52 0 25
52 0 50
52 0 75
52 0 100
5
52 25 0
52 25 25
52 25 50
52 25 75
52 25 100
5
52 50 0
52 50 25
52 50 50
52 50 75
52 50 100
5
52 75 0
52 75 25
52 75 50
52 75 75
52 75 100
5
52 100 0
52 100 25
52 100 50
52 100 75
52 100 100
5
53 0 0
53 0 25
53 0 50
53 0 75
53 0 100
5
53 25 0
53 25 25
53 25 50
53 25 75
53 25 100
5
53 50 0
53 50 25
53 50 50
53 50 75
53 50 100
5
53 75 0
53 75 25
53 75 50
53 75 75
53 75 100
5
53 100 0
53 100 25
53 100 50
53 100 75
53 100 100
5
54 0 0
54 0 25
54 0 50
54 0 75
54 0 100
5
54 25 0
54 25 25
54 25 50
54 25 75
54 25 100
5
54 50 0
54 50 25
54 50 50
54 50 75
54 50 100
5
54 75 0
54 75 25
54 75 50
54 75 75
54 75 100
5
54 100 0
54 100 25
54 100 50
54 100 75
54 100 100
5
55 0 0
55 0 25
55 0 50
55 0 75
55 0 100
5
55 25 0
55 25 25
55 25 50
55 25 75
55 25 100
5
55 50 0
55 50 25
55 50 50
55 50 75
55 50 100
5
55 75 0
55 75 25
55 75 50
55 75 75
55 75 100
5
55 100 0
55 100 25
55 100 50
55 100 75
55 100 100
5
56 0 0
56 0 25
56 0 50
56 0 75
56 0 100
5
56 25 0
56 25 25
56 25 50
56 25 75
56 25 100
5
56 50 0
56 50 25
56 50 50
56 50 75
56 50 100
5
56 75 0
56 75 25
56 75 50
56 75 75
56 75 100
5
56 100 0
56 100 25
56 100 50
56 100 75
56 100 100
5
57 0 0
57 0 25
57 0 50
57 0 75
57 0 100
5
57 25 0
57 25 25
57 25 50
57 25 75
57 25 100
5
57 50 0
57 50 25
57 50 50
57 50 75
57 50 100
5
57 75 0
57 75 25
57 75 50
57 75 75
57 75 100
5
57 100 0
57 100 25
57 100 50
57 100 75
57 100 100
5
58 0 0
58 0 25
58 0 50
58 0 75
58 0 100
5
58 25 0
58 25 25
58 25 50
58 25 75
58 25 100
5
58 50 0
58 50 25
58 50 50
58 50 75
58 50 100
5
58 75 0
58 75 25
58 75 50
58 75 75
58 75 100
5
58 100 0
58 100 25
58 100 50
58 100 75
58 100 100
5
59 0 0
59 0 25
59 0 50
59 0 75
59 0 100
5
59 25 0
59 25 25
59 25 50
59 25 75
59 25 100
5
59 50 0
59 50 25
59 50 50
59 50 75
59 50 100
5
59 75 0
59 75 25
59 75 50
59 75 75
59 75 100
5
59 100 0
59 100 25
59 100 50
59 100 75
59 100 100
5
60 0 0
60 0 25
60 0 50
60 0 75
60 0 100
5
60 25 0
60 25 25
60 25 50
60 25 75
60 25 100
5
60 50 0
60 50 25
60 50 50
60 50 75
60 50 100
5
60 75 0
60 75 25
60 75 50
60 75 75
60 75 100
5
60 100 0
60 100 25
60 100 50
60 100 75
60 100 100
5
61 0 0
61 0 25
61 0 50
61 0 75
61 0 100
5
61 25 0
61 25 25
61 25 50
61 25 75
61 25 100
5
61 50 0
61 50 25
61 50 50
61 50 75
61 50 100
5
61 75 0
61 75 25
61 75 50
61 75 75
61 75 100
5
61 100 0
61 100 25
61 100 50
61 100 75
61 100 100
5
62 0 0
62 0 25
62 0 50
62 0 75
62 0 100
5
62 25 0
62 25 25
62 25 50
62 25 75
62 25 100
5
62 50 0
62 50 25
62 50 50
62 50 75
62 50 100
5
62 75 0
62 75 25
62 75 50
62 75 75
62 75 100
5
62 100 0
62 100 25
62 100 50
62 100 75
62 100 100
5
63 0 0
63 0 25
63 0 50
63 0 75
63 0 100
5
63 25 0
63 25 25
63 25 50
63 25 75
63 25 100
5
63 50 0
63 50 25
63 50 50
63 50 75
63 50 100
5
63 75 0
63 75 25
63 75 50
63 75 75
63 75 100
5
63 100 0
63 100 25
63 100 50
63 100 75
63 100 100
5
64 0 0
64 0 25
64 0 50
64 0 75
64 0 100
5
64 25 0
64 25 25
64 25 50
64 25 75
64 25 100
5
64 50 0
64 50 25
64 50 50
64 50 75
64 50 100
5
64 75 0
64 75 25
64 75 50
64 75 75
64 75 100
5
64 100 0
64 100 25
64 100 50
64 100 75
64 100 100
5
65 0 0
65 0 25
65 0 50
65 0 75
65 0 100
5
65 25 0
65 25 25
65 25 50
65 25 75
65 25 100
5
65 50 0
65 50 25
65 50 50
65 50 75
65 50 100
5
65 75 0
65 75 25
65 75 50
65 75 75
65 75 100
5
65 100 0
65 100 25
65 100 50
65 100 75
65 100 100
5
66 0 0
66 0 25
66 0 50
66 0 75
66 0 100
5
66 25 0
66 25 25
66 25 50
66 25 75
66 25 100
5
66 50 0
66 50 25
66 50 50
66 50 75
66 50 100
5
66 75 0
66 75 25
66 75 50
66 75 75
66 75 100
5
66 100 0
66 100 25
66 100 50
66 100 75
66 100 100
5
67 0 0
67 0 25
67 0 50
67 0 75
67 0 100
5
67 25 0
67 25 25
67 25 50
67 25 75
67 25 100
5
67 50 0
67 50 25
67 50 50
67 50 75
67 50 100
5
67 75 0
67 75 25
67 75 50
67 75 75
67 75 100
5
67 100 0
67 100 25
67 100 50
67 100 75
67 100 100
5
68 0 0
68 0 25
68 0 50
68 0 75
68 0 100
5
68 25 0
68 25 25
68 25 50
68 25 75
68 25 100
5
68 50 0
68 50 25
68 50 50
68 50 75
68 50 100
5
68 75 0
68 75 25
68 75 50
68 75 75
68 75 100
5
68 100 0
68 100 25
68 100 50
68 100 75
68 100 100
5
69 0 0
69 0 25
69 0 50
69 0 75
69 0 100
5
69 25 0
69 25 25
69 25 50
69 25 75
69 25 100
5
69 50 0
69 50 25
69 50 50
69 50 75
69 50 100
5
69 75 0
69 75 25
69 75 50
69 75 75
69 75 100
5
69 100 0
69 100 25
69 100 50
69 100 75
69 100 100
5
70 0 0
70 0 25
70 0 50
70 0 75
70 0 100
5
70 25 0
70 25 25
70 25 50
70 25 75
70 25 100
5
70 50 0
70 50 25
70 50 50
70 50 75
70 50 100
5
70 75 0
70 75 25
70 75 50
70 75 75
70 75 100
5
70 100 0
70 100 25
70 100 50
70 100 75
70 100 100
5
71 0 0
71 0 25
71 0 50
71 0 75
71 0 100
5
71 25 0
71 25 25
71 25 50
71 25 75
71 25 100
5
71 50 0
71 50 25
71 50 50
71 50 75
71 50 100
5
71 75 0
71 75 25
71 75 50
71 75 75
71 75 100
5
71 100 0
71 100 25
71 100 50
71 100 75
71 100 100
5
72 0 0
72 0 25
72 0 50
72 0 75
72 0 100
5
72 25 0
72 25 25
72 25 50
72 25 75
72 25 100
5
72 50 0
72 50 25
72 50 50
72 50 75
72 50 100
5
72 75 0
72 75 25
72 75 50
72 75 75
72 75 100
5
72 100 0
72 100 25
72 100 50
72 100 75
72 100 100
5
73 0 0
73 0 25
73 0 50
73 0 75
73 0 100
5
73 25 0
73 25 25
73 25 50
73 25 75
73 25 100
5
73 50 0
73 50 25
73 50 50
73 50 75
73 50 100
5
73 75 0
73 75 25
73 75 50
73 75 75
73 75 100
5
73 100 0
73 100 25
73 100 50
73 100 75
73 100 100
5
74 0 0
74 0 25
74 0 50
74 0 75
74 0 100
5
74 25 0
74 25 25
74 25 50
74 25 75
74 25 100
5
74 50 0
74 50 25
74 50 50
74 50 75
74 50 100
5
74 75 0
74 75 25
74 75 50
74 75 75
74 75 100
5
74 100 0
74 100 25
74 100 50
74 100 75
74 100 100
5
75 0 0
75 0 25
75 0 50
75 0 75
75 0 100
5
75 25 0
75 25 25
75 25 50
75 25 75
75 25 100
5
75 50 0
75 50 25
75 50 50
75 50 75
75 50 100
5
75 75 0
75 75 25
75 75 50
75 75 75
75 75 100
5
75 100 0
75 100 25
75 100 50
75 100 75
75 100 100
5
76 0 0
76 0 25
76 0 50
76 0 75
76 0 100
5
76 25 0
76 25 25
76 25 50
76 25 75
76 25 100
5
76 50 0
76 50 25
76 50 50
76 50 75
76 50 100
5
76 75 0
76 75 25
76 75 50
76 75 75
76 75 100
5
76 100 0
76 100 25
76 100 50
76 100 75
76 100 100
5
77 0 0
77 0 25
77 0 50
77 0 75
77 0 100
5
77 25 0
77 25 25
77 25 50
77 25 75
77 25 100
5
77 50 0
77 50 25
77 50 50
77 50 75
77 50 100
5
77 75 0
77 75 25
77 75 50
77 75 75
77 75 100
5
77 100 0
77 100 25
77 100 50
77 100 75
77 100 100
5
78 0 0
78 0 25
78 0 50
78 0 75
78 0 100
5
78 25 0
78 25 25
78 25 50
78 25 75
78 25 100
5
78 50 0
78 50 25
78 50 50
78 50 75
78 50 100
5
78 75 0
78 75 25
78 75 50
78 75 75
78 75 100
5
78 100 0
78 100 25
78 100 50
78 100 75
78 100 100
5
79 0 0
79 0 25
79 0 50
79 0 75
79 0 100
5
79 25 0
79 25 25
79 25 50
79 25 75
79 25 100
5
79 50 0
79 50 25
79 50 50
79 50 75
79 50 100
5
79 75 0
79 75 25
79 75 50
79 75 75
79 75 100
5
79 100 0
79 100 25
79 100 50
79 100 75
79 100 100
5
80 0 0
80 0 25
80 0 50
80 0 75
80 0 100
5
80 25 0
80 25 25
80 25 50
80 25 75
80 25 100
5
80 50 0
80 50 25
80 50 50
80 50 75
80 50 100
5
80 75 0
80 75 25
80 75 50
80 75 75
80 75 100
5
80 100 0
80 100 25
80 100 50
80 100 75
80 100 100
5
81 0 0
81 0 25
81 0 50
81 0 75
81 0 100
5
81 25 0
81 25 25
81 25 50
81 25 75
81 25 100
5
81 50 0
81 50 25
81 50 50
81 50 75
81 50 100
5
81 75 0
81 75 25
81 75 50
81 75 75
81 75 100
5
81 100 0
81 100 25
81 100 50
81 100 75
81 100 100
5
82 0 0
82 0 25
82 0 50
82 0 75
82 0 100
5
82 25 0
82 25 25
82 25 50
82 25 75
82 25 100
5
82 50 0
82 50 25
82 50 50
82 50 75
82 50 100
5
82 75 0
82 75 25
82 75 50
82 75 75
82 75 100
5
82 100 0
82 100 25
82 100 50
82 100 75
82 100 100
5
83 0 0
83 0 25
83 0 50
83 0 75
83 0 100
5
83 25 0
83 25 25
83 25 50
83 25 75
83 25 100
5
83 50 0
83 50 25
83 50 50
83 50 75
83 50 100
5
83 75 0
83 75 25
83 75 50
83 75 75
83 75 100
5
83 100 0
83 100 25
83 100 50
83 100 75
83 100 100
5
84 0 0
84 0 25
84 0 50
84 0 75
84 0 100
5
84 25 0
84 25 25
84 25 50
84 25 75
84 25 100
5
84 50 0
84 50 25
84 50 50
84 50 75
84 50 100
5
84 75 0
84 75 25
84 75 50
84 75 75
84 75 100
5
84 100 0
84 100 25
84 100 50
84 100 75
84 100 100
5
85 0 0
85 0 25
85 0 50
85 0 75
85 0 100
5
85 25 0
85 25 25
85 25 50
85 25 75
85 25 100
5
85 50 0
85 50 25
85 50 50
85 50 75
85 50 100
5
85 75 0
85 75 25
85 75 50
85 75 75
85 75 100
5
85 100 0
85 100 25
85 100 50
85 100 75
85 100 100
5
86 0 0
86 0 25
86 0 50
86 0 75
86 0 100
5
86 25 0
86 25 25
86 25 50
86 25 75
86 25 100
5
86 50 0
86 50 25
86 50 50
86 50 75
86 50 100
5
86 75 0
86 75 25
86 75 50
86 75 75
86 75 100
5
86 100 0
86 100 25
86 100 50
86 100 75
86 100 100
5
87 0 0
87 0 25
87 0 50
87 0 75
87 0 100
5
87 25 0
87 25 25
87 25 50
87 25 75
87 25 100
5
87 50 0
87 50 25
87 50 50
87 50 75
87 50 100
5
87 75 0
87 75 25
87 75 50
87 75 75
87 75 100
5
87 100 0
87 100 25
87 100 50
87 100 75
87 100 100
5
88 0 0
88 0 25
88 0 50
88 0 75
88 0 100
5
88 25 0
88 25 25
88 25 50
88 25 75
88 25 100
5
88 50 0
88 50 25
88 50 50
88 50 75
88 50 100
5
88 75 0
88 75 25
88 75 50
88 75 75
88 75 100
5
88 100 0
88 100 25
88 100 50
88 100 75
88 100 100
5
89 0 0
89 0 25
89 0 50
89 0 75
89 0 100
5
89 25 0
89 25 25
89 25 50
89 25 75
89 25 100
5
89 50 0
89 50 25
89 50 50
89 50 75
89 50 100
5
89 75 0
89 75 25
89 75 50
89 75 75
89 75 100
5
89 100 0
89 100 25
89 100 50
89 100 75
89 100 100
5
90 0 0
90 0 25
90 0 50
90 0 75
90 0 100
5
90 25 0
90 25 25
90 25 50
90 25 75
90 25 100
5
90 50 0
90 50 25
90 50 50
90 50 75
90 50 100
5
90 75 0
90 75 25
90 75 50
90 75 75
90 75 100
5
90 100 0
90 100 25
90 100 50
90 100 75
90 100 100
5
91 0 0
91 0 25
91 0 50
91 0 75
91 0 100
5
91 25 0
91 25 25
91 25 50
91 25 75
91 25 100
5
91 50 0
91 50 25
91 50 50
91 50 75
91 50 100
5
91 75 0
91 75 25
91 75 50
91 75 75
91 75 100
5
91 100 0
91 100 25
91 100 50
91 100 75
91 100 100
5
92 0 0
92 0 25
92 0 50
92 0 75
92 0 100
5
92 25 0
92 25 25
92 25 50
92 25 75
92 25 100
5
92 50 0
92 50 25
92 50 50
92 50 75
92 50 100
5
92 75 0
92 75 25
92 75 50
92 75 75
92 75 100
5
92 100 0
92 100 25
92 100 50
92 100 75
92 100 100
5
93 0 0
93 0 25
93 0 50
93 0 75
93 0 100
5
93 25 0
93 25 25
93 25 50
93 25 75
93 25 100
5
93 50 0
93 50 25
93 50 50
93 50 75
93 50 100
5
93 75 0
93 75 25
93 75 50
93 75 75
93 75 100
5
93 100 0
93 100 25
93 100 50
93 100 75
93 100 100
5
94 0 0
94 0 25
94 0 50
94 0 75
94 0 100
5
94 25 0
94 25 25
94 25 50
94 25 75
94 25 100
5
94 50 0
94 50 25
94 50 50
94 50 75
94 50 100
5
94 75 0
94 75 25
94 75 50
94 75 75
94 75 100
5
94 100 0
94 100 25
94 100 50
94 100 75
94 100 100
5
95 0 0
95 0 25
95 0 50
95 0 75
95 0 100
5
95 25 0
95 25 25
95 25 50
95 25 75
95 25 100
5
95 50 0
95 50 25
95 50 50
95 50 75
95 50 100
5
95 75 0
95 75 25
95 75 50
95 75 75
95 75 100
5
95 100 0
95 100 25
95 100 50
95 100 75
95 100 100
5
96 0 0
96 0 25
96 0 50
96 0 75
96 0 100
5
96 25 0
96 25 25
96 25 50
96 25 75
96 25 100
5
96 50 0
96 50 25
96 50 50
96 50 75
96 50 100
5
96 75 0
96 75 25
96 75 50
96 75 75
96 75 100
5
96 100 0
96 100 25
96 100 50
96 100 75
96 100 100
5
97 0 0
97 0 25
97 0 50
97 0 75
97 0 100
5
97 25 0
97 25 25
97 25 50
97 25 75
97 25 100
5
97 50 0
97 50 25
97 50 50
97 50 75
97 50 100
5
97 75 0
97 75 25
97 75 50
97 75 75
97 75 100
5
97 100 0
97 100 25
97 100 50
97 100 75
97 100 100
5
98 0 0
98 0 25
98 0 50
98 0 75
98 0 100
5
98 25 0
98 25 25
98 25 50
98 25 75
98 25 100
5
98 50 0
98 50 25
98 50 50
98 50 75
98 50 100
5
98 75 0
98 75 25
98 75 50
98 75 75
98 75 100
5
98 100 0
98 100 25
98 100 50
98 100 75
98 100 100
5
99 0 0
99 0 25
99 0 50
99 0 75
99 0 100
5
99 25 0
99 25 25
99 25 50
99 25 75
99 25 100
5
99 50 0
99 50 25
99 50 50
99 50 75
99 50 100
5
99 75 0
99 75 25
99 75 50
99 75 75
99 75 100
5
99 100 0
99 100 25
99 100 50
99 100 75
99 100 100
5
100 0 0
100 0 25
100 0 50
100 0 75
100 0 100
5
100 25 0
100 25 25
100 25 50
100 25 75
100 25 100
5
100 50 0
100 50 25
100 50 50
100 50 75
100 50 100
5
100 75 0
100 75 25
100 75 50
100 75 75
100 75 100
5
100 100 0
100 100 25
100 100 50
100 100 75
100 100 100
0
