3
2 3
3 6
1 2
3
2 3
3 5
1 2
1
2 3
1
2 2
1
2 1
3
2 3
3 6
1 2
3
2 3
3 5
1 2
12
4 45
4 48
5 25
2 49
5 36
2 31
7 9
5 39
4 13
6 17
4 29
1 19
12
4 45
4 48
5 25
2 49
5 36
2 31
7 9
5 39
5 13
6 17
4 29
1 19
5
4 10
2 6
1 7
2 3
2 12
5
4 4
2 6
1 7
2 3
2 12
8
1 8
1 7
1 6
1 5
1 4
1 3
1 2
1 1
8
1 8
1 7
1 6
1 5
2 4
1 3
1 2
1 1
2
3 5
3 5
2
3 4
3 4
2
3 3
3 5
2
3 3
3 6
5
1 365
2 365
3 365
4 365
5 365
5
1 365
2 365
3 365
4 365
100 365
5
3 365
62 365
100 365
100 365
100 365
5
3 365
63 365
100 365
100 365
100 365
25
1 1
1 2
1 3
1 4
1 5
1 6
1 7
1 8
1 9
1 10
1 11
1 12
1 13
1 14
1 15
1 16
1 17
1 18
1 19
1 20
1 21
1 22
1 23
1 24
1 25
25
1 1
1 2
1 3
1 4
1 5
1 6
1 7
1 8
1 9
1 10
1 11
1 12
1 13
1 14
1 15
1 16
2 17
1 18
1 19
1 20
1 21
1 22
1 23
1 24
1 25
25
1 1
1 2
1 3
1 4
1 5
1 6
1 7
1 8
1 9
1 10
1 11
1 12
1 13
1 14
1 15
1 16
1 17
1 18
1 19
1 20
1 21
2 22
1 23
1 24
1 25
25
2 1
1 2
1 3
1 4
1 5
1 6
1 7
1 8
1 9
1 10
1 11
1 12
1 13
1 14
1 15
1 16
1 17
1 18
1 19
1 20
1 21
1 22
1 23
1 24
1 25
25
1 1
1 2
1 3
1 4
1 5
1 6
1 7
1 8
1 9
1 10
1 11
1 12
1 13
1 14
1 15
1 16
1 17
1 18
1 19
1 20
1 21
1 22
1 23
1 24
2 25
25
1 1
1 2
1 3
1 4
1 5
1 6
1 7
1 8
1 9
1 10
1 11
1 12
1 13
1 14
1 15
1 16
1 17
1 18
1 19
1 20
1 21
1 22
1 23
1 24
2 26
5
10 5
10 6
10 7
10 8
10 9
10
19 94
16 285
8 111
20 78
7 196
8 201
1 348
4 193
4 337
7 21
10
19 30
12 111
15 83
6 287
17 226
6 312
3 2
8 99
14 14
17 9
10
9 160
4 53
7 51
4 141
15 82
1 49
4 252
19 318
8 330
6 265
10
4 283
15 187
20 106
18 232
7 341
11 214
17 90
3 322
6 8
15 269
10
3 227
17 313
20 296
2 315
2 224
6 320
5 153
14 175
20 34
2 248
10
12 106
18 66
16 194
14 218
15 98
9 251
15 285
11 185
11 360
10 200
10
3 216
18 162
11 149
20 279
6 282
3 41
1 322
6 44
1 100
5 351
10
16 361
6 73
12 302
18 92
18 63
8 59
10 211
17 229
2 45
18 133
10
8 71
19 209
12 326
7 218
9 336
7 222
8 269
18 79
9 112
4 79
10
5 286
6 328
20 267
17 181
19 111
6 63
10 224
12 241
7 349
17 273
10
11 131
10 38
1 199
9 235
18 73
15 162
3 247
5 312
16 238
17 47
10
6 70
17 10
12 256
4 332
14 47
7 248
15 315
5 352
15 289
10 99
10
16 331
1 344
16 56
13 43
11 122
9 175
10 147
3 269
7 230
1 279
10
8 345
11 137
14 82
4 240
2 129
7 315
10 118
8 230
13 336
11 225
10
16 109
12 173
3 12
16 5
3 351
13 238
14 125
3 293
16 227
10 198
10
20 202
15 49
5 268
10 148
13 51
17 121
20 147
8 348
18 227
8 186
10
3 264
10 321
14 253
13 316
4 247
17 353
2 53
1 235
16 311
1 25
10
5 161
4 32
10 6
4 270
6 39
15 307
3 134
13 279
11 296
7 145
10
6 156
11 62
6 96
14 14
12 309
10 126
12 307
15 258
14 336
19 204
10
16 328
13 189
20 288
3 177
15 354
3 54
2 144
10 132
3 205
19 281
20
4 136
13 339
10 295
16 331
9 119
18 21
3 298
6 16
1 102
6 75
2 307
15 312
6 189
16 253
18 22
18 105
20 151
18 159
20 95
18 138
20
2 325
10 303
16 57
14 288
11 232
11 12
9 219
20 46
7 65
2 74
7 105
8 358
1 191
17 163
6 206
17 271
10 257
13 167
18 230
13 48
20
5 26
10 349
3 283
18 214
3 64
13 338
20 61
5 60
6 206
6 155
2 181
20 192
12 112
16 140
1 136
2 129
12 73
11 357
8 138
18 257
20
1 268
11 291
7 15
18 34
4 330
13 307
3 102
5 87
5 240
19 27
18 346
3 238
7 40
6 358
13 320
2 350
18 215
5 270
8 265
1 345
20
6 138
2 10
18 215
11 105
8 59
14 300
8 155
6 77
6 115
18 294
2 53
7 282
6 307
19 195
2 173
15 312
13 66
5 109
6 186
13 13
20
6 240
13 351
16 88
13 47
18 278
13 90
9 185
1 157
7 14
13 346
18 342
20 325
4 2
6 335
8 217
4 293
2 163
8 263
5 106
18 151
20
18 309
14 361
9 253
19 87
3 76
3 254
6 96
7 26
15 347
20 30
18 303
9 298
8 84
3 93
4 330
2 23
3 145
16 248
19 340
3 135
20
10 287
13 151
9 3
18 111
15 199
5 315
16 213
2 91
5 67
14 240
20 319
2 360
12 249
5 351
2 302
4 2
11 228
7 243
1 48
4 178
20
8 296
4 129
17 277
12 78
4 317
9 2
9 141
12 6
10 149
19 109
3 171
10 68
15 16
20 348
10 34
1 161
5 57
8 198
9 229
19 272
20
10 125
20 93
20 48
1 345
4 257
8 67
16 131
4 348
13 294
14 275
8 264
12 328
10 150
14 139
1 332
3 321
10 23
6 117
5 49
5 188
20
2 49
18 13
13 155
20 99
1 26
4 159
13 136
3 213
12 332
15 252
12 274
5 180
8 335
9 24
7 350
12 119
13 273
11 63
9 33
20 16
20
8 184
9 118
10 274
12 34
18 141
17 120
6 283
2 170
1 101
7 104
2 205
2 20
1 362
9 320
20 51
18 21
5 45
11 245
13 20
13 4
20
16 359
5 5
5 12
13 215
5 338
18 250
15 125
7 61
8 267
1 125
15 304
4 40
9 171
20 255
9 320
16 302
11 117
19 160
18 355
9 230
20
3 25
16 357
1 47
7 67
9 112
3 278
1 320
7 334
19 160
17 186
15 109
2 1
7 159
15 88
19 194
14 85
11 126
15 270
12 65
14 177
20
9 177
19 70
7 144
4 38
3 159
7 83
7 295
20 333
15 309
6 343
7 16
4 9
18 321
5 185
9 80
19 152
14 171
1 238
16 350
5 93
20
6 93
20 294
15 110
8 306
7 160
10 22
7 113
6 197
7 74
11 285
12 153
12 108
16 328
17 57
20 220
15 331
20 64
17 86
13 70
15 27
20
12 219
15 4
11 194
6 111
3 89
1 348
12 115
11 113
14 306
15 201
8 261
10 180
19 301
18 140
13 92
17 293
5 41
19 74
9 149
2 252
20
17 159
7 151
17 354
10 234
16 304
19 260
12 89
14 151
10 145
3 32
2 274
2 48
15 68
13 328
11 8
16 43
1 231
9 153
16 303
7 136
20
3 298
1 147
19 161
19 5
14 151
8 37
9 118
14 55
13 192
1 138
5 330
14 301
20 37
15 84
8 296
8 203
11 64
8 117
17 47
17 197
20
2 319
1 40
16 51
1 311
3 87
6 295
10 15
2 38
18 201
13 361
5 79
15 50
10 271
2 59
11 161
12 84
3 86
14 285
2 258
14 60
25
18 315
18 108
18 308
18 38
5 56
3 296
20 307
13 14
6 286
14 173
8 22
11 66
3 134
7 236
17 21
7 1
6 135
20 337
14 55
15 340
8 180
17 272
9 316
11 43
11 361
25
7 290
17 14
8 195
10 205
8 88
1 218
3 51
14 71
11 249
2 102
1 241
16 227
6 274
7 362
19 52
4 192
14 215
5 318
10 94
15 218
12 10
14 64
17 126
2 75
12 185
25
16 344
16 97
7 352
12 282
6 94
10 306
2 343
8 96
12 188
16 124
6 225
13 133
6 51
7 125
11 247
20 93
11 109
8 239
13 171
10 239
3 78
20 325
12 102
7 61
15 126
25
4 241
20 110
13 222
10 71
3 257
16 132
17 272
12 341
5 264
17 169
15 62
1 292
1 316
10 354
4 209
5 71
12 12
8 246
18 361
4 200
11 10
17 157
4 267
13 333
3 92
25
4 264
1 27
17 159
1 109
9 334
8 241
11 115
14 98
7 91
14 258
11 287
1 303
7 169
5 322
2 263
10 362
16 170
6 9
2 339
11 249
20 162
5 233
20 146
8 19
8 347
25
19 336
20 363
18 190
14 199
1 296
18 85
6 219
20 126
15 237
17 213
5 147
16 114
16 200
13 204
11 6
19 57
19 248
3 232
19 184
5 48
18 30
1 306
3 255
17 172
9 159
25
1 31
6 301
4 267
1 163
1 150
11 277
9 257
15 6
18 246
18 28
12 57
1 80
4 106
20 302
6 132
6 335
2 223
6 88
20 123
20 105
9 335
16 293
6 296
15 313
3 157
25
4 180
4 359
5 222
14 306
19 183
16 3
7 180
17 260
12 308
1 80
5 348
8 203
11 209
5 72
11 42
2 274
5 349
12 149
20 235
16 56
18 47
13 275
4 183
9 154
10 296
25
3 317
7 114
2 70
2 183
18 339
4 221
18 312
17 211
5 235
13 236
5 118
15 25
5 190
17 99
3 77
18 93
5 86
12 48
16 48
13 328
10 232
16 21
8 154
4 161
14 141
25
12 312
14 319
20 226
3 195
10 361
18 354
9 62
19 276
3 53
17 62
18 20
20 103
11 83
6 219
14 200
15 268
8 153
14 291
7 14
3 199
7 313
7 20
20 205
6 77
8 346
25
6 171
12 50
4 113
15 251
15 320
19 304
17 86
11 184
17 183
14 169
10 248
4 355
5 74
1 124
13 319
18 71
2 239
7 119
7 212
11 24
13 118
2 60
12 317
16 56
20 309
25
6 22
19 200
4 130
20 231
1 119
4 165
7 139
10 306
11 258
17 162
7 316
4 114
17 141
2 24
10 131
10 39
15 306
15 65
17 7
9 4
16 120
8 35
9 351
9 184
7 97
25
5 218
19 180
4 263
11 79
14 247
2 18
4 8
9 289
5 21
10 310
16 146
14 21
17 141
5 131
11 217
1 354
7 104
6 135
7 317
15 141
1 7
5 41
13 276
12 306
2 20
25
10 266
20 130
11 67
10 116
4 323
13 174
3 261
12 24
18 303
10 172
19 176
18 290
5 124
10 327
20 322
9 200
19 160
13 299
11 105
19 126
8 310
3 6
19 128
11 22
5 37
25
7 273
17 40
14 66
7 170
18 178
13 245
18 107
15 264
4 65
10 332
13 141
10 169
3 149
15 229
1 275
17 149
5 106
10 269
3 294
12 79
14 3
7 362
10 191
12 78
20 100
25
20 192
7 268
10 312
8 147
4 96
1 22
4 314
1 57
19 306
1 254
14 57
13 132
2 170
20 326
12 197
17 144
17 205
10 59
4 54
19 37
11 323
19 139
3 213
19 297
10 276
25
14 127
14 326
15 340
2 281
9 175
16 89
12 90
1 122
1 331
8 116
6 29
18 36
20 186
7 193
1 90
4 302
1 247
4 323
5 167
2 143
20 303
13 296
5 345
15 60
5 202
25
6 137
1 133
6 144
4 252
18 244
13 276
9 113
4 24
4 223
2 82
20 311
6 328
13 236
15 45
17 86
1 82
14 79
15 136
7 90
2 231
5 332
3 76
1 141
7 97
17 143
25
19 299
14 210
10 44
5 38
6 282
1 261
1 146
12 236
8 2
1 23
2 169
12 18
10 293
20 74
6 194
5 203
7 152
6 331
1 118
5 173
15 132
13 265
10 22
8 173
1 204
25
8 51
1 257
19 305
3 87
6 287
7 199
3 131
10 192
2 67
9 274
13 3
17 288
15 102
7 215
9 153
9 296
4 282
14 147
2 2
4 226
7 65
11 152
15 354
1 39
16 218
0

