1
2 3
1
2 2
1
2 1
3
2 3
3 6
1 2
3
2 3
3 5
1 2
12
4 45
4 48
5 25
2 49
5 36
2 31
7 9
5 39
4 13
6 17
4 29
1 19
12
4 45
4 48
5 25
2 49
5 36
2 31
7 9
5 39
5 13
6 17
4 29
1 19
5
4 10
2 6
1 7
2 3
2 12
5
4 4
2 6
1 7
2 3
2 12
8
1 8
1 7
1 6
1 5
1 4
1 3
1 2
1 1
8
1 8
1 7
1 6
1 5
2 4
1 3
1 2
1 1
2
3 5
3 5
2
3 4
3 4
2
3 3
3 5
2
3 3
3 6
5
1 365
2 365
3 365
4 365
5 365
5
1 365
2 365
3 365
4 365
100 365
5
3 365
62 365
100 365
100 365
100 365
5
3 365
63 365
100 365
100 365
100 365
25
1 1
1 2
1 3
1 4
1 5
1 6
1 7
1 8
1 9
1 10
1 11
1 12
1 13
1 14
1 15
1 16
1 17
1 18
1 19
1 20
1 21
1 22
1 23
1 24
1 25
25
1 1
1 2
1 3
1 4
1 5
1 6
1 7
1 8
1 9
1 10
1 11
1 12
1 13
1 14
1 15
1 16
2 17
1 18
1 19
1 20
1 21
1 22
1 23
1 24
1 25
25
1 1
1 2
1 3
1 4
1 5
1 6
1 7
1 8
1 9
1 10
1 11
1 12
1 13
1 14
1 15
1 16
1 17
1 18
1 19
1 20
1 21
2 22
1 23
1 24
1 25
25
2 1
1 2
1 3
1 4
1 5
1 6
1 7
1 8
1 9
1 10
1 11
1 12
1 13
1 14
1 15
1 16
1 17
1 18
1 19
1 20
1 21
1 22
1 23
1 24
1 25
25
1 1
1 2
1 3
1 4
1 5
1 6
1 7
1 8
1 9
1 10
1 11
1 12
1 13
1 14
1 15
1 16
1 17
1 18
1 19
1 20
1 21
1 22
1 23
1 24
2 25
25
1 1
1 2
1 3
1 4
1 5
1 6
1 7
1 8
1 9
1 10
1 11
1 12
1 13
1 14
1 15
1 16
1 17
1 18
1 19
1 20
1 21
1 22
1 23
1 24
2 26
5
10 5
10 6
10 7
10 8
10 9
0
