-3 -2 9 6
3 -2 7 6
-1 0 5 0
2 2 -1 -1
0 1 2 1
-3 -1 3 1
5 3 4 4
6 3 5 4
7 3 6 4
-3 3 -3 -2
-4 -1 1 4
2 2 -4 4
3 -2 3 -5
2 -3 5 -3
2 -4 4 -2
0 0 2 2
3 3 8 8
0 2 10 2
2 3 -2 7
-2 5 4 9
1 5 1 7
4 8 -20 8
-5 0 -8 12
-1 9 -7 3
-1000 0 1000 0
0 1000 0 -1000
1 2 -2 -1
-300 -200 900 600
500 -200 700 600
-100 0 1000 0
-800 1000 -800 -1000
-1000 0 1000 0
-1000 900 1000 -100
-800 1000 -800 -1000
-1000 -500 1000 0
-1000 900 1000 -100
-800 1000 -900 -1000
-1000 -500 1000 0
-1000 900 1000 -100
-999 1000 -999 -1000
-1000 999 1000 -1
-1000 -999 1000 1
-999 1000 -920 -1000
-1000 999 1000 -1
-1000 -999 1000 1
-1000 -955 1000 -955
-1 1000 1000 -999
10 1000 -1000 -1000
-1000 -957 1000 -955
-1 1000 1000 -999
8 998 -1000 -1000
-1000 -955 1000 -954
-1 1000 1000 -999
10 1000 -1000 -1000
-1000 -955 1000 -954
-127 1000 1000 -999
10 1000 -176 -1000
-1000 -955 1000 -954
-127 1000 1000 -999
10 1000 -175 -1000
-1000 -955 1000 -954
-127 1000 1000 -999
10 1000 465 -1000
-1000 -955 1000 -954
-150 1000 1000 -999
10 1000 803 -1000
-1000 -955 1000 -954
-150 1000 1000 -999
10 1000 804 -1000
-1000 -955 1000 -954
-150 1000 1000 -999
10 1000 904 -1000
0 0 0 0
