TestVanErik
1 1
0 2 3 0 3 0 3 0 0 2 0 0
Test2
3 3
2 2 4 4 6 7 0 0
EchteTest
2 1
1 3 1 1 2 3 3 1 3 3 0 0
EchteTest2
5 2
1 1 10 1 9 3 9 1 8 3 7 1 6 3 5 1 4 2 3 1 2 3 2 1 1 2 0 0
NogEenTest
20 6
15 3 12 5 16 6 13 7 17 9 10 14 12 8 7 9 11 8 9 6 12 1 0 0
NogEenTest
20 10
15 3 12 5 16 6 13 7 17 9 10 14 12 8 7 9 11 8 9 6 12 1 0 0
NogEenTest
9 10
15 3 12 5 16 6 13 7 17 9 10 14 12 8 7 9 11 8 9 6 12 1 0 0
NogEenTest
1 12
15 3 12 5 16 6 13 7 17 9 10 14 12 8 7 9 11 8 9 6 12 1 0 0
NogEenTest
1 15
15 3 12 5 16 6 13 7 17 9 10 14 12 8 7 9 11 8 9 6 12 1 0 0
# 