3
1 3 2 3
0 3 2 3
1 3 0 3
3
1 1 2 3
0 1 2 3
0 3 1 3
3
1 1 2 2
0 1 2 3
0 2 1 3
18
1 2 2 1
0 2 3 1
0 1 3 2
2 2 1 1
5 2 8 2
4 2 6 2
5 2 7 3
6 3 8 3
4 2 7 3
10 1 11 100
9 1 11 3
9 100 10 3
13 1 17 5
12 1 14 5
13 5 15 5
14 5 16 1
15 1 17 5
12 5 16 5
14
5 10 9 2
7 7 12 7
6 1 11 2
10 3 9 10
6 3
13 9
10 5
0 10
4 3 2 1
1 7 12 7
13 3 11 9
3 10 0 2
5 5 3 3
8 9 2 2
7 7 1 7
4 9 8 3
55
1 1 7 1
0 1 2 1
1 1 3 1
2 1 4 1
3 1 5 1
6 1 4 1
5 1 7 1
0 1 6 1
9 5 11 5
8 5 10 5
9 5 11 5
10 5 8 5
13 23 18 1000
12 23 14 2
13 2 15 93
14 93 16 21
15 21 17 7
16 7 18 1000
12 1000 17 1000
20 102 22 102
19 102 21 102
20 102 22 101
19 102 21 101
24 21 29 8
23 21 25 23
24 23 26 13
25 13 27 23
26 23 28 7
27 7 29 7
23 8 28 7
31 19 36 18
30 19 32 18
31 18 33 19
32 19 34 18
33 18 35 19
34 19 36 17
35 17 30 18
38 2 39 1
37 2 40 1
37 1 40 2
38 1 39 2
42 2 43 1
41 2 43 2
42 2 41 1
45 100 48 100
44 100 46 1
45 1 47 1
46 1 48 1
47 1 44 100
50 1 51 1
49 1 51 1
49 1 50 1
53 1 54 1
52 1 54 1
52 1 53 1
0
