1000
1 2 99 1
2 2 0 2
3 2 1 2
4 2 2 2
5 2 3 2
6 2 4 2
7 2 5 2
8 2 6 2
9 2 7 2
10 2 8 2
11 2 9 2
12 2 10 2
13 2 11 2
14 2 12 2
15 2 13 2
16 2 14 2
17 2 15 2
18 2 16 2
19 2 17 2
20 2 18 2
21 2 19 2
22 2 20 2
23 2 21 2
24 2 22 2
25 2 23 2
26 2 24 2
27 2 25 2
28 2 26 2
29 2 27 2
30 2 28 2
31 2 29 2
32 2 30 2
33 2 31 2
34 2 32 2
35 2 33 2
36 2 34 2
37 2 35 2
38 2 36 2
39 2 37 2
40 2 38 2
41 2 39 2
42 2 40 2
43 2 41 2
44 2 42 2
45 2 43 2
46 2 44 2
47 2 45 2
48 2 46 2
49 2 47 2
50 2 48 2
51 2 49 2
52 2 50 2
53 2 51 2
54 2 52 2
55 2 53 2
56 2 54 2
57 2 55 2
58 2 56 2
59 2 57 2
60 2 58 2
61 2 59 2
62 2 60 2
63 2 61 2
64 2 62 2
65 2 63 2
66 2 64 2
67 2 65 2
68 2 66 2
69 2 67 2
70 2 68 2
71 2 69 2
72 2 70 2
73 2 71 2
74 2 72 2
75 2 73 2
76 2 74 2
77 2 75 2
78 2 76 2
79 2 77 2
80 2 78 2
81 2 79 2
82 2 80 2
83 2 81 2
84 2 82 2
85 2 83 2
86 2 84 2
87 2 85 2
88 2 86 2
89 2 87 2
90 2 88 2
91 2 89 2
92 2 90 2
93 2 91 2
94 2 92 2
95 2 93 2
96 2 94 2
97 2 95 2
98 2 96 2
99 2 97 2
0 1 98 2
101 2 199 1
102 2 100 2
103 2 101 2
104 2 102 2
105 2 103 2
106 2 104 2
107 2 105 2
108 2 106 2
109 2 107 2
110 2 108 2
111 2 109 2
112 2 110 2
113 2 111 2
114 2 112 2
115 2 113 2
116 2 114 2
117 2 115 2
118 2 116 2
119 2 117 2
120 2 118 2
121 2 119 2
122 2 120 2
123 2 121 2
124 2 122 2
125 2 123 2
126 2 124 2
127 2 125 2
128 2 126 2
129 2 127 2
130 2 128 2
131 2 129 2
132 2 130 2
133 2 131 2
134 2 132 2
135 2 133 2
136 2 134 2
137 2 135 2
138 2 136 2
139 2 137 2
140 2 138 2
141 2 139 2
142 2 140 2
143 2 141 2
144 2 142 2
145 2 143 2
146 2 144 2
147 2 145 2
148 2 146 2
149 2 147 2
150 2 148 2
151 2 149 2
152 2 150 2
153 2 151 2
154 2 152 2
155 2 153 2
156 2 154 2
157 2 155 2
158 2 156 2
159 2 157 2
160 2 158 2
161 2 159 2
162 2 160 2
163 2 161 2
164 2 162 2
165 2 163 2
166 2 164 2
167 2 165 2
168 2 166 2
169 2 167 2
170 2 168 2
171 2 169 2
172 2 170 2
173 2 171 2
174 2 172 2
175 2 173 2
176 2 174 2
177 2 175 2
178 2 176 2
179 2 177 2
180 2 178 2
181 2 179 2
182 2 180 2
183 2 181 2
184 2 182 2
185 2 183 2
186 2 184 2
187 2 185 2
188 2 186 2
189 2 187 2
190 2 188 2
191 2 189 2
192 2 190 2
193 2 191 2
194 2 192 2
195 2 193 2
196 2 194 2
197 2 195 2
198 2 196 2
199 2 197 2
100 1 198 2
201 2 299 1
202 2 200 2
203 2 201 2
204 2 202 2
205 2 203 2
206 2 204 2
207 2 205 2
208 2 206 2
209 2 207 2
210 2 208 2
211 2 209 2
212 2 210 2
213 2 211 2
214 2 212 2
215 2 213 2
216 2 214 2
217 2 215 2
218 2 216 2
219 2 217 2
220 2 218 2
221 2 219 2
222 2 220 2
223 2 221 2
224 2 222 2
225 2 223 2
226 2 224 2
227 2 225 2
228 2 226 2
229 2 227 2
230 2 228 2
231 2 229 2
232 2 230 2
233 2 231 2
234 2 232 2
235 2 233 2
236 2 234 2
237 2 235 2
238 2 236 2
239 2 237 2
240 2 238 2
241 2 239 2
242 2 240 2
243 2 241 2
244 2 242 2
245 2 243 2
246 2 244 2
247 2 245 2
248 2 246 2
249 2 247 2
250 2 248 2
251 2 249 2
252 2 250 2
253 2 251 2
254 2 252 2
255 2 253 2
256 2 254 2
257 2 255 2
258 2 256 2
259 2 257 2
260 2 258 2
261 2 259 2
262 2 260 2
263 2 261 2
264 2 262 2
265 2 263 2
266 2 264 2
267 2 265 2
268 2 266 2
269 2 267 2
270 2 268 2
271 2 269 2
272 2 270 2
273 2 271 2
274 2 272 2
275 2 273 2
276 2 274 2
277 2 275 2
278 2 276 2
279 2 277 2
280 2 278 2
281 2 279 2
282 2 280 2
283 2 281 2
284 2 282 2
285 2 283 2
286 2 284 2
287 2 285 2
288 2 286 2
289 2 287 2
290 2 288 2
291 2 289 2
292 2 290 2
293 2 291 2
294 2 292 2
295 2 293 2
296 2 294 2
297 2 295 2
298 2 296 2
299 2 297 2
200 1 298 2
301 2 399 1
302 2 300 2
303 2 301 2
304 2 302 2
305 2 303 2
306 2 304 2
307 2 305 2
308 2 306 2
309 2 307 2
310 2 308 2
311 2 309 2
312 2 310 2
313 2 311 2
314 2 312 2
315 2 313 2
316 2 314 2
317 2 315 2
318 2 316 2
319 2 317 2
320 2 318 2
321 2 319 2
322 2 320 2
323 2 321 2
324 2 322 2
325 2 323 2
326 2 324 2
327 2 325 2
328 2 326 2
329 2 327 2
330 2 328 2
331 2 329 2
332 2 330 2
333 2 331 2
334 2 332 2
335 2 333 2
336 2 334 2
337 2 335 2
338 2 336 2
339 2 337 2
340 2 338 2
341 2 339 2
342 2 340 2
343 2 341 2
344 2 342 2
345 2 343 2
346 2 344 2
347 2 345 2
348 2 346 2
349 2 347 2
350 2 348 2
351 2 349 2
352 2 350 2
353 2 351 2
354 2 352 2
355 2 353 2
356 2 354 2
357 2 355 2
358 2 356 2
359 2 357 2
360 2 358 2
361 2 359 2
362 2 360 2
363 2 361 2
364 2 362 2
365 2 363 2
366 2 364 2
367 2 365 2
368 2 366 2
369 2 367 2
370 2 368 2
371 2 369 2
372 2 370 2
373 2 371 2
374 2 372 2
375 2 373 2
376 2 374 2
377 2 375 2
378 2 376 2
379 2 377 2
380 2 378 2
381 2 379 2
382 2 380 2
383 2 381 2
384 2 382 2
385 2 383 2
386 2 384 2
387 2 385 2
388 2 386 2
389 2 387 2
390 2 388 2
391 2 389 2
392 2 390 2
393 2 391 2
394 2 392 2
395 2 393 2
396 2 394 2
397 2 395 2
398 2 396 2
399 2 397 2
300 1 398 2
401 2 499 1
402 2 400 2
403 2 401 2
404 2 402 2
405 2 403 2
406 2 404 2
407 2 405 2
408 2 406 2
409 2 407 2
410 2 408 2
411 2 409 2
412 2 410 2
413 2 411 2
414 2 412 2
415 2 413 2
416 2 414 2
417 2 415 2
418 2 416 2
419 2 417 2
420 2 418 2
421 2 419 2
422 2 420 2
423 2 421 2
424 2 422 2
425 2 423 2
426 2 424 2
427 2 425 2
428 2 426 2
429 2 427 2
430 2 428 2
431 2 429 2
432 2 430 2
433 2 431 2
434 2 432 2
435 2 433 2
436 2 434 2
437 2 435 2
438 2 436 2
439 2 437 2
440 2 438 2
441 2 439 2
442 2 440 2
443 2 441 2
444 2 442 2
445 2 443 2
446 2 444 2
447 2 445 2
448 2 446 2
449 2 447 2
450 2 448 2
451 2 449 2
452 2 450 2
453 2 451 2
454 2 452 2
455 2 453 2
456 2 454 2
457 2 455 2
458 2 456 2
459 2 457 2
460 2 458 2
461 2 459 2
462 2 460 2
463 2 461 2
464 2 462 2
465 2 463 2
466 2 464 2
467 2 465 2
468 2 466 2
469 2 467 2
470 2 468 2
471 2 469 2
472 2 470 2
473 2 471 2
474 2 472 2
475 2 473 2
476 2 474 2
477 2 475 2
478 2 476 2
479 2 477 2
480 2 478 2
481 2 479 2
482 2 480 2
483 2 481 2
484 2 482 2
485 2 483 2
486 2 484 2
487 2 485 2
488 2 486 2
489 2 487 2
490 2 488 2
491 2 489 2
492 2 490 2
493 2 491 2
494 2 492 2
495 2 493 2
496 2 494 2
497 2 495 2
498 2 496 2
499 2 497 2
400 1 498 2
501 2 599 1
502 2 500 2
503 2 501 2
504 2 502 2
505 2 503 2
506 2 504 2
507 2 505 2
508 2 506 2
509 2 507 2
510 2 508 2
511 2 509 2
512 2 510 2
513 2 511 2
514 2 512 2
515 2 513 2
516 2 514 2
517 2 515 2
518 2 516 2
519 2 517 2
520 2 518 2
521 2 519 2
522 2 520 2
523 2 521 2
524 2 522 2
525 2 523 2
526 2 524 2
527 2 525 2
528 2 526 2
529 2 527 2
530 2 528 2
531 2 529 2
532 2 530 2
533 2 531 2
534 2 532 2
535 2 533 2
536 2 534 2
537 2 535 2
538 2 536 2
539 2 537 2
540 2 538 2
541 2 539 2
542 2 540 2
543 2 541 2
544 2 542 2
545 2 543 2
546 2 544 2
547 2 545 2
548 2 546 2
549 2 547 2
550 2 548 2
551 2 549 2
552 2 550 2
553 2 551 2
554 2 552 2
555 2 553 2
556 2 554 2
557 2 555 2
558 2 556 2
559 2 557 2
560 2 558 2
561 2 559 2
562 2 560 2
563 2 561 2
564 2 562 2
565 2 563 2
566 2 564 2
567 2 565 2
568 2 566 2
569 2 567 2
570 2 568 2
571 2 569 2
572 2 570 2
573 2 571 2
574 2 572 2
575 2 573 2
576 2 574 2
577 2 575 2
578 2 576 2
579 2 577 2
580 2 578 2
581 2 579 2
582 2 580 2
583 2 581 2
584 2 582 2
585 2 583 2
586 2 584 2
587 2 585 2
588 2 586 2
589 2 587 2
590 2 588 2
591 2 589 2
592 2 590 2
593 2 591 2
594 2 592 2
595 2 593 2
596 2 594 2
597 2 595 2
598 2 596 2
599 2 597 2
500 1 598 2
601 2 699 1
602 2 600 2
603 2 601 2
604 2 602 2
605 2 603 2
606 2 604 2
607 2 605 2
608 2 606 2
609 2 607 2
610 2 608 2
611 2 609 2
612 2 610 2
613 2 611 2
614 2 612 2
615 2 613 2
616 2 614 2
617 2 615 2
618 2 616 2
619 2 617 2
620 2 618 2
621 2 619 2
622 2 620 2
623 2 621 2
624 2 622 2
625 2 623 2
626 2 624 2
627 2 625 2
628 2 626 2
629 2 627 2
630 2 628 2
631 2 629 2
632 2 630 2
633 2 631 2
634 2 632 2
635 2 633 2
636 2 634 2
637 2 635 2
638 2 636 2
639 2 637 2
640 2 638 2
641 2 639 2
642 2 640 2
643 2 641 2
644 2 642 2
645 2 643 2
646 2 644 2
647 2 645 2
648 2 646 2
649 2 647 2
650 2 648 2
651 2 649 2
652 2 650 2
653 2 651 2
654 2 652 2
655 2 653 2
656 2 654 2
657 2 655 2
658 2 656 2
659 2 657 2
660 2 658 2
661 2 659 2
662 2 660 2
663 2 661 2
664 2 662 2
665 2 663 2
666 2 664 2
667 2 665 2
668 2 666 2
669 2 667 2
670 2 668 2
671 2 669 2
672 2 670 2
673 2 671 2
674 2 672 2
675 2 673 2
676 2 674 2
677 2 675 2
678 2 676 2
679 2 677 2
680 2 678 2
681 2 679 2
682 2 680 2
683 2 681 2
684 2 682 2
685 2 683 2
686 2 684 2
687 2 685 2
688 2 686 2
689 2 687 2
690 2 688 2
691 2 689 2
692 2 690 2
693 2 691 2
694 2 692 2
695 2 693 2
696 2 694 2
697 2 695 2
698 2 696 2
699 2 697 2
600 1 698 2
701 2 799 1
702 2 700 2
703 2 701 2
704 2 702 2
705 2 703 2
706 2 704 2
707 2 705 2
708 2 706 2
709 2 707 2
710 2 708 2
711 2 709 2
712 2 710 2
713 2 711 2
714 2 712 2
715 2 713 2
716 2 714 2
717 2 715 2
718 2 716 2
719 2 717 2
720 2 718 2
721 2 719 2
722 2 720 2
723 2 721 2
724 2 722 2
725 2 723 2
726 2 724 2
727 2 725 2
728 2 726 2
729 2 727 2
730 2 728 2
731 2 729 2
732 2 730 2
733 2 731 2
734 2 732 2
735 2 733 2
736 2 734 2
737 2 735 2
738 2 736 2
739 2 737 2
740 2 738 2
741 2 739 2
742 2 740 2
743 2 741 2
744 2 742 2
745 2 743 2
746 2 744 2
747 2 745 2
748 2 746 2
749 2 747 2
750 2 748 2
751 2 749 2
752 2 750 2
753 2 751 2
754 2 752 2
755 2 753 2
756 2 754 2
757 2 755 2
758 2 756 2
759 2 757 2
760 2 758 2
761 2 759 2
762 2 760 2
763 2 761 2
764 2 762 2
765 2 763 2
766 2 764 2
767 2 765 2
768 2 766 2
769 2 767 2
770 2 768 2
771 2 769 2
772 2 770 2
773 2 771 2
774 2 772 2
775 2 773 2
776 2 774 2
777 2 775 2
778 2 776 2
779 2 777 2
780 2 778 2
781 2 779 2
782 2 780 2
783 2 781 2
784 2 782 2
785 2 783 2
786 2 784 2
787 2 785 2
788 2 786 2
789 2 787 2
790 2 788 2
791 2 789 2
792 2 790 2
793 2 791 2
794 2 792 2
795 2 793 2
796 2 794 2
797 2 795 2
798 2 796 2
799 2 797 2
700 1 798 2
801 2 899 1
802 2 800 2
803 2 801 2
804 2 802 2
805 2 803 2
806 2 804 2
807 2 805 2
808 2 806 2
809 2 807 2
810 2 808 2
811 2 809 2
812 2 810 2
813 2 811 2
814 2 812 2
815 2 813 2
816 2 814 2
817 2 815 2
818 2 816 2
819 2 817 2
820 2 818 2
821 2 819 2
822 2 820 2
823 2 821 2
824 2 822 2
825 2 823 2
826 2 824 2
827 2 825 2
828 2 826 2
829 2 827 2
830 2 828 2
831 2 829 2
832 2 830 2
833 2 831 2
834 2 832 2
835 2 833 2
836 2 834 2
837 2 835 2
838 2 836 2
839 2 837 2
840 2 838 2
841 2 839 2
842 2 840 2
843 2 841 2
844 2 842 2
845 2 843 2
846 2 844 2
847 2 845 2
848 2 846 2
849 2 847 2
850 2 848 2
851 2 849 2
852 2 850 2
853 2 851 2
854 2 852 2
855 2 853 2
856 2 854 2
857 2 855 2
858 2 856 2
859 2 857 2
860 2 858 2
861 2 859 2
862 2 860 2
863 2 861 2
864 2 862 2
865 2 863 2
866 2 864 2
867 2 865 2
868 2 866 2
869 2 867 2
870 2 868 2
871 2 869 2
872 2 870 2
873 2 871 2
874 2 872 2
875 2 873 2
876 2 874 2
877 2 875 2
878 2 876 2
879 2 877 2
880 2 878 2
881 2 879 2
882 2 880 2
883 2 881 2
884 2 882 2
885 2 883 2
886 2 884 2
887 2 885 2
888 2 886 2
889 2 887 2
890 2 888 2
891 2 889 2
892 2 890 2
893 2 891 2
894 2 892 2
895 2 893 2
896 2 894 2
897 2 895 2
898 2 896 2
899 2 897 2
800 1 898 2
901 2 999 1
902 2 900 2
903 2 901 2
904 2 902 2
905 2 903 2
906 2 904 2
907 2 905 2
908 2 906 2
909 2 907 2
910 2 908 2
911 2 909 2
912 2 910 2
913 2 911 2
914 2 912 2
915 2 913 2
916 2 914 2
917 2 915 2
918 2 916 2
919 2 917 2
920 2 918 2
921 2 919 2
922 2 920 2
923 2 921 2
924 2 922 2
925 2 923 2
926 2 924 2
927 2 925 2
928 2 926 2
929 2 927 2
930 2 928 2
931 2 929 2
932 2 930 2
933 2 931 2
934 2 932 2
935 2 933 2
936 2 934 2
937 2 935 2
938 2 936 2
939 2 937 2
940 2 938 2
941 2 939 2
942 2 940 2
943 2 941 2
944 2 942 2
945 2 943 2
946 2 944 2
947 2 945 2
948 2 946 2
949 2 947 2
950 2 948 2
951 2 949 2
952 2 950 2
953 2 951 2
954 2 952 2
955 2 953 2
956 2 954 2
957 2 955 2
958 2 956 2
959 2 957 2
960 2 958 2
961 2 959 2
962 2 960 2
963 2 961 2
964 2 962 2
965 2 963 2
966 2 964 2
967 2 965 2
968 2 966 2
969 2 967 2
970 2 968 2
971 2 969 2
972 2 970 2
973 2 971 2
974 2 972 2
975 2 973 2
976 2 974 2
977 2 975 2
978 2 976 2
979 2 977 2
980 2 978 2
981 2 979 2
982 2 980 2
983 2 981 2
984 2 982 2
985 2 983 2
986 2 984 2
987 2 985 2
988 2 986 2
989 2 987 2
990 2 988 2
991 2 989 2
992 2 990 2
993 2 991 2
994 2 992 2
995 2 993 2
996 2 994 2
997 2 995 2
998 2 996 2
999 2 997 2
900 1 998 2
0
