1000
1 1 99 1
2 1 0 1
3 1 1 1
4 1 2 1
5 1 3 1
6 1 4 1
7 1 5 1
8 1 6 1
9 1 7 1
10 1 8 1
11 1 9 1
12 1 10 1
13 1 11 1
14 1 12 1
15 1 13 1
16 1 14 1
17 1 15 1
18 1 16 1
19 1 17 1
20 1 18 1
21 1 19 1
22 1 20 1
23 1 21 1
24 1 22 1
25 1 23 1
26 1 24 1
27 1 25 1
28 1 26 1
29 1 27 1
30 1 28 1
31 1 29 1
32 1 30 1
33 1 31 1
34 1 32 1
35 1 33 1
36 1 34 1
37 1 35 1
38 1 36 1
39 1 37 1
40 1 38 1
41 1 39 1
42 1 40 1
43 1 41 1
44 1 42 1
45 1 43 1
46 1 44 1
47 1 45 1
48 1 46 1
49 1 47 1
50 1 48 1
51 1 49 1
52 1 50 1
53 1 51 1
54 1 52 1
55 1 53 1
56 1 54 1
57 1 55 1
58 1 56 1
59 1 57 1
60 1 58 1
61 1 59 1
62 1 60 1
63 1 61 1
64 1 62 1
65 1 63 1
66 1 64 1
67 1 65 1
68 1 66 1
69 1 67 1
70 1 68 1
71 1 69 1
72 1 70 1
73 1 71 1
74 1 72 1
75 1 73 1
76 1 74 1
77 1 75 1
78 1 76 1
79 1 77 1
80 1 78 1
81 1 79 1
82 1 80 1
83 1 81 1
84 1 82 1
85 1 83 1
86 1 84 1
87 1 85 1
88 1 86 1
89 1 87 1
90 1 88 1
91 1 89 1
92 1 90 1
93 1 91 1
94 1 92 1
95 1 93 1
96 1 94 1
97 1 95 1
98 1 96 1
99 1 97 1
0 1 98 1
101 1 199 1
102 1 100 1
103 1 101 1
104 1 102 1
105 1 103 1
106 1 104 1
107 1 105 1
108 1 106 1
109 1 107 1
110 1 108 1
111 1 109 1
112 1 110 1
113 1 111 1
114 1 112 1
115 1 113 1
116 1 114 1
117 1 115 1
118 1 116 1
119 1 117 1
120 1 118 1
121 1 119 1
122 1 120 1
123 1 121 1
124 1 122 1
125 1 123 1
126 1 124 1
127 1 125 1
128 1 126 1
129 1 127 1
130 1 128 1
131 1 129 1
132 1 130 1
133 1 131 1
134 1 132 1
135 1 133 1
136 1 134 1
137 1 135 1
138 1 136 1
139 1 137 1
140 1 138 1
141 1 139 1
142 1 140 1
143 1 141 1
144 1 142 1
145 1 143 1
146 1 144 1
147 1 145 1
148 1 146 1
149 1 147 1
150 1 148 1
151 1 149 1
152 1 150 1
153 1 151 1
154 1 152 1
155 1 153 1
156 1 154 1
157 1 155 1
158 1 156 1
159 1 157 1
160 1 158 1
161 1 159 1
162 1 160 1
163 1 161 1
164 1 162 1
165 1 163 1
166 1 164 1
167 1 165 1
168 1 166 1
169 1 167 1
170 1 168 1
171 1 169 1
172 1 170 1
173 1 171 1
174 1 172 1
175 1 173 1
176 1 174 1
177 1 175 1
178 1 176 1
179 1 177 1
180 1 178 1
181 1 179 1
182 1 180 1
183 1 181 1
184 1 182 1
185 1 183 1
186 1 184 1
187 1 185 1
188 1 186 1
189 1 187 1
190 1 188 1
191 1 189 1
192 1 190 1
193 1 191 1
194 1 192 1
195 1 193 1
196 1 194 1
197 1 195 1
198 1 196 1
199 1 197 1
100 1 198 1
201 1 299 1
202 1 200 1
203 1 201 1
204 1 202 1
205 1 203 1
206 1 204 1
207 1 205 1
208 1 206 1
209 1 207 1
210 1 208 1
211 1 209 1
212 1 210 1
213 1 211 1
214 1 212 1
215 1 213 1
216 1 214 1
217 1 215 1
218 1 216 1
219 1 217 1
220 1 218 1
221 1 219 1
222 1 220 1
223 1 221 1
224 1 222 1
225 1 223 1
226 1 224 1
227 1 225 1
228 1 226 1
229 1 227 1
230 1 228 1
231 1 229 1
232 1 230 1
233 1 231 1
234 1 232 1
235 1 233 1
236 1 234 1
237 1 235 1
238 1 236 1
239 1 237 1
240 1 238 1
241 1 239 1
242 1 240 1
243 1 241 1
244 1 242 1
245 1 243 1
246 1 244 1
247 1 245 1
248 1 246 1
249 1 247 1
250 1 248 1
251 1 249 1
252 1 250 1
253 1 251 1
254 1 252 1
255 1 253 1
256 1 254 1
257 1 255 1
258 1 256 1
259 1 257 1
260 1 258 1
261 1 259 1
262 1 260 1
263 1 261 1
264 1 262 1
265 1 263 1
266 1 264 1
267 1 265 1
268 1 266 1
269 1 267 1
270 1 268 1
271 1 269 1
272 1 270 1
273 1 271 1
274 1 272 1
275 1 273 1
276 1 274 1
277 1 275 1
278 1 276 1
279 1 277 1
280 1 278 1
281 1 279 1
282 1 280 1
283 1 281 1
284 1 282 1
285 1 283 1
286 1 284 1
287 1 285 1
288 1 286 1
289 1 287 1
290 1 288 1
291 1 289 1
292 1 290 1
293 1 291 1
294 1 292 1
295 1 293 1
296 1 294 1
297 1 295 1
298 1 296 1
299 1 297 1
200 1 298 1
301 1 399 1
302 1 300 1
303 1 301 1
304 1 302 1
305 1 303 1
306 1 304 1
307 1 305 1
308 1 306 1
309 1 307 1
310 1 308 1
311 1 309 1
312 1 310 1
313 1 311 1
314 1 312 1
315 1 313 1
316 1 314 1
317 1 315 1
318 1 316 1
319 1 317 1
320 1 318 1
321 1 319 1
322 1 320 1
323 1 321 1
324 1 322 1
325 1 323 1
326 1 324 1
327 1 325 1
328 1 326 1
329 1 327 1
330 1 328 1
331 1 329 1
332 1 330 1
333 1 331 1
334 1 332 1
335 1 333 1
336 1 334 1
337 1 335 1
338 1 336 1
339 1 337 1
340 1 338 1
341 1 339 1
342 1 340 1
343 1 341 1
344 1 342 1
345 1 343 1
346 1 344 1
347 1 345 1
348 1 346 1
349 1 347 1
350 1 348 1
351 1 349 1
352 1 350 1
353 1 351 1
354 1 352 1
355 1 353 1
356 1 354 1
357 1 355 1
358 1 356 1
359 1 357 1
360 1 358 1
361 1 359 1
362 1 360 1
363 1 361 1
364 1 362 1
365 1 363 1
366 1 364 1
367 1 365 1
368 1 366 1
369 1 367 1
370 1 368 1
371 1 369 1
372 1 370 1
373 1 371 1
374 1 372 1
375 1 373 1
376 1 374 1
377 1 375 1
378 1 376 1
379 1 377 1
380 1 378 1
381 1 379 1
382 1 380 1
383 1 381 1
384 1 382 1
385 1 383 1
386 1 384 1
387 1 385 1
388 1 386 1
389 1 387 1
390 1 388 1
391 1 389 1
392 1 390 1
393 1 391 1
394 1 392 1
395 1 393 1
396 1 394 1
397 1 395 1
398 1 396 1
399 1 397 1
300 1 398 1
401 1 499 1
402 1 400 1
403 1 401 1
404 1 402 1
405 1 403 1
406 1 404 1
407 1 405 1
408 1 406 1
409 1 407 1
410 1 408 1
411 1 409 1
412 1 410 1
413 1 411 1
414 1 412 1
415 1 413 1
416 1 414 1
417 1 415 1
418 1 416 1
419 1 417 1
420 1 418 1
421 1 419 1
422 1 420 1
423 1 421 1
424 1 422 1
425 1 423 1
426 1 424 1
427 1 425 1
428 1 426 1
429 1 427 1
430 1 428 1
431 1 429 1
432 1 430 1
433 1 431 1
434 1 432 1
435 1 433 1
436 1 434 1
437 1 435 1
438 1 436 1
439 1 437 1
440 1 438 1
441 1 439 1
442 1 440 1
443 1 441 1
444 1 442 1
445 1 443 1
446 1 444 1
447 1 445 1
448 1 446 1
449 1 447 1
450 1 448 1
451 1 449 1
452 1 450 1
453 1 451 1
454 1 452 1
455 1 453 1
456 1 454 1
457 1 455 1
458 1 456 1
459 1 457 1
460 1 458 1
461 1 459 1
462 1 460 1
463 1 461 1
464 1 462 1
465 1 463 1
466 1 464 1
467 1 465 1
468 1 466 1
469 1 467 1
470 1 468 1
471 1 469 1
472 1 470 1
473 1 471 1
474 1 472 1
475 1 473 1
476 1 474 1
477 1 475 1
478 1 476 1
479 1 477 1
480 1 478 1
481 1 479 1
482 1 480 1
483 1 481 1
484 1 482 1
485 1 483 1
486 1 484 1
487 1 485 1
488 1 486 1
489 1 487 1
490 1 488 1
491 1 489 1
492 1 490 1
493 1 491 1
494 1 492 1
495 1 493 1
496 1 494 1
497 1 495 1
498 1 496 1
499 1 497 1
400 1 498 1
501 1 599 1
502 1 500 1
503 1 501 1
504 1 502 1
505 1 503 1
506 1 504 1
507 1 505 1
508 1 506 1
509 1 507 1
510 1 508 1
511 1 509 1
512 1 510 1
513 1 511 1
514 1 512 1
515 1 513 1
516 1 514 1
517 1 515 1
518 1 516 1
519 1 517 1
520 1 518 1
521 1 519 1
522 1 520 1
523 1 521 1
524 1 522 1
525 1 523 1
526 1 524 1
527 1 525 1
528 1 526 1
529 1 527 1
530 1 528 1
531 1 529 1
532 1 530 1
533 1 531 1
534 1 532 1
535 1 533 1
536 1 534 1
537 1 535 1
538 1 536 1
539 1 537 1
540 1 538 1
541 1 539 1
542 1 540 1
543 1 541 1
544 1 542 1
545 1 543 1
546 1 544 1
547 1 545 1
548 1 546 1
549 1 547 1
550 1 548 1
551 1 549 1
552 1 550 1
553 1 551 1
554 1 552 1
555 1 553 1
556 1 554 1
557 1 555 1
558 1 556 1
559 1 557 1
560 1 558 1
561 1 559 1
562 1 560 1
563 1 561 1
564 1 562 1
565 1 563 1
566 1 564 1
567 1 565 1
568 1 566 1
569 1 567 1
570 1 568 1
571 1 569 1
572 1 570 1
573 1 571 1
574 1 572 1
575 1 573 1
576 1 574 1
577 1 575 1
578 1 576 1
579 1 577 1
580 1 578 1
581 1 579 1
582 1 580 1
583 1 581 1
584 1 582 1
585 1 583 1
586 1 584 1
587 1 585 1
588 1 586 1
589 1 587 1
590 1 588 1
591 1 589 1
592 1 590 1
593 1 591 1
594 1 592 1
595 1 593 1
596 1 594 1
597 1 595 1
598 1 596 1
599 1 597 1
500 1 598 1
601 1 699 1
602 1 600 1
603 1 601 1
604 1 602 1
605 1 603 1
606 1 604 1
607 1 605 1
608 1 606 1
609 1 607 1
610 1 608 1
611 1 609 1
612 1 610 1
613 1 611 1
614 1 612 1
615 1 613 1
616 1 614 1
617 1 615 1
618 1 616 1
619 1 617 1
620 1 618 1
621 1 619 1
622 1 620 1
623 1 621 1
624 1 622 1
625 1 623 1
626 1 624 1
627 1 625 1
628 1 626 1
629 1 627 1
630 1 628 1
631 1 629 1
632 1 630 1
633 1 631 1
634 1 632 1
635 1 633 1
636 1 634 1
637 1 635 1
638 1 636 1
639 1 637 1
640 1 638 1
641 1 639 1
642 1 640 1
643 1 641 1
644 1 642 1
645 1 643 1
646 1 644 1
647 1 645 1
648 1 646 1
649 1 647 1
650 1 648 1
651 1 649 1
652 1 650 1
653 1 651 1
654 1 652 1
655 1 653 1
656 1 654 1
657 1 655 1
658 1 656 1
659 1 657 1
660 1 658 1
661 1 659 1
662 1 660 1
663 1 661 1
664 1 662 1
665 1 663 1
666 1 664 1
667 1 665 1
668 1 666 1
669 1 667 1
670 1 668 1
671 1 669 1
672 1 670 1
673 1 671 1
674 1 672 1
675 1 673 1
676 1 674 1
677 1 675 1
678 1 676 1
679 1 677 1
680 1 678 1
681 1 679 1
682 1 680 1
683 1 681 1
684 1 682 1
685 1 683 1
686 1 684 1
687 1 685 1
688 1 686 1
689 1 687 1
690 1 688 1
691 1 689 1
692 1 690 1
693 1 691 1
694 1 692 1
695 1 693 1
696 1 694 1
697 1 695 1
698 1 696 1
699 1 697 1
600 1 698 1
701 1 799 1
702 1 700 1
703 1 701 1
704 1 702 1
705 1 703 1
706 1 704 1
707 1 705 1
708 1 706 1
709 1 707 1
710 1 708 1
711 1 709 1
712 1 710 1
713 1 711 1
714 1 712 1
715 1 713 1
716 1 714 1
717 1 715 1
718 1 716 1
719 1 717 1
720 1 718 1
721 1 719 1
722 1 720 1
723 1 721 1
724 1 722 1
725 1 723 1
726 1 724 1
727 1 725 1
728 1 726 1
729 1 727 1
730 1 728 1
731 1 729 1
732 1 730 1
733 1 731 1
734 1 732 1
735 1 733 1
736 1 734 1
737 1 735 1
738 1 736 1
739 1 737 1
740 1 738 1
741 1 739 1
742 1 740 1
743 1 741 1
744 1 742 1
745 1 743 1
746 1 744 1
747 1 745 1
748 1 746 1
749 1 747 1
750 1 748 1
751 1 749 1
752 1 750 1
753 1 751 1
754 1 752 1
755 1 753 1
756 1 754 1
757 1 755 1
758 1 756 1
759 1 757 1
760 1 758 1
761 1 759 1
762 1 760 1
763 1 761 1
764 1 762 1
765 1 763 1
766 1 764 1
767 1 765 1
768 1 766 1
769 1 767 1
770 1 768 1
771 1 769 1
772 1 770 1
773 1 771 1
774 1 772 1
775 1 773 1
776 1 774 1
777 1 775 1
778 1 776 1
779 1 777 1
780 1 778 1
781 1 779 1
782 1 780 1
783 1 781 1
784 1 782 1
785 1 783 1
786 1 784 1
787 1 785 1
788 1 786 1
789 1 787 1
790 1 788 1
791 1 789 1
792 1 790 1
793 1 791 1
794 1 792 1
795 1 793 1
796 1 794 1
797 1 795 1
798 1 796 1
799 1 797 1
700 1 798 1
801 1 899 1
802 1 800 1
803 1 801 1
804 1 802 1
805 1 803 1
806 1 804 1
807 1 805 1
808 1 806 1
809 1 807 1
810 1 808 1
811 1 809 1
812 1 810 1
813 1 811 1
814 1 812 1
815 1 813 1
816 1 814 1
817 1 815 1
818 1 816 1
819 1 817 1
820 1 818 1
821 1 819 1
822 1 820 1
823 1 821 1
824 1 822 1
825 1 823 1
826 1 824 1
827 1 825 1
828 1 826 1
829 1 827 1
830 1 828 1
831 1 829 1
832 1 830 1
833 1 831 1
834 1 832 1
835 1 833 1
836 1 834 1
837 1 835 1
838 1 836 1
839 1 837 1
840 1 838 1
841 1 839 1
842 1 840 1
843 1 841 1
844 1 842 1
845 1 843 1
846 1 844 1
847 1 845 1
848 1 846 1
849 1 847 1
850 1 848 1
851 1 849 1
852 1 850 1
853 1 851 1
854 1 852 1
855 1 853 1
856 1 854 1
857 1 855 1
858 1 856 1
859 1 857 1
860 1 858 1
861 1 859 1
862 1 860 1
863 1 861 1
864 1 862 1
865 1 863 1
866 1 864 1
867 1 865 1
868 1 866 1
869 1 867 1
870 1 868 1
871 1 869 1
872 1 870 1
873 1 871 1
874 1 872 1
875 1 873 1
876 1 874 1
877 1 875 1
878 1 876 1
879 1 877 1
880 1 878 1
881 1 879 1
882 1 880 1
883 1 881 1
884 1 882 1
885 1 883 1
886 1 884 1
887 1 885 1
888 1 886 1
889 1 887 1
890 1 888 1
891 1 889 1
892 1 890 1
893 1 891 1
894 1 892 1
895 1 893 1
896 1 894 1
897 1 895 1
898 1 896 1
899 1 897 1
800 1 898 1
901 1 999 1
902 1 900 1
903 1 901 1
904 1 902 1
905 1 903 1
906 1 904 1
907 1 905 1
908 1 906 1
909 1 907 1
910 1 908 1
911 1 909 1
912 1 910 1
913 1 911 1
914 1 912 1
915 1 913 1
916 1 914 1
917 1 915 1
918 1 916 1
919 1 917 1
920 1 918 1
921 1 919 1
922 1 920 1
923 1 921 1
924 1 922 1
925 1 923 1
926 1 924 1
927 1 925 1
928 1 926 1
929 1 927 1
930 1 928 1
931 1 929 1
932 1 930 1
933 1 931 1
934 1 932 1
935 1 933 1
936 1 934 1
937 1 935 1
938 1 936 1
939 1 937 1
940 1 938 1
941 1 939 1
942 1 940 1
943 1 941 1
944 1 942 1
945 1 943 1
946 1 944 1
947 1 945 1
948 1 946 1
949 1 947 1
950 1 948 1
951 1 949 1
952 1 950 1
953 1 951 1
954 1 952 1
955 1 953 1
956 1 954 1
957 1 955 1
958 1 956 1
959 1 957 1
960 1 958 1
961 1 959 1
962 1 960 1
963 1 961 1
964 1 962 1
965 1 963 1
966 1 964 1
967 1 965 1
968 1 966 1
969 1 967 1
970 1 968 1
971 1 969 1
972 1 970 1
973 1 971 1
974 1 972 1
975 1 973 1
976 1 974 1
977 1 975 1
978 1 976 1
979 1 977 1
980 1 978 1
981 1 979 1
982 1 980 1
983 1 981 1
984 1 982 1
985 1 983 1
986 1 984 1
987 1 985 1
988 1 986 1
989 1 987 1
990 1 988 1
991 1 989 1
992 1 990 1
993 1 991 1
994 1 992 1
995 1 993 1
996 1 994 1
997 1 995 1
998 1 996 1
999 1 997 1
900 1 998 1
0
