6
1 2 2 2
0 2 2 1
0 2 1 1
4 2 5 2
3 2 5 1
3 2 4 1
9
1 2 2 1
0 2 2 2
0 1 1 2
4 2 5 1
3 2 5 2
3 1 4 2
7 2 8 1
6 2 8 2
6 1 7 2
12
1 2 2 1
0 2 2 2
0 1 1 2
4 2 5 2
3 2 5 1
3 2 4 1
7 2 8 1
6 2 8 2
6 1 7 2
10 2 11 2
9 2 11 1
9 2 10 1
15
1 2 2 2
0 2 2 1
0 2 1 1
4 2 5 1
3 2 5 2
3 1 4 2
7 2 8 1
6 2 8 2
6 1 7 2
10 2 11 2
9 2 11 1
9 2 10 1
13 2 14 2
12 2 14 1
12 2 13 1
30
1 2 2 1
0 2 2 2
0 1 1 2
4 2 5 1
3 2 5 2
3 1 4 2
7 2 8 1
6 2 8 2
6 1 7 2
10 2 11 1
9 2 11 2
9 1 10 2
13 2 14 1
12 2 14 2
12 1 13 2
16 2 17 2
15 2 17 1
15 2 16 1
19 2 20 2
18 2 20 1
18 2 19 1
22 2 23 2
21 2 23 1
21 2 22 1
25 2 26 1
24 2 26 2
24 1 25 2
28 2 29 1
27 2 29 2
27 1 28 2
60
1 2 2 1
0 2 2 2
0 1 1 2
4 2 5 2
3 2 5 1
3 2 4 1
7 2 8 1
6 2 8 2
6 1 7 2
10 2 11 1
9 2 11 2
9 1 10 2
13 2 14 2
12 2 14 1
12 2 13 1
16 2 17 2
15 2 17 1
15 2 16 1
19 2 20 2
18 2 20 1
18 2 19 1
22 2 23 1
21 2 23 2
21 1 22 2
25 2 26 2
24 2 26 1
24 2 25 1
28 2 29 2
27 2 29 1
27 2 28 1
31 2 32 1
30 2 32 2
30 1 31 2
34 2 35 1
33 2 35 2
33 1 34 2
37 2 38 2
36 2 38 1
36 2 37 1
40 2 41 1
39 2 41 2
39 1 40 2
43 2 44 1
42 2 44 2
42 1 43 2
46 2 47 2
45 2 47 1
45 2 46 1
49 2 50 2
48 2 50 1
48 2 49 1
52 2 53 2
51 2 53 1
51 2 52 1
55 2 56 1
54 2 56 2
54 1 55 2
58 2 59 1
57 2 59 2
57 1 58 2
93
1 2 2 1
0 2 2 2
0 1 1 2
4 2 5 2
3 2 5 1
3 2 4 1
7 2 8 1
6 2 8 2
6 1 7 2
10 2 11 1
9 2 11 2
9 1 10 2
13 2 14 2
12 2 14 1
12 2 13 1
16 2 17 2
15 2 17 1
15 2 16 1
19 2 20 1
18 2 20 2
18 1 19 2
22 2 23 2
21 2 23 1
21 2 22 1
25 2 26 2
24 2 26 1
24 2 25 1
28 2 29 1
27 2 29 2
27 1 28 2
31 2 32 2
30 2 32 1
30 2 31 1
34 2 35 2
33 2 35 1
33 2 34 1
37 2 38 2
36 2 38 1
36 2 37 1
40 2 41 1
39 2 41 2
39 1 40 2
43 2 44 1
42 2 44 2
42 1 43 2
46 2 47 1
45 2 47 2
45 1 46 2
49 2 50 1
48 2 50 2
48 1 49 2
52 2 53 1
51 2 53 2
51 1 52 2
55 2 56 1
54 2 56 2
54 1 55 2
58 2 59 2
57 2 59 1
57 2 58 1
61 2 62 2
60 2 62 1
60 2 61 1
64 2 65 1
63 2 65 2
63 1 64 2
67 2 68 2
66 2 68 1
66 2 67 1
70 2 71 1
69 2 71 2
69 1 70 2
73 2 74 1
72 2 74 2
72 1 73 2
76 2 77 2
75 2 77 1
75 2 76 1
79 2 80 2
78 2 80 1
78 2 79 1
82 2 83 2
81 2 83 1
81 2 82 1
85 2 86 2
84 2 86 1
84 2 85 1
88 2 89 2
87 2 89 1
87 2 88 1
91 2 92 2
90 2 92 1
90 2 91 1
96
1 2 2 2
0 2 2 1
0 2 1 1
4 2 5 2
3 2 5 1
3 2 4 1
7 2 8 1
6 2 8 2
6 1 7 2
10 2 11 1
9 2 11 2
9 1 10 2
13 2 14 2
12 2 14 1
12 2 13 1
16 2 17 1
15 2 17 2
15 1 16 2
19 2 20 2
18 2 20 1
18 2 19 1
22 2 23 1
21 2 23 2
21 1 22 2
25 2 26 2
24 2 26 1
24 2 25 1
28 2 29 2
27 2 29 1
27 2 28 1
31 2 32 1
30 2 32 2
30 1 31 2
34 2 35 1
33 2 35 2
33 1 34 2
37 2 38 1
36 2 38 2
36 1 37 2
40 2 41 2
39 2 41 1
39 2 40 1
43 2 44 1
42 2 44 2
42 1 43 2
46 2 47 2
45 2 47 1
45 2 46 1
49 2 50 1
48 2 50 2
48 1 49 2
52 2 53 1
51 2 53 2
51 1 52 2
55 2 56 2
54 2 56 1
54 2 55 1
58 2 59 1
57 2 59 2
57 1 58 2
61 2 62 1
60 2 62 2
60 1 61 2
64 2 65 2
63 2 65 1
63 2 64 1
67 2 68 1
66 2 68 2
66 1 67 2
70 2 71 2
69 2 71 1
69 2 70 1
73 2 74 1
72 2 74 2
72 1 73 2
76 2 77 2
75 2 77 1
75 2 76 1
79 2 80 1
78 2 80 2
78 1 79 2
82 2 83 2
81 2 83 1
81 2 82 1
85 2 86 1
84 2 86 2
84 1 85 2
88 2 89 2
87 2 89 1
87 2 88 1
91 2 92 1
90 2 92 2
90 1 91 2
94 2 95 2
93 2 95 1
93 2 94 1
99
1 2 2 1
0 2 2 2
0 1 1 2
4 2 5 2
3 2 5 1
3 2 4 1
7 2 8 2
6 2 8 1
6 2 7 1
10 2 11 1
9 2 11 2
9 1 10 2
13 2 14 2
12 2 14 1
12 2 13 1
16 2 17 1
15 2 17 2
15 1 16 2
19 2 20 2
18 2 20 1
18 2 19 1
22 2 23 1
21 2 23 2
21 1 22 2
25 2 26 2
24 2 26 1
24 2 25 1
28 2 29 2
27 2 29 1
27 2 28 1
31 2 32 2
30 2 32 1
30 2 31 1
34 2 35 2
33 2 35 1
33 2 34 1
37 2 38 1
36 2 38 2
36 1 37 2
40 2 41 2
39 2 41 1
39 2 40 1
43 2 44 2
42 2 44 1
42 2 43 1
46 2 47 2
45 2 47 1
45 2 46 1
49 2 50 1
48 2 50 2
48 1 49 2
52 2 53 1
51 2 53 2
51 1 52 2
55 2 56 2
54 2 56 1
54 2 55 1
58 2 59 1
57 2 59 2
57 1 58 2
61 2 62 1
60 2 62 2
60 1 61 2
64 2 65 2
63 2 65 1
63 2 64 1
67 2 68 1
66 2 68 2
66 1 67 2
70 2 71 1
69 2 71 2
69 1 70 2
73 2 74 2
72 2 74 1
72 2 73 1
76 2 77 2
75 2 77 1
75 2 76 1
79 2 80 2
78 2 80 1
78 2 79 1
82 2 83 2
81 2 83 1
81 2 82 1
85 2 86 1
84 2 86 2
84 1 85 2
88 2 89 2
87 2 89 1
87 2 88 1
91 2 92 2
90 2 92 1
90 2 91 1
94 2 95 1
93 2 95 2
93 1 94 2
97 2 98 2
96 2 98 1
96 2 97 1
0
