10 2
0 0 1 1 1 1 0 1 0 0
1 1 0 0 1 1 1 1 1 0
0 0 1 1 1 0 1 1 0 0
0 1 0 0 1 1 0 1 1 0
0 0 1 1 1 0 1 1 0 0
1 0 0 1 0 0 0 1 1 1
1 1 1 0 0 1 0 1 1 0
0 0 0 0 0 0 0 1 1 0
1 0 1 0 0 1 1 1 0 1
0 1 1 0 1 1 0 1 0 1
0 -1
1 0
10 2
1 0 1 0 0 1 0 1 0 1
0 0 0 0 1 0 0 0 1 1
0 1 1 0 1 1 0 0 0 0
1 0 0 1 0 1 1 1 1 0
1 0 1 1 1 1 1 1 1 1
0 1 1 1 1 1 1 1 0 0
1 0 0 0 0 0 0 1 1 1
1 0 0 1 1 0 0 0 1 1
1 1 0 1 0 1 1 0 1 1
1 1 0 1 0 1 0 0 1 1
0 -1
1 1
10 2
0 0 1 0 0 0 0 1 1 0
0 1 0 0 0 1 0 1 1 1
0 0 1 0 0 0 1 0 1 1
1 1 0 0 0 1 1 0 0 0
1 0 1 1 1 0 0 0 1 0
1 1 1 0 0 1 0 1 1 1
1 0 0 1 0 1 0 0 1 0
1 1 1 1 0 0 1 1 1 0
0 0 1 1 1 0 1 1 0 1
0 1 1 0 0 0 0 1 1 0
1 1
-1 0
10 3
1 1 1 0 1 0 0 1 1 1
1 0 0 1 1 1 0 1 1 1
0 1 1 1 0 1 0 0 1 0
1 0 1 1 1 1 0 0 0 1
0 0 0 1 0 0 1 0 0 0
1 0 1 1 1 0 1 1 1 0
0 0 1 0 0 0 1 1 0 0
1 1 0 0 0 0 0 0 1 0
1 1 0 1 0 0 1 1 0 1
1 1 1 1 0 1 1 0 0 0
0 -1 1
1 1 1
0 0 1
10 3
1 1 1 0 1 1 1 1 1 1
1 1 1 0 1 1 1 1 1 1
1 0 1 0 0 0 0 1 0 0
1 1 0 0 1 1 0 0 1 1
0 1 0 0 1 1 0 1 1 1
0 0 1 0 0 0 0 1 1 1
0 0 1 0 0 0 0 1 1 0
0 0 1 1 1 1 1 0 1 0
1 0 1 0 0 1 1 1 1 1
0 0 1 1 1 0 0 1 0 1
1 0 1
-1 1 0
0 0 1
10 3
0 0 0 1 0 0 1 0 0 0
0 0 1 0 0 0 1 1 1 0
0 1 1 1 0 0 1 0 1 1
1 1 0 1 1 0 1 1 1 1
1 1 1 0 1 1 1 0 0 1
1 1 0 1 1 0 0 0 0 1
0 0 1 1 0 0 1 1 0 0
1 1 0 0 1 0 0 1 0 1
0 0 0 0 0 0 1 1 1 0
1 1 1 1 1 1 1 1 1 1
0 1 1
1 1 -1
1 1 1
10 3
0 1 0 0 0 0 0 0 1 0
0 1 0 0 1 1 1 0 0 0
1 1 0 0 1 1 1 1 0 0
1 0 0 1 0 1 1 1 0 1
0 1 1 1 0 1 0 1 1 1
1 1 0 0 1 1 1 0 1 1
1 1 0 0 1 0 1 0 0 1
0 0 0 0 1 0 1 1 1 1
0 0 1 1 1 0 0 1 0 0
1 1 1 1 0 1 0 0 1 0
1 0 1
1 0 1
-1 0 0
10 4
1 1 0 0 0 1 1 1 1 0
1 1 0 1 1 1 1 1 1 0
1 0 0 1 1 0 1 0 1 0
1 1 1 0 0 1 0 1 1 1
1 1 0 0 0 1 1 1 1 1
0 1 1 0 0 1 1 0 0 1
0 0 1 0 0 0 1 0 0 1
1 0 0 0 0 1 1 1 0 1
0 1 0 0 1 0 1 0 0 0
1 0 1 1 1 0 0 1 1 0
0 0 0 1
1 -1 0 1
0 0 0 0
1 1 1 1
10 4
1 0 1 0 0 0 0 0 1 1
1 0 0 0 1 0 0 0 0 1
1 0 1 0 1 1 1 0 0 0
0 1 1 0 1 1 0 0 0 1
1 0 0 0 1 1 0 0 1 0
1 1 1 0 1 0 0 0 0 0
0 0 0 0 0 0 0 0 1 0
1 1 1 0 0 0 0 0 1 1
0 0 0 0 1 1 1 1 1 0
0 0 0 0 0 1 1 0 1 0
1 1 1 0
1 1 0 0
1 1 1 1
1 0 -1 0
10 4
0 0 0 1 1 0 0 0 1 1
0 1 1 0 1 0 0 0 1 0
0 0 1 1 0 1 1 0 0 1
0 1 1 0 1 0 1 1 0 0
1 1 0 0 1 0 0 0 0 1
0 1 1 0 0 0 0 1 1 1
0 0 0 1 1 1 0 0 1 1
0 1 1 0 1 1 0 0 1 0
0 1 0 1 0 0 0 1 0 0
1 1 0 1 0 0 0 0 1 0
0 1 1 1
1 1 1 0
0 0 1 0
-1 1 0 0
0 0
