5 5
0 0 0 0 1
0 1 0 0 0
0 0 0 1 0
0 1 0 0 0
0 0 1 1 0
0 0 0 0 1
0 1 0 0 0
0 0 0 1 0
0 1 0 0 0
0 0 1 1 0
5 3
0 0 0 0 1
0 1 0 0 0
0 0 0 1 0
0 1 0 0 0
0 0 1 1 0
0 0 0
0 -1 0
0 -1 0
5 3
0 0 0 0 1
0 1 0 0 0
0 0 0 1 0
0 1 0 0 0
0 0 1 1 0
0 -1 0
0 0 0
-1 0 -1
5 4
0 0 0 0 1
0 1 0 0 0
0 0 0 1 0
0 1 0 0 0
0 0 1 1 0
0 0 0 0
0 -1 -1 -1
0 0 -1 -1
-1 0 -1 -1
5 4
0 0 0 0 1
0 1 0 0 0
0 0 0 1 0
0 1 0 0 0
0 0 1 1 0
0 0 0 0
0 -1 -1 -1
0 0 -1 -1
-1 1 -1 -1
5 1
0 0 0 0 1
0 1 0 0 0
0 0 0 1 0
0 1 0 0 0
0 0 1 1 0
2
1 1
15
15
0 0
