3
10 20 30
7
56 26 62 43 25 80 7
100
0 0 0 0 0 0 0 0 0 0 0 0 0 0 0 0 0 0 0 0 0 0 0 0 0 0 0 0 0 0 0 0 0 0 0 0 0 0 0 0 0 0 0 0 0 0 0 0 0 0 0 0 0 0 0 0 0 0 0 0 0 0 0 0 0 0 0 0 0 0 0 0 0 0 0 0 0 0 0 0 0 0 0 0 0 0 0 0 0 0 0 0 0 0 0 0 0 0 0 0
100
10800 10800 10800 10800 10800 10800 10800 10800 10800 10800 10800 10800 10800 10800 10800 10800 10800 10800 10800 10800 10800 10800 10800 10800 10800 10800 10800 10800 10800 10800 10800 10800 10800 10800 10800 10800 10800 10800 10800 10800 10800 10800 10800 10800 10800 10800 10800 10800 10800 10800 10800 10800 10800 10800 10800 10800 10800 10800 10800 10800 10800 10800 10800 10800 10800 10800 10800 10800 10800 10800 10800 10800 10800 10800 10800 10800 10800 10800 10800 10800 10800 10800 10800 10800 10800 10800 10800 10800 10800 10800 10800 10800 10800 10800 10800 10800 10800 10800 10800 10800
1
1
25
3888 2266 3934 9870 382 4274 10788 1106 2293 5310 10363 7242 2682 1738 4301 2176 5767 5152 8579 9903 7974 7515 5421 2240 8017 
97
6178 6869 6922 10564 7365 6841 10577 9291 5750 10257 8107 6113 5086 2890 8672 5505 381 10462 7388 3953 5973 7070 8186 293 4358 2622 7718 158 6586 10708 566 9076 2553 4310 1385 3986 3326 6361 3342 2322 9224 281 2865 3973 3732 9154 462 7658 9891 708 9793 8220 4990 4560 3985 5382 933 3490 8463 3703 10155 10172 10538 1991 9791 7156 5789 6435 4539 8961 6917 9569 7615 6662 8083 7277 2950 9000 3620 537 5004 5586 7919 9389 5779 10338 4037 5634 7184 5936 9212 7250 2734 582 8328 1547 7710 
6
2315 9719 4873 6517 1006 3343 
58
8197 10127 6951 1982 3421 10114 1090 4429 2230 9891 1091 10182 9407 343 336 9314 4141 10414 9806 1080 5582 6674 7617 2930 9268 2397 8753 4938 5148 8350 10558 5559 1265 7718 1815 7898 5283 4221 2361 1675 3745 7498 6864 1402 1721 9248 3206 2479 6640 7424 1449 3368 4578 2000 7398 1903 10197 6330 
93
8885 8438 694 9008 4379 1062 10544 9065 6682 6303 3032 8902 4385 6158 4219 8909 8208 7086 6732 8913 9010 4176 3334 1809 3244 250 4239 402 439 1709 2506 650 2027 3864 843 2723 5242 6178 82 3750 1459 7289 1992 7744 560 9518 2413 5745 4950 5134 3664 5799 8431 2205 3585 4636 6998 9308 7208 6932 7855 427 26 4533 9045 5892 9844 7395 4218 9970 7877 2653 7283 5393 4657 3670 4602 3304 7109 9707 1495 6158 10123 9573 3658 1247 1474 10375 3860 1600 155 7868 5983 
14
10427 7439 2504 3033 338 5927 9361 10594 3229 9844 516 5716 9357 1284 
43
2326 4002 3428 8270 5616 9354 7179 3564 1327 9447 2914 9311 457 7072 10394 6951 2340 2210 3201 4764 7454 7138 3497 4164 4685 8798 6657 3420 5602 1828 8373 490 6631 2062 2313 4747 1180 4601 648 5495 5421 6093 4060 
60
2217 7629 3706 1987 803 4203 5594 4583 387 9672 5306 6857 5487 10509 1533 10559 1372 1452 8143 5506 10485 10779 1538 8481 448 3675 3007 7559 1111 2694 7703 1022 2341 6681 3830 881 6125 9019 10716 5120 5883 10079 6197 9710 10585 1227 1913 143 6631 998 5456 4519 1357 10301 7255 2958 8742 636 3855 2697 
3
6954 7364 7779 
83
1584 7553 4784 858 9017 908 9774 7915 665 5201 3664 5574 6576 9903 7084 6723 8053 4832 7927 2925 3576 8957 7703 514 5366 8942 7923 1322 9721 7850 9817 5818 6759 563 9618 1302 1404 10250 595 8896 975 3086 3557 337 9765 3311 4620 6777 1897 4679 7754 173 3964 9253 3467 774 8011 339 7363 3013 9372 10010 3852 8465 10417 6622 7983 5880 2932 1099 4153 6958 748 209 10562 500 10104 3481 6994 3214 8517 8622 8326 
9
7117 9433 1947 4089 719 9388 9130 6006 7661 
97
2328 7952 10503 7161 640 6152 10150 7604 6350 6286 6945 10473 8593 5981 10221 6978 473 5907 3752 1538 293 7903 9494 7103 4101 6950 6850 6432 6911 8643 931 6227 6836 2852 9082 8062 4140 7990 3542 7814 7112 2539 10207 794 6055 4807 9868 5955 7395 9660 4350 5839 2521 5146 6167 2247 6128 9584 4224 2388 10609 6018 1271 6538 1080 4169 10227 1783 6479 8342 9312 1498 3311 4734 8908 390 5029 5221 9469 6500 9472 8810 606 10522 9193 7081 2171 3435 10275 6445 5229 2980 9501 6635 2721 2158 7856 
94
2155 10086 10320 766 6501 3523 6592 1078 5718 2311 6304 1 3179 8261 6714 289 1281 9878 1623 7800 790 208 9658 10466 2647 7509 9687 5452 3047 6808 647 10003 9800 5204 6520 3540 8784 2200 4257 2820 10402 3472 9864 2735 9300 7192 7388 5078 3192 2569 9749 3625 10517 3764 7435 9265 5541 9021 10397 5957 8033 648 6754 5436 10434 4651 6406 8754 4140 3523 1688 6590 10010 1082 1309 10438 3597 2472 10207 7608 8730 4976 5463 10723 8785 5644 6292 6143 1383 4588 630 10445 5710 465 
59
9880 9468 1005 3049 2587 3783 3742 6007 1588 3420 10495 3202 4274 8190 3897 10458 6761 716 2838 8427 9595 682 2769 10067 9619 6594 8263 3889 2676 4138 10076 5419 2823 9771 2430 2006 1730 5626 6379 8656 5699 4240 5741 3796 1899 2699 6017 1813 7964 5972 10278 1312 8694 10573 4145 7089 10475 4356 9315 
68
3779 10450 6051 7803 8732 10774 2907 2048 10777 10294 9953 1452 9072 1710 3370 10310 10012 278 10429 5109 10445 8429 5292 6600 10271 2269 863 997 7003 10405 1620 2522 4651 4667 9485 6616 9522 5249 6557 2556 10731 2084 4043 1399 2059 8733 4139 10512 10088 8734 2028 7524 3927 8045 7803 84 662 1668 3390 5493 8412 4809 7601 4037 8346 8566 5883 8009 
25
610 3891 8922 7174 10781 4761 2334 1862 8477 6179 601 412 6772 8769 6128 9492 9933 3625 5656 2630 3526 2817 10738 7165 10740 
32
9900 4588 848 1993 3291 3523 5598 3100 9231 356 8319 8018 3527 3348 10616 9009 3141 4600 7555 557 9774 1820 6574 10241 4075 3253 8424 6428 7274 8432 74 9583 
54
150 5046 7733 4304 6134 3085 5364 3022 9495 3954 3130 2251 4973 3331 4450 10689 1271 4286 9210 9732 1283 8253 7652 2779 8551 2293 3842 5340 8409 1911 2917 7842 2177 2544 5729 8877 5845 7063 7817 169 1772 1372 2869 1845 1765 3021 2905 1767 9411 9781 402 3850 3423 7349 
77
1914 10078 7423 8979 6426 1636 5622 203 874 5067 389 770 6280 1614 3640 5205 9947 734 8066 20 640 10296 8142 528 7616 1599 1230 9141 2047 8555 2453 3795 9319 2251 2634 10325 3408 8025 5524 6645 7072 9658 277 9665 238 8475 2855 8464 768 1811 2398 1722 3432 586 3644 7537 7888 1131 10323 4169 3086 7458 460 7316 6259 5579 4323 8060 187 7464 1404 1358 5815 175 3505 6488 6066 
63
3525 9038 4607 5646 3063 1119 9886 8162 3885 7030 4967 1168 2434 4074 6296 3501 4332 3193 4866 6927 7499 1673 4576 4970 9216 8863 1144 2629 2351 2081 7931 6056 9849 2009 9012 7418 9419 8678 7289 4719 2007 7018 4997 2465 1508 1869 8433 4317 160 4161 10261 857 6647 10116 5004 6061 3508 6251 10350 3431 1886 4764 9019 
57
188 7257 9731 10617 5818 10331 4242 9284 1334 1967 9784 2312 5839 10526 1332 8568 2441 7537 5216 7264 6935 4109 8519 5594 2035 10373 5699 2395 6078 3507 5506 8518 4418 8422 3769 1204 2084 1712 5209 6082 9009 10029 7991 9318 3132 6329 3970 8629 2701 1635 133 5124 8398 4660 409 7807 2667 
31
5842 1070 4288 8437 4313 3194 5246 4870 10012 8173 4879 5324 7501 5344 9614 7330 9522 10105 9865 5954 993 572 143 2035 832 2759 7729 9316 8511 7738 7417 
4
2370 8720 9159 296 
38
2004 4382 5805 7673 3290 9059 3466 3108 6516 6968 4172 6334 147 8514 9424 144 2857 1887 8831 10622 353 9914 10584 8532 7625 4292 2045 7754 4502 2206 6049 3123 2467 4070 7427 2399 9740 8794 
5
8840 9000 1171 10716 4036 
77
7785 5605 3542 7494 4667 9352 1688 5212 3568 1964 10659 7690 7551 466 9331 9738 4137 8717 8518 8780 10238 6694 8192 3948 6564 7490 4931 60 6721 9856 9184 4742 2673 9677 2412 6939 1736 4792 1926 1119 10293 10575 2647 5791 8554 629 5886 3743 986 9039 541 7570 4436 6871 9198 2317 527 2207 4332 9160 2081 9931 2479 7491 7104 1248 3184 5088 199 9527 5864 9929 7382 10089 5047 4569 7508 
43
9720 8803 9667 1606 8155 2967 6685 4130 5891 4083 3727 10330 4963 7312 6704 380 3516 9234 8688 5757 7421 932 8290 611 7814 9878 2839 6034 540 8382 8244 2388 4373 4364 5425 695 9392 10379 6903 807 8140 241 10451 
6
194 6306 3188 8015 3587 7675 
45
9289 9669 3640 6646 4769 8038 3851 10412 4743 6146 285 827 2927 5282 5262 7693 9407 8581 10215 3576 8285 637 2631 3395 7396 4646 7363 4560 943 5558 4913 3393 10668 2265 4541 6723 10093 6298 1585 8033 0 30 4994 7666 7869 
68
8713 9707 758 8870 9872 8774 4916 9552 7344 3087 8969 1861 4693 9465 7781 1724 2795 7036 3977 1169 7820 3095 1656 1695 4836 179 9813 5459 1747 7787 8646 5272 10707 401 3220 3973 2614 8583 9180 1459 4621 10540 3578 8800 3507 4715 1185 8927 2655 6781 6115 4162 9605 5899 6367 9882 1286 901 9321 9965 3744 4457 7476 4345 7314 8746 8672 6749 
50
1214 948 6403 6977 5817 648 3709 1962 9387 5826 7717 3966 5513 7970 2262 1793 5235 4070 207 4024 6688 1140 85 7840 1044 8324 4251 4118 7708 4132 2864 9924 2390 8023 7089 5083 5242 2296 4418 4856 2847 5275 9923 9956 9632 1766 1811 8898 8990 1920 
89
10408 4726 6780 8372 454 4140 5577 7107 7179 5107 3140 10277 2143 7248 3018 10339 455 6724 6751 8291 6376 5014 3343 4789 6778 9637 4626 3574 9380 3873 9845 4524 9597 3545 4774 4393 9372 10015 9321 5087 2326 4772 804 7768 2970 1538 2590 7435 1041 768 3331 2548 1660 8165 2234 4049 10555 5145 3450 3199 7545 5057 1751 381 8894 5297 5961 5515 6620 10771 7182 2505 8574 6207 2267 3511 6778 8217 4815 6012 1920 9884 6540 3461 7787 5114 1360 2408 6517 
19
8972 4983 1550 3461 6948 6302 2644 1512 8043 8176 4222 1991 3719 2657 143 4446 3973 1041 891 
74
8395 7774 10770 1434 3840 2687 2302 9879 7365 6544 10307 3565 7522 5723 802 7452 9682 2306 1040 295 438 3085 2090 8485 8512 5090 666 1535 569 9908 7091 8741 8040 3219 3388 9699 1229 4185 6602 6001 2182 6591 6459 1598 6024 9099 6158 973 3951 4769 648 8396 7691 3754 10046 1883 8173 4716 7118 1625 3008 8051 9256 4031 2046 3010 7655 6408 652 9399 8601 1078 6628 1046 
16
6614 9992 1030 1533 5633 586 1247 1187 6911 4670 2148 4363 10579 4003 6551 394 
41
5584 9790 4943 8758 3205 5715 3747 6447 10255 2745 6915 4667 6339 2981 1008 2741 1691 3659 2069 3312 10322 9414 10647 10110 1912 7497 3657 8978 5054 4828 7604 8496 9884 7546 6947 10452 8951 5286 7613 1263 3838 
42
8751 3970 4394 7308 9540 6776 6290 5895 8905 254 10621 7699 9091 10415 7718 2460 10255 8155 10442 8516 8198 487 5001 2093 4266 9408 7584 9742 4332 7937 2162 1895 1310 9281 6813 3359 3503 5356 23 9442 4928 6678 
58
10031 7648 5813 2502 6114 9851 6295 4669 10205 1786 6482 3598 9896 6041 7280 4057 518 5236 9680 4553 3785 4088 4995 6332 6178 3122 9918 3790 9930 7766 139 6561 5662 6190 10464 3138 10389 9540 519 4689 7709 7784 929 3229 2066 1901 4094 10449 7280 6792 1335 2076 5742 7457 2972 199 9579 2404 
85
1972 6937 7201 1916 3883 6745 10468 9587 6815 8824 6866 6604 7020 10330 10 2190 9037 3977 4820 3912 5697 2378 8446 7698 2282 2649 8184 6752 3381 6322 4636 987 5163 8315 9284 318 1966 2483 5235 5065 7286 6743 8635 4440 8474 3769 6800 7220 6715 2618 3607 951 1337 2201 434 8172 4391 8958 10065 2845 3249 8337 6094 9096 2213 7711 6104 1176 753 9821 4744 8652 203 2494 3120 6342 7188 8216 4319 6879 5081 7244 9373 3555 2117 
87
6364 1055 6786 2992 7540 5478 4356 6407 1681 3076 3600 5931 2108 7430 8789 72 2095 2286 10389 1152 2664 4906 10141 6435 2273 2279 4993 8074 8244 3106 2747 3886 7428 1328 9040 7557 771 4413 7319 755 443 8208 7735 4564 3736 1317 5000 9552 4812 6660 6780 10147 7527 6048 7424 476 3815 1506 397 4343 5465 6707 1027 10169 1356 5187 4204 4999 6192 3856 1085 3350 1047 5698 4784 4494 4073 5881 1671 745 7614 1239 7039 9390 7591 10302 7383 
32
6015 7940 9975 7256 8738 1093 1399 3410 6720 4996 5693 4679 9096 9522 1331 7568 6100 4820 1795 667 9624 6364 5530 5818 5582 651 9412 8398 1826 7210 7083 6286 
50
10523 6735 4995 4947 6241 10374 8762 1514 3820 6397 8990 3991 6396 10430 10135 7098 1729 8247 6119 4542 5810 905 4685 3662 3121 8270 3429 689 1318 1264 4810 3067 1427 511 4212 5479 2607 8986 1964 10668 7372 10781 2525 9493 5994 2815 3840 4430 7601 9453 
45
1409 3486 2556 8609 4642 7606 2499 8552 5503 10252 7160 2033 10069 6561 375 2654 3651 6414 3252 8913 4067 5537 169 6830 3991 5004 3416 2808 5164 3348 5334 1665 425 4157 2202 8713 3424 3825 6893 10738 10659 10799 5908 9700 4318 
93
9330 3859 4497 1243 549 4460 10038 4325 3976 7031 6032 8411 7472 4988 8576 581 5446 10614 8674 7566 7835 389 3681 5295 4550 8095 3564 7340 5200 4402 7785 7684 2006 8457 29 9572 4184 5375 499 7791 10360 2214 5095 5926 94 9702 6012 5157 5845 9348 4973 5638 6056 2157 412 9217 4489 2566 10101 168 10079 474 9450 6880 8347 4863 3677 294 6720 8834 6806 1368 70 7590 5063 2177 9171 5645 2665 9585 504 385 8554 8561 6111 1838 8379 2140 4892 5217 3593 702 10702 
27
7777 4614 1678 4015 6167 2302 979 7252 8257 1169 996 3937 2566 1330 7124 5418 4289 4414 5044 3285 6174 5839 4243 4516 8807 8524 7116 
42
8093 10122 3981 8840 3346 667 5474 6647 4814 10334 5557 3317 5207 497 8851 10078 8435 2848 4212 1419 903 7667 8293 4153 5930 5838 5866 7064 3974 5936 9538 8104 2407 2462 4231 7293 10581 7093 9511 8920 415 4769 
60
4908 2829 5785 9335 10369 3121 5260 3625 7242 10596 8959 6329 2955 862 2855 6315 7419 10517 2954 7294 2854 8247 103 4888 10398 1430 5814 4180 6868 6398 5650 6470 1387 8222 8139 10082 10359 6584 6837 3987 254 859 6366 7841 3506 776 6461 2755 5114 5907 7958 10464 2141 2113 7082 6426 1707 8669 10087 3545 
44
8340 5244 275 5070 9929 5203 10488 473 4121 6810 5819 5467 10358 9987 10501 2014 2274 1527 9555 9391 2763 5815 3347 4323 10585 2213 1171 6373 3541 63 8192 4487 9820 6488 7007 5742 5419 8675 7746 6622 2661 1858 1896 4511 
46
8025 9090 433 10635 4984 6189 10214 631 9594 9690 3372 2669 3680 8431 10515 3826 2578 9399 5308 1260 8880 9153 6952 553 3976 10607 3979 43 3767 8660 4744 9183 1622 9876 6161 7597 4880 10345 3556 7373 347 1202 3237 5696 1958 298 
76
3209 3710 2910 5597 5266 5854 4941 5343 7082 6463 10198 8430 9539 540 4053 9725 8338 4640 55 4432 5863 4299 7690 8 2820 6408 102 6401 5315 4618 1272 1428 5029 5625 3237 3149 4035 7904 887 7484 9465 5591 10052 4502 3469 2853 3830 5885 2272 8798 5825 8875 10316 4095 6499 5991 5412 2243 3165 2370 9768 656 1862 7993 2716 4844 7381 7557 6517 9919 5300 3593 17 1401 4013 2947 
48
737 6369 10520 654 9333 3761 1718 6553 10723 2367 8132 6389 5006 5648 9749 7034 2714 2136 6288 891 7998 6269 6250 6997 4378 326 1818 8289 3805 6246 10300 4777 7802 8292 6252 868 6287 1369 6645 3340 4943 6362 2977 3117 1155 9887 337 9816 
41
7925 780 2334 8057 60 1688 5431 7873 2525 2857 5879 8266 5879 8635 846 8676 7501 3562 8260 6329 7869 7880 8638 4014 734 4078 10694 2392 9844 8670 8352 9466 9641 2255 495 5837 9738 4908 10680 7168 4584 
45
5969 7723 8322 10671 557 9135 4073 5205 6684 5329 1541 6171 6496 2642 406 2874 1755 9147 8596 9565 8007 8358 1880 2654 9242 6878 2481 371 4250 7269 4235 9204 6775 6828 2485 6485 6074 3177 6475 6107 3200 4267 7375 9899 5512 
66
2227 5592 5042 1306 2199 348 523 5585 618 4309 5910 6928 4587 7831 6362 7539 9060 3825 456 1375 5724 3741 4028 9968 6258 8321 1095 4744 992 513 3754 356 10495 8221 1941 271 5382 6728 4475 4018 6942 1640 4061 7772 5725 2710 3943 9615 1094 6601 9919 5310 3073 3705 9697 8427 7996 2766 10789 5402 7831 1041 4707 8418 9291 2411 
52
5988 39 1440 7198 3301 5913 5756 2201 2054 10742 7500 3507 243 4662 8634 9563 956 10487 5957 1446 10252 1449 6261 3897 4095 8151 8389 418 3346 10563 7482 6609 2720 135 82 8413 5001 6240 4052 7475 5575 4059 9799 10438 9304 7144 928 8798 1150 3240 1623 10228 
93
5076 3666 1744 7681 10495 3388 2484 10187 5957 10591 10609 1498 4675 8822 5498 9375 7690 3572 10796 3585 7098 4484 10758 2432 6963 8825 225 3691 5571 8532 2222 4187 347 2134 426 7390 1111 10624 8220 5492 6267 9317 9262 4090 2476 580 678 10437 6354 8105 293 2584 178 8676 5651 4734 3002 220 7781 2751 8384 549 3350 75 6046 3328 403 2044 4633 2857 4662 1712 5459 3372 3203 1920 9755 680 5325 2787 9564 2916 9201 4118 5475 8551 7672 8881 7074 3352 1817 6965 7780 
20
4342 7362 7508 393 261 10219 7698 8766 1748 3325 8980 7891 3465 9893 9670 7434 8563 482 3745 5066 
44
7853 3783 5082 8314 5998 2417 1955 10392 3063 3742 2611 3454 4616 7702 2913 10254 5860 2650 5975 9359 5821 4506 5890 4725 9960 7359 9382 9266 5697 8832 9162 2554 10569 10457 4914 4655 1825 9253 6560 338 2979 8984 1597 1948 
10
5649 7425 5929 2970 1157 2759 5078 196 4219 1075 
40
8819 438 4192 2807 9900 2494 3399 1508 4884 1690 772 3607 1246 3599 4250 6906 190 3792 2520 10781 524 6477 1868 4373 4976 3953 5255 10393 6288 9388 569 4601 1004 7978 5130 1010 10756 5181 4546 8220 
74
4725 4767 5291 9268 2250 7690 9710 1206 2364 5426 4117 2332 3007 3380 10368 10030 8231 1372 8285 6249 9059 5554 155 3895 1917 6948 10272 6555 6140 8252 9238 7315 564 1368 8920 2662 4125 9616 649 7572 2579 9219 5710 586 9669 9459 8023 8603 1334 7568 173 9388 1088 815 6519 8424 4452 7710 3066 8758 5937 5698 6360 5370 2640 4040 3035 6706 5568 5816 9201 8747 6101 2918 
71
5896 3570 7169 2039 1 7836 1841 6069 1753 10092 9095 6660 10570 10715 4960 3914 1839 1984 3979 1426 7154 6398 6759 10237 10329 3847 9526 6659 8714 2134 3486 10259 4199 1194 8743 3905 7494 5542 3987 10156 462 7668 5296 3245 4809 8263 2385 567 3662 7051 7565 8215 7908 4183 4082 994 9842 3278 2915 1200 4834 4627 1004 4632 8936 8725 10125 5750 7166 409 8214 
37
1820 8031 9222 10560 7232 8565 4197 7754 10305 4635 1189 5697 4323 5434 774 3930 9869 6231 8581 2578 158 8589 323 7964 236 3246 7799 9369 9352 7616 5218 8203 4602 467 3381 9447 5599 
10
5660 8735 7210 10005 4762 3862 635 7345 6939 6693 
82
9898 2121 6713 8839 4002 117 8429 8011 2429 1478 9280 8153 7622 3227 4143 3104 5668 7775 3758 1428 4253 2390 7372 5956 2844 685 8929 1782 2169 10516 6591 4037 4811 773 854 9228 6230 9309 9234 2190 6418 7237 6679 6393 7009 2342 2131 5231 484 10291 4872 8433 5663 3101 9084 6937 4513 1988 10451 615 3259 8622 8804 7322 5609 3323 2460 4175 7718 6933 4190 55 4884 4600 5689 4508 5583 7656 4671 1194 7278 9389 
17
9640 3711 10333 7273 2835 10460 9342 5492 6204 8045 6035 1885 9240 5306 8854 7552 5067 
99
3038 6794 1089 1007 8974 8733 9876 204 4605 1116 2913 10579 6955 6165 2570 6483 9706 3727 3507 8273 8306 3240 2967 5815 6517 2226 4082 8940 10453 3728 675 423 6817 6548 5028 4249 6448 1071 2558 4766 7200 460 5516 9941 9245 1593 6834 9614 8093 3444 1215 3789 7864 3328 5916 9575 4276 7777 10151 1841 2213 1472 990 7292 7273 785 480 10230 9199 190 4752 6126 9582 4292 4359 1599 10038 3631 5879 10318 3167 8007 9898 4194 4796 7274 2567 2316 4795 4272 8644 5164 8522 4890 7713 3495 7330 8564 8960 
6
8511 7375 9220 2370 10574 6165 
24
4286 1145 8789 4341 1833 8503 3663 6810 4425 9998 10609 7794 6205 8885 1067 168 4092 10661 2484 1654 1432 5570 3159 5922 
27
7606 1949 881 4520 5445 9223 3620 10230 7732 5700 4096 4649 1156 9144 7507 1355 7247 8086 5448 4680 95 5925 8100 3008 2151 3844 10701 
25
541 4873 313 6992 9451 7996 6263 8342 458 883 10612 3700 7663 7452 3302 937 5817 539 6886 2141 1349 4797 10635 10533 4433 
36
3296 5356 7085 5515 4215 7523 4525 5593 1185 572 8340 4459 7395 376 828 4870 252 5924 4841 7397 8324 3979 3054 3586 7198 2425 1423 6895 2290 8950 6288 5812 8223 5672 3661 9424 
45
5707 6160 4605 2835 5608 6015 1469 5630 9037 1695 7426 2175 8225 3502 1307 414 9377 9585 9481 4697 5271 1915 15 7095 5386 6717 2428 632 312 9491 2333 7594 7305 6679 8238 2941 2188 2077 1504 5273 9602 7549 31 6163 8938 
13
3693 10054 2497 3838 5524 3252 1556 3919 1592 1683 8948 1384 7374 
54
7808 8420 8249 6360 6887 6209 3269 2777 4220 6335 3364 2140 8951 639 6431 2116 7595 8431 5230 8466 4778 7341 6715 1114 707 5979 5201 3067 5366 5219 535 5827 1039 8531 7979 2503 8484 592 3832 4912 7343 2649 2063 1762 9106 7189 553 7787 9721 2659 4504 2476 6777 2766 
3
5457 9243 3469 
44
2614 734 6464 10283 9948 4167 7199 8903 9046 453 2745 452 2086 5361 9055 2360 585 9806 9643 3036 9577 8944 736 6930 4127 3497 9362 1099 5241 4668 5516 9962 9361 9081 9483 6053 9900 5870 2620 2056 1193 2911 6233 7451 
63
4075 3543 5520 263 1829 721 5108 9069 6254 1000 2468 4923 589 2284 3147 5746 2273 10006 7718 45 2124 8141 7188 1757 1893 3228 8385 1958 7872 3054 8419 3182 9376 4759 3728 932 5341 9402 5668 6991 7648 7020 3740 865 3070 10378 2739 10128 9538 5811 8086 7175 9970 7107 4646 10439 5594 916 5010 7763 3306 6262 4012 
89
9486 2695 5075 1657 8814 611 4570 5732 9142 4783 204 7953 5342 8302 1448 7850 1572 4316 6371 2051 1032 7145 4863 3378 253 9697 8382 3376 7115 8247 4696 3187 10340 5218 1594 4065 7098 4122 5709 6840 5639 3753 9785 7449 9187 589 519 2942 2019 849 2928 9328 8961 5833 1805 2353 941 8179 5995 8691 6987 9083 2133 7775 6781 3722 9079 5043 4137 8970 10301 10376 7320 5062 5047 9142 587 4190 6288 568 10646 10558 3539 9314 1553 10147 8476 1233 6368 
89
9892 4500 8049 8902 6006 93 6459 2521 8512 1908 10596 8212 10643 6600 9026 5628 5556 8309 4183 7064 5656 3050 2474 810 10057 7254 5985 1849 1978 7124 2538 8205 2518 4587 9466 4456 2133 4282 814 4298 6893 5381 4013 7806 1409 3743 260 7279 6140 2159 2949 9206 5220 3722 9909 9829 1335 1569 2749 3984 9388 2680 3901 1382 9495 2601 8290 8441 818 5236 4662 3618 672 6202 3030 2958 3896 5635 2962 5055 9078 4411 7012 6353 6544 7181 3686 4672 6775 
9
9656 2211 6855 222 9375 842 7151 8338 2546 
27
9005 6936 10180 5494 3893 4232 5764 8835 7579 5444 6705 2053 10768 7500 2466 3258 2846 1058 9200 6057 8573 8966 6688 286 5375 5971 4580 
80
8948 4973 1166 5026 6566 7045 8520 8765 7252 4755 1534 10227 5327 720 1901 4905 7849 8263 1270 10061 8829 7158 7123 7839 10021 10689 4590 9907 8402 386 2686 10512 2058 7175 1351 1240 9665 650 69 3623 2122 2389 42 2414 8179 5630 8104 7000 2565 4608 7035 157 837 3535 1328 10602 2919 2313 4471 9431 8121 10006 55 935 8117 6414 7450 6405 425 4705 9169 130 1659 7835 5651 1743 3851 5213 9050 3208 
55
688 4236 1192 6174 4299 7816 8675 2916 1335 4385 7851 10221 2427 6154 9089 9461 3127 3698 2382 2311 4243 9038 8034 8616 1708 6606 559 2768 1103 7247 7353 6146 8398 8100 9176 3208 2162 3048 7369 1656 10319 746 9573 7616 3648 9517 8622 1061 4025 8157 9780 10402 7773 3948 4486 
21
7119 9996 2774 119 4903 2367 8687 7574 7296 9907 4526 6796 7682 1717 8020 2590 8348 3316 9786 10594 4193 
78
791 2842 4877 9899 2553 2852 450 7899 3116 949 4769 272 9483 1915 801 665 10675 272 8900 9386 175 4424 234 10546 1508 4196 3646 2640 3690 3287 4370 8596 9603 9777 7107 681 9898 1438 9669 7530 4779 6845 7423 1223 5885 1101 10281 6785 6781 8383 10534 10719 10635 8076 6284 9781 4091 8430 2450 9649 1880 2793 9798 8598 9254 1307 3609 8254 7665 9181 2711 7163 6428 6301 3579 2875 2149 7212 
2
3241 7 
38
600 7092 6888 6405 3560 3637 6719 7642 2992 2725 8868 5937 4975 3567 6642 2724 4909 6798 9299 9194 899 2434 2083 9411 8681 6047 7833 9670 4612 10320 612 103 4019 2268 5649 4110 10590 4288 
34
4142 7927 1815 2453 3285 2532 5756 7506 4837 1876 9359 5926 5619 7869 9193 7709 3546 9521 452 3609 9345 7997 6406 2568 10067 839 7665 7024 8738 7776 4167 4829 6198 4610 
75
2898 3752 7487 4172 9284 3345 5368 10059 10565 4032 5633 1201 1519 6309 9995 8174 8718 6119 6873 9138 10137 6821 4501 5953 705 4905 1819 9007 5918 6006 269 5221 10316 8699 7401 4982 4476 10667 9409 4652 1665 6717 8634 9 7950 9039 9776 7063 9882 4941 7265 4774 8575 4193 9680 3020 10264 4499 8178 10336 9458 4861 5597 3656 3646 4927 2147 9141 9292 2320 854 10071 4258 5619 3666 
52
4667 6158 4323 2226 9575 3377 4779 6296 3070 5718 665 9965 7304 5434 8968 8430 7174 7898 8179 9755 6366 4985 6316 8236 4072 9651 4334 2365 362 6954 1283 10631 6833 3612 7988 2111 9826 3479 1749 8083 137 9342 9810 4329 7974 3756 1478 4387 492 3015 8478 7385 
58
5184 1085 8567 5614 3926 1025 257 8284 9723 9014 9280 9372 9660 3561 7269 745 3342 658 4722 4324 10302 7169 8921 7495 2536 5350 9792 4788 1133 2328 8187 2534 4622 9234 6914 3128 809 1424 7674 5801 5042 9353 599 10592 1804 2514 4919 5299 1067 351 8645 2739 6468 6862 2464 184 3911 3396 
92
9509 2250 4867 4424 2724 5365 3560 3997 4333 1498 572 4314 5855 834 4988 7863 4369 8045 2396 6125 8664 1493 2040 8148 6771 9308 8195 6353 6200 4951 10800 8918 3099 283 1606 5716 8289 5387 1817 3784 701 890 1087 3493 6586 953 5938 4309 6501 4808 7288 9988 547 4582 10330 4523 4265 3479 7731 590 1467 4941 2889 10511 9923 3352 9243 8239 3226 1244 2557 9650 1341 4588 5649 8888 2141 1905 6976 2785 2798 1255 9641 125 7855 7022 7954 5473 10671 167 10329 6144 
78
6904 8948 2652 8775 3569 5740 2636 6884 3278 1355 10155 4397 8068 543 10514 9341 1652 3162 4955 1075 6080 3001 1789 6673 8785 1888 2113 2938 7091 6354 10067 8232 5131 9300 5513 1146 2468 362 2282 8592 2154 3001 8576 6814 6763 6915 1304 8455 5428 1985 4996 6826 9390 2701 5351 4522 4820 3140 2530 10310 7570 5044 5959 2603 5081 10479 3707 4719 9218 10352 3304 3415 703 4423 9493 2474 10268 7706 
75
599 5433 1814 321 2423 6992 6925 7930 3430 7678 1421 4197 10207 3124 742 3429 1670 6313 1985 9489 735 695 4541 7654 10108 9470 781 6043 2912 1464 3043 4379 5869 5946 7801 4670 9324 7467 9217 573 10743 7687 662 7877 225 1470 8433 738 7099 9552 7214 8974 9952 1544 7768 6033 3037 5189 10186 10578 7593 5899 111 2968 10761 5782 8572 4319 2801 8812 3599 3283 8200 5522 2621 
