100 101 102 103 104 105 106 107 108 109 110 111 112 113 114 115 116 117 118 119 120 121 122 123 124 125 126 127 128 129 130 131 132 133 134 135 136
137 138 139 140 141 142 144 145 146 147 148 150 151 153 154 155 156 157 158 159 160 161 162 164 165 166 167 170 171 172 173 175 177 178 179 180 181
183 184 185 186 187 188 190 191 195 196 197 199 200 201 202 208 209 211 213 215 216 218 220 222 229 231 232 242 245 253 254 255 256 257 260 264 270
271 272 273 274 275 276 277 290 296 297 299 300 301 305 306 315 321 333 337 338 340 344 347 361 381 384 386 387 394 399 400 401 402 403 404 405 406
407 408 409 410 411 412 413 414 415 416 417 418 419 422 423 424 425 426 427 428 429 430 431 432 433 434 435 436 437 438 439 440 441 442 443 444 445
446 447 448 449 450 451 454 455 457 459 460 462 465 466 467 468 469 471 474 476 477 478 482 483 484 485 486 487 488 489 490 492 493 494 495 496 497
498 499 501 507 514 516 520 521 523 524 526 530 531 532 533 534 535 536 537 540 541 543 544 551 555 556 558 562 567 575 576 577 583 585 591 610 611
612 615 623 639 640 652 668 669 670 673 686 688 689 700 706 709 710 711 712 713 753 784 785 787 793 825 826 827 828 833 836 837 847 10000 10003
10004 10005 10006 10008 10009 10010 10013 10016 10018 10019 10023 10025 10034 10037 10049 10055 10063 10067 10070 10071 10078 10080 10082
10096 10097 10098 10099 10100 10101 10102 10104 10106 10107 10109 10129 10130 10132 10133 10135 10136 10164 10168 10175 10179 10199 10200
10201 10202 10205 10209 10210 10212 10214 10215 10219 10220 10221 10222 10223 10229 10232 10235 10242 10245 10252 10260 10267 10268 10285
10286 10296 10298 10299 10300 10301 10302 10303 10304 10305 10306 10307 10308 10309 10310 10313 10315 10317 10318 10326 10327 10328 10329
10330 10331 10333 10334 10336 10337 10338 10340 10344 10346 10348 10354 10357 10359 10360 10361 10363 10364 10365 10368 10369 10370 10371
10372 10373 10374 10375 10382 10388 10391 10393 10394 10396 10397 10400 10405 10406 10407 10408 10409 10412 10413 10415 10416 10487 10490
10509 10510 10511 10512 10515 10518 