


                                   
100 101 102 103 104 105 106 107 108 109 110 112 113 114 115 116 117 118 119 120 121 122 123 124 125 126 127 128 130 131 132 133 134 136 137 138 139
140 141 142 143 144 145 146 147 148 150 151 152 153 154 155 156 157 158 159 160 161 162 164 166 167 168 170 171 172 173 174 175 177 178 179 180 181
182 183 184 185 186 187 188 189 190 191 192 193 195 196 197 198 200 201 202 208 209 210 211 213 215 216 218 220 222 227 229 230 231 232 242 245 253
254 255 256 257 260 264 270 271 272 273 274 275 276 283 288 290 291 294 296 297 299 300 305 306 311 312 315 318 320 321 325 327 333 336 337 338 340
343 344 347 348 350 352 355 356 357 358 369 371 374 375 377 378 379 380 381 382 383 384 385 386 387 388 389 391 392 394 395 397 399 400 401 402 403
404 405 406 407 408 409 410 411 412 413 414 416 417 418 422 423 424 426 428 429 431 432 433 434 436 437 438 439 440 441 442 443 444 445 446 447 448
450 451 454 455 457 458 459 460 462 464 465 466 467 468 469 474 476 477 478 482 483 484 485 486 487 488 489 490 492 493 494 495 496 497 498 499 500
501 502 505 506 507 514 516 520 521 523 524 526 527 530 531 532 533 534 535 536 537 538 539 540 541 542 543 544 547 548 551 552 553 554 555 556 557
558 559 561 562 565 567 568 570 571 572 573 574 575 576 577 579 580 581 583 584 585 586 587 588 589 590 591 593 594 598 601 602 603 604 607 608 610
611 612 613 614 615 617 618 619 620 622 623 624 626 627 628 630 631 632 633 634 635 636 637 638 639 640 642 644 645 647 652 654 657 658 660 661 662
665 672 673 674 676 677 679 680 681 686 688 689 697 699 700 709 710 712 727 739 740 753 785 824 825 827 828 830 831 836 850 10000 10002 10003 10004
10005 10006 10007 10008 10009 10010 10011 10012 10013 10014 10015 10016 10017 10018 10019 10020 10021 10023 10024 10025 10026 10027 10028
10032 10033 10034 10035 10036 10038 10040 10041 10042 10048 10049 10050 10051 10055 10056 10057 10058 10061 10062 10063 10065 10066 10067
10070 10098 10100 10101 10102 10107 10116 10128 10131 10140 10164 10202 10205 10212 10219 10220 10222 10229 10232 10235 10260 10267 10285
10293 10298 10299 10305 10309 10317 10318 10324 10327 10330 10334 10336 10338 10339 10340 10360 10361 10363 10364 10365 10367 10368 10369
10370 10371 10373 10374 10375 10377 10385 10393 10394 10395 10396 10397 10398 10400 10401 10404 10405 10406 10407 10408 10409 10412 10413
10415 10416 10484 10485 10486 10487 10488 10489 10490 10491 10493 10494 10495 10496 10497 10499 10500 10502 10503 10504 10507 10508 10509
