
100 101 102 103 104 105 106 108 109 111 112 113 114 116 117 118 119 120 121 122 123 124 125 126 130 131 133 136 138 140 141 142 144 146 147 151 152
154 155 156 159 160 161 162 167 170 183 186 190 196 200 201 202 208 216 218 220 222 227 229 231 232 253 255 256 260 264 272 273 274 275 291 297 299
300 305 315 320 321 324 326 333 336 337 340 344 347 348 350 352 355 356 369 371 374 377 378 382 383 384 386 388 389 392 394 395 399 400 401 402 403
406 408 409 410 412 413 414 417 418 422 423 424 429 434 436 438 439 440 441 442 443 444 445 446 447 448 450 454 455 457 458 459 460 462 465 466 467
468 469 471 476 477 478 482 483 484 485 487 488 489 490 492 493 494 495 496 497 498 499 501 514 521 524 532 534 537 540 541 543 544 555 556 567 568
572 573 574 575 576 577 579 587 591 601 603 604 612 620 621 623 624 628 637 639 642 644 673 674 686 688 689 699 705 706 712 713 729 737 739 740 750
784 785 793 796 824 825 830 836 839 841 10000 10002 10004 10006 10008 10009 10010 10012 10013 10014 10015 10016 10017 10018 10019 10022 10024
10025 10034 10035 10038 10041 10047 10048 10049 10050 10055 10062 10063 10065 10066 10067 10070 10071 10074 10077 10078 10079 10082 10096
10098 10099 10100 10101 10102 10105 10106 10107 10110 10112 10115 10116 10126 10127 10129 10130 10131 10135 10142 10145 10147 10161 10162
10164 10165 10171 10175 10176 10177 10178 10182 10188 10189 10190 10191 10192 10193 10195 10196 10199 10200 10205 10209 10219 10221 10222
10229 10235 10260 10267 10281 10282 10285 10293 10295 10297 10300 10302 10305 10306 10308 10309 10310 10315 10317 10318 10326 10327 10330
10333 10334 10336 10338 10340 10344 10346 10354 10356 10360 10361 10363 10365 10368 10370 10374 10377 10384 10391 10393 10394 10397 10401
10404 10405 10406 10409 10412 10415 10487 10489 10490 10493 10494 10495 10496 10497 10499 10502 10503 10504 10507 10508 10509 10515 