5
80 -100 100 -85
60 -100 100 -70
40 -100 100 -55
20 -100 100 -40
0  -100 100 -25
4
80 -100 100 80
100 80 -80 100
-80 100 -100 -80
-100 -80 80 -100
4
85 -100 100 80
100 85 -80 100
-85 100 -100 -80
-100 -85 80 -100
3
100 46 -100 26
46 100 26 -100
-20 100 100 -20
4
100 20 -100 -20
100 30 -100 -30
100 40 -100 -40
100 50 -100 -50
6
100 70 70 100
100 -70 70 -100
-100 70 -70 100
-100 -70 -70 -100
100 0 -100 0
0 100 0 -100
100
100 -50 -100 -50
40 -100 40 100
100 -49 -100 -49
41 -100 41 100
100 -48 -100 -48
42 -100 42 100
100 -47 -100 -47
43 -100 43 100
100 -46 -100 -46
44 -100 44 100
100 -45 -100 -45
45 -100 45 100
100 -44 -100 -44
46 -100 46 100
100 -43 -100 -43
47 -100 47 100
100 -42 -100 -42
48 -100 48 100
100 -41 -100 -41
49 -100 49 100
100 -40 -100 -40
50 -100 50 100
100 -39 -100 -39
51 -100 51 100
100 -38 -100 -38
52 -100 52 100
100 -37 -100 -37
53 -100 53 100
100 -36 -100 -36
54 -100 54 100
100 -35 -100 -35
55 -100 55 100
100 -34 -100 -34
56 -100 56 100
100 -33 -100 -33
57 -100 57 100
100 -32 -100 -32
58 -100 58 100
100 -31 -100 -31
59 -100 59 100
100 -30 -100 -30
60 -100 60 100
100 -29 -100 -29
61 -100 61 100
100 -28 -100 -28
62 -100 62 100
100 -27 -100 -27
63 -100 63 100
100 -26 -100 -26
64 -100 64 100
100 -25 -100 -25
65 -100 65 100
100 -24 -100 -24
66 -100 66 100
100 -23 -100 -23
67 -100 67 100
100 -22 -100 -22
68 -100 68 100
100 -21 -100 -21
69 -100 69 100
100 -20 -100 -20
70 -100 70 100
100 -19 -100 -19
71 -100 71 100
100 -18 -100 -18
72 -100 72 100
100 -17 -100 -17
73 -100 73 100
100 -16 -100 -16
74 -100 74 100
100 -15 -100 -15
75 -100 75 100
100 -14 -100 -14
76 -100 76 100
100 -13 -100 -13
77 -100 77 100
100 -12 -100 -12
78 -100 78 100
100 -11 -100 -11
79 -100 79 100
100 -10 -100 -10
80 -100 80 100
100 -9 -100 -9
81 -100 81 100
100 -8 -100 -8
82 -100 82 100
100 -7 -100 -7
83 -100 83 100
100 -6 -100 -6
84 -100 84 100
100 -5 -100 -5
85 -100 85 100
100 -4 -100 -4
86 -100 86 100
100 -3 -100 -3
87 -100 87 100
100 -2 -100 -2
88 -100 88 100
100 -1 -100 -1
89 -100 89 100
100
100 -88 -13 -100
38 -100 69 100
12 100 56 -100
-4 100 94 -100
95 -100 -81 100
13 -100 100 -5
-5 -100 100 -70
100 -96 -83 -100
100 -94 -35 -100
100 -69 0 -100
100 -97 -100 64
67 100 49 -100
94 100 35 -100
99 100 26 -100
54 -100 30 100
-6 -100 100 -73
100 43 16 -100
-37 -100 100 -96
12 -100 100 -58
25 -100 100 48
100 96 20 -100
14 100 81 -100
49 -100 37 100
100 -87 -24 -100
100 -99 -100 -68
99 -100 -100 82
100 -52 15 -100
100 -79 -14 -100
85 -100 4 100
91 -100 -22 100
100 -57 2 -100
-44 100 94 -100
21 100 54 -100
60 -100 12 100
-39 100 89 -100
100 100 26 -100
-100 -11 100 -99
-100 -45 100 -98
6 100 74 -100
100 21 8 -100
14 -100 100 32
-29 -100 100 -81
34 -100 98 100
12 -100 100 -67
64 100 48 -100
90 100 42 -100
81 -100 -11 100
-10 -100 100 -69
100 45 23 -100
100 -100 -46 100
97 -100 -71 100
6 -100 100 -72
20 -100 100 89
47 -100 41 100
100 -93 -21 -100
-100 88 96 -100
-1 100 77 -100
98 -100 -100 0
93 100 27 -100
4 100 88 -100
91 100 29 -100
-20 -100 100 -75
45 -100 46 100
-100 40 100 -100
100 -97 -100 -82
96 -100 -100 91
5 -100 100 -62
-42 -100 100 -94
61 -100 23 100
100 -67 4 -100
14 -100 100 -39
37 -100 90 100
-77 -100 100 -96
30 -100 96 100
76 -100 9 100
70 -100 31 100
100 -52 8 -100
15 -100 100 40
-26 -100 100 -81
88 100 45 -100
100 87 19 -100
100 -89 -53 -100
100 -99 -100 -13
100 -98 -100 -79
36 100 51 -100
89 -100 -61 100
80 100 44 -100
-30 100 88 -100
100 -97 -100 -75
64 -100 -20 100
-28 -100 100 -80
8 -100 100 -49
49 -100 47 100
43 -100 90 100
95 100 36 -100
-29 -100 100 -90
-3 -100 100 -75
100 68 18 -100
100 -92 -73 -100
13 -100 100 29
100
-46 -100 -100 -45
92 100 -69 -100
-96 100 -66 -100
100 25 -100 -85
100 89 -100 -88
-100 -51 84 -100
100 20 -100 -73
65 -100 -100 -46
100 -93 -100 -62
-49 -100 -100 52
-85 -100 59 100
-64 -100 -100 75
100 90 -90 -100
-48 -100 -100 -2
-76 100 -67 -100
-100 37 -56 -100
100 99 -75 -100
100 1 -100 -72
-100 -48 -43 -100
100 -83 -100 -71
-68 -100 -63 100
-100 -59 100 -98
100 51 -95 -100
-73 -100 -13 100
-100 -63 100 -80
100 -87 -100 -62
100 52 -91 -100
-54 100 -70 -100
-100 69 -59 -100
85 -100 -100 -50
100 -16 -100 -68
33 100 -78 -100
-100 -53 98 -100
100 41 -100 -95
-100 -64 100 -52
-25 -100 -100 -10
-11 -100 -100 -36
-49 -100 -100 50
-100 -18 -20 -100
-88 -100 100 94
-100 55 -54 -100
-100 -57 100 -84
-51 -100 -100 5
-65 -100 -100 78
-100 -99 100 49
-100 61 -61 -100
-100 67 -61 -100
-37 -100 -100 -5
-100 -40 -4 -100
100 42 -100 -91
99 100 -84 -100
100 24 -100 -82
-100 -73 100 -19
-76 -100 100 98
-100 76 -63 -100
-100 -71 100 -24
81 -100 -100 -49
-67 -100 -78 100
-51 -100 -100 1
-100 -97 100 41
100 -42 -100 -65
-100 -36 -13 -100
-18 100 -72 -100
-4 -100 -100 -49
-100 -53 91 -100
-82 -100 42 100
-100 99 -63 -100
100 68 -85 -100
-100 -77 100 16
-67 -100 -80 100
7 100 -74 -100
100 55 -96 -100
-100 -84 100 22
-100 -2 -46 -100
-100 -40 72 -100
-75 -100 41 100
-100 58 -55 -100
-71 -100 -22 100
-100 -63 100 -86
-69 -100 -69 100
-100 -87 100 34
31 100 -74 -100
-47 -100 -100 5
33 100 -79 -100
-73 -100 -18 100
100 40 -100 -87
-100 -16 -28 -100
-2 -100 -100 -37
-100 -94 100 26
100 11 -100 -73
-98 -100 100 51
100 16 -100 -81
-100 -52 85 -100
-28 -100 -100 21
-100 -63 100 -83
100 55 -90 -100
-58 -100 -100 64
-59 100 -68 -100
-100 -44 2 -100
-100 -7 -45 -100
100
100 -19 -100 0
68 -100 100 88
100 52 -100 -25
77 -100 -65 100
-61 100 72 -100
100 -78 -100 94
-14 -100 100 61
100 56 -100 -94
-100 82 100 -64
100 -41 -100 2
27 -100 100 87
-73 100 89 -100
11 -100 100 85
100 16 -100 -13
-100 -16 100 30
100 58 -32 -100
-100 18 100 -58
100 -56 -100 8
-100 52 100 -62
-100 -23 100 44
100 57 -83 -100
100 -75 -100 93
69 -100 4 100
56 -100 86 100
62 -100 47 100
-3 -100 100 78
100 -23 -100 -11
100 -86 -95 100
100 91 31 -100
-79 100 100 -88
100 -65 -100 87
19 -100 100 79
100 63 5 -100
100 86 13 -100
-78 -100 100 60
8 100 68 -100
90 100 48 -100
63 -100 30 100
100 53 -100 -48
65 -100 41 100
100 65 -10 -100
-81 100 100 -89
-100 -9 100 4
100 -64 -100 75
-69 100 100 -91
63 100 61 -100
100 -83 -100 100
-100 8 100 -57
-100 -17 100 31
66 100 58 -100
-100 2 100 -38
100 -60 -100 51
100 61 -22 -100
100 -29 -100 -1
-100 56 100 -63
-4 100 76 -100
-63 100 77 -100
68 100 57 -100
100 27 -100 -12
47 -100 100 94
-100 -78 100 54
49 -100 100 96
100 48 -100 -44
71 -100 -38 100
-100 31 100 -56
-100 -6 100 -37
100 66 10 -100
100 -53 -100 3
43 -100 100 89
-100 64 100 -62
100 92 36 -100
-100 66 100 -68
-100 -76 100 52
-100 -51 100 51
-100 8 100 -46
69 -100 -11 100
92 -100 -95 100
-39 100 91 -100
-73 100 100 -93
-100 -86 100 52
100 -80 -100 93
-54 100 87 -100
-100 -17 100 35
-100 32 100 -61
88 100 49 -100
-97 100 100 -84
100 -6 -100 -6
100 37 -100 -28
100 68 -12 -100
-85 -100 100 55
-100 64 100 -63
100 -71 -100 85
-18 -100 100 62
100 31 -100 -20
87 -100 -68 100
100 -87 -91 100
100 -18 -100 -2
100 59 -30 -100
100 51 -100 -30
-100 -9 100 -1
100
-61 -100 100 22
100 -15 -83 100
57 -100 100 40
90 100 100 -52
100 -5 -100 -7
-4 100 100 -18
45 100 100 -40
100 16 -100 -34
17 -100 100 39
100 94 90 -100
100 29 2 -100
-21 -100 100 22
29 100 100 -35
70 100 100 -97
100 27 -8 -100
100 29 11 -100
100 79 72 -100
100 -12 -100 42
-93 -100 100 12
91 -100 100 99
100 82 85 -100
100 -13 -86 100
100 -6 -100 36
-71 100 100 -16
50 100 100 -88
54 -100 100 38
100 61 71 -100
63 -100 100 58
36 100 100 -30
-100 -47 100 -2
100 -17 -75 100
100 -22 7 100
-100 -87 100 17
100 -13 -100 95
99 -100 100 98
100 -9 -100 68
100 88 87 -100
100 -24 28 100
100 36 17 -100
27 100 100 -26
100 25 -11 -100
100 -21 -47 100
-97 -100 100 20
13 100 100 -23
-100 -16 100 1
61 -100 100 46
-100 -72 100 11
69 -100 100 75
100 97 94 -100
100 -14 -100 100
57 100 100 -47
100 -58 67 100
100 7 -100 -71
100 -71 80 100
42 -100 100 30
77 -100 100 81
23 100 100 -25
100 85 82 -100
100 16 -76 -100
100 -17 -53 100
70 -100 100 71
99 100 100 -81
100 -34 38 100
100 18 -33 -100
100 27 2 -100
64 -100 100 50
100 -41 42 100
100 6 -100 -32
100 48 56 -100
100 -10 -100 74
22 -100 100 46
68 -100 100 62
100 39 18 -100
-2 -100 100 28
-68 100 100 -19
100 -60 49 100
100 -7 -100 36
100 -3 -100 6
67 -100 100 54
75 -100 100 84
-100 84 100 -12
100 21 -80 -100
70 -100 100 77
-56 100 100 -17
100 -11 -100 38
100 10 -100 -92
-100 -99 100 13
12 100 100 -22
3 100 100 -20
100 2 -100 -49
100 -20 -27 100
-49 -100 100 21
100 50 58 -100
100 -65 97 100
95 -100 85 100
80 -100 100 94
100 35 16 -100
-100 62 100 -8
-100 -100 100 20
100 80 77 -100
100
100 -95 68 100
51 100 100 -26
79 100 100 -100
100 97 87 -100
100 50 -70 -100
100 74 -30 -100
10 100 100 -14
100 9 5 100
-100 49 100 47
100 31 -47 100
-7 -100 100 75
-56 -100 100 73
-98 100 100 39
100 66 -100 -14
100 -15 47 100
40 -100 100 81
100 26 -28 100
100 83 80 -100
-14 100 100 19
100 82 34 -100
-100 -2 100 48
88 100 90 -100
87 100 90 -100
34 100 100 -15
-100 -80 100 71
-59 100 100 37
54 100 100 -80
-18 100 100 20
100 -29 60 100
2 100 100 -9
100 80 -29 -100
-50 100 100 38
32 100 100 -11
100 72 -58 -100
-32 100 100 34
100 44 -100 67
100 -48 63 100
-20 100 100 27
98 -100 84 100
100 -52 67 100
-48 100 100 36
-100 -54 100 56
100 47 -100 -5
100 40 -72 100
100 94 68 -100
100 99 82 -100
100 91 75 -100
2 100 100 16
-100 -22 100 67
-89 100 100 46
10 100 100 -1
100 42 -100 89
100 46 -100 -2
3 -100 100 87
100 76 30 -100
78 100 100 -97
100 88 60 -100
-81 -100 100 70
-32 -100 100 73
99 -100 76 100
98 -100 80 100
100 78 -33 -100
2 100 100 12
16 100 100 -14
100 -51 64 100
100 -98 70 100
100 -49 60 100
100 40 -100 90
100 -32 50 100
100 94 83 -100
-100 40 100 47
-53 100 100 37
48 100 100 -26
100 48 -100 -47
100 -28 54 100
100 68 -63 -100
100 4 -8 100
-100 -11 100 49
47 -100 100 81
-46 100 100 36
46 100 100 -23
-100 -58 100 61
100 25 -17 100
-57 100 100 37
100 100 89 -100
100 17 -7 100
100 29 -45 100
100 57 -100 -82
100 -13 7 100
-100 61 100 43
100 -23 39 100
100 73 -58 -100
100 -17 43 100
88 -100 100 100
-100 48 100 44
100 -55 67 100
100 87 52 -100
38 100 100 2
100 31 -37 100
85 100 93 -100
100
100 34 59 -100
100 -83 -100 43
61 -100 -100 72
100 3 -100 4
83 -100 -100 70
100 29 -100 -100
100 -81 -100 27
98 -100 -100 60
100 24 -100 -46
-100 5 100 0
-100 6 100 -68
-38 100 60 -100
87 -100 -100 62
-100 -21 100 18
100 -86 -100 58
100 40 26 -100
100 14 -100 2
-100 17 100 -8
100 -78 -100 19
100 26 -100 -97
40 -100 -30 100
65 100 9 -100
47 100 41 -100
4 -100 100 27
100 16 -100 1
55 100 32 -100
21 -100 100 32
-100 -56 100 24
-92 100 74 -100
-100 80 80 -100
-100 8 100 -73
-100 58 100 -89
79 -100 -100 91
-12 -100 100 30
-100 -3 100 10
-100 -22 100 18
-100 -24 100 20
-100 51 100 -87
-31 100 50 -100
-100 -17 100 17
-100 25 100 -78
72 -100 -43 100
100 21 -100 -94
-100 12 100 -74
100 7 -100 3
-71 100 71 -100
77 100 30 -100
81 -100 -100 70
100 33 -13 -100
100 15 -100 2
100 20 -100 -25
100 31 -90 -100
26 -100 100 98
53 100 39 -100
-13 100 49 -100
-71 100 65 -100
6 -100 100 32
-100 31 100 -80
63 -100 -40 100
64 100 35 -100
100 28 -63 -100
-96 100 75 -100
-100 -96 100 27
100 -18 -100 6
100 15 -100 -9
36 100 45 -100
100 9 -100 -1
100 -86 -100 57
-33 100 47 -100
-100 27 100 -80
-100 69 94 -100
-45 100 61 -100
40 -100 -8 100
100 26 -100 -57
-100 -98 100 25
-65 100 64 -100
100 29 -18 -100
100 39 19 -100
100 33 13 -100
76 -100 -97 100
-1 -100 100 30
-100 86 73 -100
-100 34 100 -83
-35 100 52 -100
-4 100 45 -100
100 -31 -100 9
100 88 27 -100
-100 68 98 -100
49 -100 -22 100
-40 100 53 -100
43 -100 24 100
-69 100 66 -100
-48 100 62 -100
100 16 -100 -9
68 100 38 -100
-100 24 100 -47
-100 84 77 -100
44 -100 29 100
-100 -55 100 19
-100 -35 100 24
100
86 -100 -100 -46
-27 100 -44 -100
100 -89 -100 -90
-70 -100 100 73
88 100 -50 -100
-100 18 4 -100
-5 -100 -100 77
-96 -100 100 -38
36 -100 -100 -23
-100 79 -22 -100
-97 100 -27 -100
-92 -100 100 25
88 -100 -100 -71
-47 100 -29 -100
68 -100 -100 -24
91 -100 -100 -87
-100 16 6 -100
-100 -42 84 -100
-100 -22 8 -100
-100 75 -1 -100
87 -100 -100 -51
-100 -93 100 -75
100 -52 -99 -100
-64 -100 100 87
-100 -27 72 -100
-100 -94 100 -59
-100 85 -20 -100
1 -100 -100 50
-36 -100 -38 100
-89 -100 100 30
100 -74 -100 -97
11 -100 -100 -21
-38 -100 0 100
89 100 -55 -100
-63 -100 100 91
-70 -100 100 35
-95 -100 100 -36
97 100 -59 -100
-41 -100 23 100
1 -100 -100 44
7 -100 -100 8
-28 -100 -69 100
-100 -8 8 -100
-94 -100 100 10
-92 100 -21 -100
-57 -100 61 100
11 -100 -100 -13
-45 -100 37 100
-76 -100 100 20
100 23 -73 -100
100 -94 -100 -87
-39 -100 -28 100
74 -100 -100 -28
75 -100 -100 -40
-46 -100 55 100
100 -82 -100 -94
-36 100 -43 -100
-100 -99 100 -68
-77 100 -26 -100
-34 -100 -67 100
100 -85 -100 -92
76 -100 -100 -58
100 -92 -100 -77
-52 -100 78 100
-46 -100 38 100
-83 -100 100 22
-93 -100 100 -3
100 67 -65 -100
100 34 -75 -100
3 -100 -100 25
37 -100 -100 -24
-100 65 -3 -100
-100 -19 17 -100
-40 100 -29 -100
100 -88 -100 -91
-63 -100 99 100
-23 -100 -82 100
-53 -100 62 100
-66 -100 100 82
-91 -100 100 12
100 -94 -100 -65
-58 -100 96 100
69 100 -49 -100
-9 -100 -100 58
-100 -23 62 -100
-100 86 -8 -100
-100 -89 96 -100
-55 -100 88 100
-13 -100 -100 94
51 -100 -100 -25
-19 -100 -94 100
-100 -36 75 -100
-100 1 21 -100
-44 -100 -12 100
-100 -80 82 -100
-91 -100 100 11
100 -21 -93 -100
54 -100 -100 -26
100 32 -76 -100
-48 -100 58 100
100
90 100 72 -100
-4 -100 100 84
86 100 100 -13
94 100 41 -100
-95 100 100 64
-44 100 100 -10
-66 100 100 13
100 12 -61 100
100 69 -100 -58
-53 100 100 11
100 66 -100 -47
100 77 -100 -72
100 19 -67 100
100 46 -68 100
100 85 32 -100
67 100 79 -100
66 -100 100 98
100 -38 2 100
100 53 -100 0
77 -100 74 100
-89 -100 100 83
100 50 -94 100
100 51 -100 12
100 -79 55 100
100 1 -29 100
100 -54 17 100
100 86 13 -100
-100 -25 100 63
-18 100 100 -12
100 27 -74 100
73 -100 90 100
-92 100 100 28
-48 100 100 9
100 4 -32 100
100 96 24 -100
57 100 100 -99
100 68 -100 -57
-85 -100 100 82
100 81 -100 -76
100 -68 39 100
-13 100 100 -31
-72 -100 100 83
100 11 -45 100
100 8 -34 100
-100 -42 100 69
-100 10 100 65
100 0 -21 100
-91 100 100 31
54 100 100 -85
100 -78 49 100
100 26 -77 100
64 100 86 -100
-19 -100 100 84
-100 24 100 41
100 84 -3 -100
-27 100 100 -12
19 100 100 -75
100 60 -100 -24
33 -100 96 100
45 100 100 -76
34 100 100 -43
-64 100 100 12
89 -100 71 100
100 93 62 -100
43 100 100 -60
-33 100 100 -11
100 56 -100 16
38 100 100 -53
100 61 -100 11
64 -100 92 100
-10 100 100 -33
-54 -100 100 83
-5 100 100 -34
100 72 -100 -49
84 -100 76 100
100 97 35 -100
-100 81 100 32
100 76 -100 -100
-20 100 100 -15
21 100 100 -39
100 76 -100 -59
100 67 -100 -27
58 100 94 -100
100 -59 38 100
-100 15 100 52
100 63 -100 -9
100 -35 15 100
100 73 -100 -80
100 72 -100 -62
4 -100 100 90
100 99 63 -100
-86 -100 100 81
100 30 -86 100
-100 71 100 43
100 92 17 -100
100 4 -36 100
73 -100 88 100
49 -100 98 100
-64 100 100 14
-91 -100 100 77
0
