5
60 -100 100 -70
40 -100 100 -55
20 -100 100 -40
0  -100 100 -25
-20 -100 100 -10
4
70 -100 100 70
100 70 -70 100
-70 100 -100 -70
-100 -70 70 -100
4
75 -100 100 70
100 75 -70 100
-75 100 -100 -70
-100 -75 70 -100
3
100 80 -100 -40
80 100 -40 -100
00 100 100 0
4
100 30 -100 -30
100 40 -100 -40
100 50 -100 -50
100 60 -100 -60
6
100 60 60 100
100 -60 60 -100
-100 60 -60 100
-100 -60 -60 -100
100 0 -100 0
0 100 0 -100
100
100 -30 -100 -30
20 -100 20 100
100 -29 -100 -29
21 -100 21 100
100 -28 -100 -28
22 -100 22 100
100 -27 -100 -27
23 -100 23 100
100 -26 -100 -26
24 -100 24 100
100 -25 -100 -25
25 -100 25 100
100 -24 -100 -24
26 -100 26 100
100 -23 -100 -23
27 -100 27 100
100 -22 -100 -22
28 -100 28 100
100 -21 -100 -21
29 -100 29 100
100 -20 -100 -20
30 -100 30 100
100 -19 -100 -19
31 -100 31 100
100 -18 -100 -18
32 -100 32 100
100 -17 -100 -17
33 -100 33 100
100 -16 -100 -16
34 -100 34 100
100 -15 -100 -15
35 -100 35 100
100 -14 -100 -14
36 -100 36 100
100 -13 -100 -13
37 -100 37 100
100 -12 -100 -12
38 -100 38 100
100 -11 -100 -11
39 -100 39 100
100 -10 -100 -10
40 -100 40 100
100 -9 -100 -9
41 -100 41 100
100 -8 -100 -8
42 -100 42 100
100 -7 -100 -7
43 -100 43 100
100 -6 -100 -6
44 -100 44 100
100 -5 -100 -5
45 -100 45 100
100 -4 -100 -4
46 -100 46 100
100 -3 -100 -3
47 -100 47 100
100 -2 -100 -2
48 -100 48 100
100 -1 -100 -1
49 -100 49 100
100 0 -100 0
50 -100 50 100
100 1 -100 1
51 -100 51 100
100 2 -100 2
52 -100 52 100
100 3 -100 3
53 -100 53 100
100 4 -100 4
54 -100 54 100
100 5 -100 5
55 -100 55 100
100 6 -100 6
56 -100 56 100
100 7 -100 7
57 -100 57 100
100 8 -100 8
58 -100 58 100
100 9 -100 9
59 -100 59 100
100 10 -100 10
60 -100 60 100
100 11 -100 11
61 -100 61 100
100 12 -100 12
62 -100 62 100
100 13 -100 13
63 -100 63 100
100 14 -100 14
64 -100 64 100
100 15 -100 15
65 -100 65 100
100 16 -100 16
66 -100 66 100
100 17 -100 17
67 -100 67 100
100 18 -100 18
68 -100 68 100
100 19 -100 19
69 -100 69 100
100
100 -72 -100 -33
-100 -97 100 57
-77 -100 -100 50
-100 -46 100 53
-97 100 -85 -100
-15 -100 -100 16
96 -100 -100 4
79 -100 -100 6
40 -100 -100 8
-88 -100 -42 100
-42 -100 -100 37
-94 -100 -7 100
-100 -99 100 100
-100 -35 100 -46
100 -22 -100 -36
-100 73 -79 -100
100 55 -100 -59
100 6 -100 -45
-100 42 -66 -100
-100 -13 100 -90
-83 -100 -100 92
-100 -43 100 -17
-6 100 -97 -100
-100 -51 100 21
-75 -100 -100 43
-100 -56 100 50
-100 -92 100 90
-24 100 -93 -100
65 -100 -100 15
100 -84 -100 -32
-100 -44 100 2
-100 16 -20 -100
-100 35 -25 -100
-21 -100 -100 24
100 -88 -100 -18
-100 5 64 -100
100 -20 -100 -41
-100 -66 90 100
-81 100 -84 -100
-87 -100 -78 100
87 -100 -100 2
-78 -100 -100 63
100 -92 -100 2
-100 32 -41 -100
-79 100 -85 -100
-29 100 -92 -100
-100 -78 100 64
-100 89 -81 -100
-100 22 -8 -100
-82 -100 -100 87
100 47 -100 -52
100 -82 -100 -11
-53 100 -88 -100
-100 -3 100 -93
-100 62 -78 -100
15 100 -100 -97
-100 -33 100 -33
-100 -4 100 -89
-48 100 -88 -100
-100 28 -14 -100
-100 10 2 -100
-96 -100 85 100
100 -91 -100 -9
-89 100 -85 -100
100 -71 -100 -38
-65 100 -87 -100
-100 12 67 -100
100 -79 -100 -28
-100 30 -42 -100
18 -100 -100 13
-40 100 -89 -100
-100 71 -79 -100
-100 -67 100 61
-32 -100 -100 30
-91 -100 -27 100
-33 -100 -100 37
-100 -41 100 -16
100 -91 -100 3
100 38 -100 -58
-100 -38 100 -16
-7 -100 -100 15
100 -38 -100 -33
64 100 -99 -100
-76 -100 -100 60
-94 -100 -18 100
-100 90 -83 -100
100 37 -100 -54
-100 -48 100 11
-100 0 84 -100
-100 -43 100 1
-52 -100 -100 49
71 -100 -100 8
-100 -98 87 100
-100 -44 100 12
-43 100 -92 -100
-49 -100 -100 38
-100 44 -50 -100
-100 50 -76 -100
100 54 -100 -56
-37 100 -91 -100
100
-55 -100 -100 -29
-98 -100 100 -53
-64 -100 -18 100
-100 -71 63 -100
-100 -43 -22 -100
-100 -7 -58 -100
89 -100 -100 -95
-62 -100 -100 20
-87 -100 72 100
84 -100 -100 -90
-100 -56 35 -100
100 -80 -100 -97
-94 -100 100 51
-100 -58 61 -100
-78 -100 -15 100
-95 -100 100 -43
49 100 -72 -100
-63 -100 -100 15
-31 -100 -100 -32
-73 -100 60 100
1 -100 -100 -55
-92 -100 100 94
-66 -100 -100 59
-39 -100 -100 -18
100 -96 -100 -100
-21 -100 -100 -50
-94 -100 100 9
-72 -100 34 100
-69 -100 -8 100
-100 -14 -62 -100
-100 -14 -60 -100
-88 -100 100 85
-100 -73 89 -100
-97 -100 100 11
-100 -35 -27 -100
-100 99 -68 -100
38 -100 -100 -70
-100 -73 79 -100
62 -100 -100 -66
-100 -4 -62 -100
-100 -96 100 -87
100 -70 -99 -100
-100 -87 68 -100
-100 -15 -48 -100
52 100 -79 -100
-100 47 -65 -100
100 -19 -96 -100
100 85 -79 -100
85 -100 -100 -93
100 -83 -99 -100
66 -100 -100 -86
-92 -100 100 58
-94 -100 100 27
-100 -33 -30 -100
-100 -42 -27 -100
26 100 -72 -100
100 -83 -100 -99
53 -100 -100 -57
-100 49 -66 -100
-100 -44 -19 -100
-84 -100 47 100
-100 -16 -44 -100
100 72 -88 -100
100 13 -96 -100
100 59 -90 -100
-55 -100 -100 4
-100 -76 63 -100
86 -100 -100 -92
23 -100 -100 -48
30 -100 -100 -63
-71 -100 -6 100
-100 -38 4 -100
42 -100 -100 -51
-100 -69 59 -100
-100 -47 -7 -100
-82 -100 89 100
-93 -100 100 75
87 100 -85 -100
-100 13 -60 -100
-70 -100 7 100
34 -100 -100 -49
-52 -100 -100 -29
-54 -100 -100 -10
-68 -100 -100 79
-100 -53 30 -100
-100 -44 17 -100
-89 -100 100 64
100 -93 -100 -94
-80 -100 62 100
-100 -20 -32 -100
-13 -100 -100 -43
-100 -81 83 -100
-67 -100 -100 44
-100 -45 -11 -100
100 -99 -100 -93
-98 -100 100 -33
100 -59 -100 -99
71 -100 -100 -83
-67 -100 -100 77
-51 -100 -100 -13
100
-100 1 100 20
37 -100 100 96
100 51 -100 -15
-100 15 85 -100
100 99 38 -100
-13 100 80 -100
100 90 8 -100
81 -100 -95 100
9 100 69 -100
-100 -1 100 31
-100 3 100 -72
49 -100 15 100
-100 -88 100 66
-53 -100 100 82
100 79 -73 -100
100 61 -100 -49
-47 -100 100 87
5 100 72 -100
100 65 -100 -76
100 -97 -100 13
100 68 -100 -97
40 -100 69 100
-100 46 82 -100
83 -100 -100 27
-100 0 100 21
44 100 62 -100
100 -91 -100 8
100 51 -100 -35
100 44 -100 -33
-100 6 100 -83
100 -93 -100 10
42 -100 47 100
-100 -50 100 64
100 -94 -100 8
-44 -100 100 88
100 71 -100 -98
100 86 -70 -100
72 -100 -17 100
73 -100 4 100
100 41 -100 -3
78 -100 -22 100
-100 -46 100 54
18 100 64 -100
-100 5 100 -83
100 98 34 -100
100 12 -100 4
-87 100 81 -100
1 -100 100 84
-99 100 82 -100
57 100 39 -100
17 -100 100 94
61 100 46 -100
31 -100 100 95
-74 -100 100 76
90 100 36 -100
51 -100 45 100
-71 -100 100 78
-51 100 80 -100
100 42 -100 -24
100 58 -100 -54
74 -100 -44 100
100 94 15 -100
-100 93 92 -100
-100 -2 100 32
99 -100 -100 12
-100 0 100 13
98 100 39 -100
-92 -100 100 77
-18 100 73 -100
100 95 37 -100
-100 -64 100 61
63 -100 23 100
5 -100 100 91
-100 2 100 6
100 23 -100 0
72 -100 -5 100
100 89 1 -100
100 34 -100 -19
13 100 71 -100
100 -52 -100 4
-100 4 100 -11
100 46 -100 -39
100 83 -61 -100
100 45 -100 -27
100 60 -100 -44
100 43 -100 -10
100 73 -87 -100
100 -6 -100 1
-100 62 100 -97
100 63 -100 -56
29 100 50 -100
76 -100 -37 100
66 100 41 -100
-100 72 95 -100
-92 100 91 -100
-100 -71 100 70
-100 10 100 -92
93 -100 -100 85
70 100 40 -100
47 -100 37 100
100
-80 100 100 99
63 -100 -41 100
-100 -52 -3 100
-100 -4 36 100
33 -100 -11 100
-100 -47 14 100
55 -100 -17 100
-100 21 58 100
-46 100 100 -41
35 100 -100 -22
-76 100 100 75
100 -23 -51 100
-100 94 81 100
-4 100 -77 -100
-100 25 61 100
-69 100 100 -6
-100 12 52 100
100 -18 -65 100
-71 -100 -9 100
-100 2 48 100
68 100 -100 32
-100 84 78 100
-100 4 49 100
50 -100 -40 100
100 12 -75 100
-100 -69 3 100
-100 69 72 100
-45 100 100 -69
16 100 -100 -18
-100 53 72 100
-59 -100 -7 100
-100 26 69 100
-14 100 45 -100
100 96 -80 100
91 -100 -42 100
88 100 -100 99
-96 -100 1 100
-30 100 53 -100
-43 100 100 -80
-44 -100 -11 100
49 -100 -17 100
-58 100 100 -23
98 100 -100 86
-49 100 100 -38
-100 67 73 100
-59 100 100 -25
29 100 -100 -8
1 -100 -13 100
-100 -65 7 100
100 79 -79 100
-16 100 39 -100
-41 100 66 -100
-100 -54 10 100
-100 38 70 100
-100 76 80 100
26 100 -100 -45
63 100 -100 20
100 61 -76 100
-100 7 57 100
-66 100 100 10
24 100 -100 -9
-48 100 100 -36
-15 100 35 -100
-100 -58 9 100
100 -63 -45 100
-100 51 69 100
-93 -100 2 100
-75 100 100 71
-72 100 100 -11
100 44 -70 100
67 100 -100 29
-87 100 100 87
34 100 -100 -25
100 76 -79 100
100 -66 -46 100
82 100 -100 94
4 100 -100 -72
-34 -100 -11 100
100 -16 -71 100
-5 100 -44 -100
-100 25 64 100
-100 95 93 100
82 -100 -44 100
71 100 -100 42
-78 100 100 67
-10 100 -24 -100
75 100 -100 64
-100 5 56 100
64 100 -100 23
-72 100 100 -2
-43 100 100 -94
-74 100 100 9
-60 100 100 -31
-100 39 69 100
-29 100 40 -100
-68 100 100 -11
50 100 -100 9
-55 100 100 -17
100 97 -99 100
100 -22 -61 100
100
-17 -100 100 4
95 -100 -100 -72
-57 100 40 -100
82 100 29 -100
-15 -100 100 45
-79 -100 100 -18
100 -14 -52 -100
-72 -100 100 -17
100 -29 -100 -75
84 -100 -100 10
54 -100 -100 50
5 -100 100 47
19 -100 100 72
100 -3 -35 -100
100 51 6 -100
11 -100 100 61
44 100 37 -100
79 -100 -100 45
-66 100 43 -100
86 -100 -100 8
49 -100 -100 61
36 100 38 -100
-73 100 51 -100
100 99 18 -100
100 -83 -100 -35
100 -9 -57 -100
-100 47 72 -100
29 -100 99 100
-2 -100 100 38
48 -100 -67 100
-21 -100 100 12
-6 100 39 -100
100 -77 -89 -100
23 -100 100 100
42 -100 -59 100
100 -38 -100 -60
-53 -100 100 -16
-100 32 82 -100
-100 -21 89 -100
-86 -100 100 -22
-48 100 41 -100
100 -8 -29 -100
31 -100 53 100
-100 -16 100 -90
88 -100 -100 -4
100 -23 -91 -100
68 -100 -100 59
73 -100 -100 46
100 75 16 -100
-6 -100 100 12
-100 -38 100 -54
-100 -32 100 -98
25 -100 93 100
100 -51 -100 -45
100 -18 -85 -100
90 -100 -100 -29
100 -36 -100 -65
-100 46 76 -100
-100 71 55 -100
11 -100 100 66
-100 50 71 -100
-100 -6 89 -100
-22 -100 100 -4
32 -100 40 100
100 37 -13 -100
33 -100 -22 100
100 65 15 -100
-72 100 53 -100
100 -9 -36 -100
-100 38 77 -100
30 -100 65 100
25 -100 100 84
29 -100 60 100
76 100 27 -100
-100 43 79 -100
-100 -51 100 -30
19 -100 100 77
-100 -98 100 -31
-100 -93 100 -28
-100 1 88 -100
100 -96 -100 -34
-27 -100 100 2
8 -100 100 50
100 32 -3 -100
-87 -100 100 -25
100 -52 -100 -47
-39 -100 100 -10
-100 50 61 -100
9 -100 100 53
47 -100 -82 100
-90 100 56 -100
-100 -33 100 -88
72 -100 -100 49
100 48 4 -100
28 -100 98 100
-88 -100 100 -24
44 -100 -71 100
-36 -100 100 -12
100 -55 -100 -43
-8 -100 100 13
100
-42 100 100 83
61 100 -100 0
99 100 -100 4
-96 100 100 87
-35 100 100 25
20 -100 12 100
57 100 -88 -100
100 -9 11 100
-100 -66 60 100
30 100 -13 -100
6 100 100 10
-100 1 71 100
-100 51 100 88
43 100 -59 -100
28 100 -8 -100
-37 -100 38 100
-100 7 100 98
100 86 -68 100
-6 -100 18 100
-29 -100 35 100
100 41 -36 100
-41 100 100 49
100 96 -100 19
-19 100 100 14
-37 100 100 52
100 25 -24 100
8 100 92 -100
-67 100 100 84
-15 100 100 23
5 -100 15 100
27 100 -9 -100
100 80 -43 100
-38 -100 56 100
-33 -100 36 100
-100 75 100 93
-100 -6 69 100
-63 -100 54 100
-60 -100 51 100
-100 -64 65 100
100 56 -63 100
100 -68 -6 100
-10 100 100 18
-58 -100 39 100
-8 100 100 10
100 98 -100 8
12 100 55 -100
0 -100 13 100
57 100 -100 -87
100 88 -98 100
61 100 -100 -60
-11 -100 34 100
-100 66 100 94
100 79 -45 100
-32 100 100 33
27 100 4 -100
95 -100 1 100
-7 -100 17 100
100 95 -100 25
58 100 -100 -65
-100 35 100 94
-100 -19 65 100
100 33 -33 100
10 100 72 -100
33 100 -19 -100
100 83 -52 100
55 100 -100 -96
75 100 -100 22
100 -6 -7 100
100 -26 9 100
100 90 -100 50
5 100 100 -96
66 100 -100 -38
-13 100 100 21
-82 -100 54 100
-39 100 100 52
-10 100 100 17
-40 100 100 77
36 100 -31 -100
-100 -4 78 100
100 90 -100 61
88 -100 13 100
82 100 -100 5
-12 -100 23 100
-16 100 100 28
18 100 0 -100
100 8 -4 100
100 9 3 100
13 100 7 -100
100 91 -100 47
16 100 5 -100
-22 100 100 40
100 85 -55 100
66 100 -100 -44
-100 -41 59 100
100 -72 6 100
-100 90 100 88
53 100 -56 -100
-40 -100 41 100
100 37 -32 100
-60 100 100 86
100
-100 -65 77 -100
-100 -7 -51 -100
-100 -88 100 92
83 100 -71 -100
-100 -81 100 -70
-100 -32 -41 -100
100 51 -100 -87
-56 -100 -92 100
-100 -62 38 -100
-100 -38 14 -100
-100 -66 100 -97
-100 -55 31 -100
-62 -100 -41 100
-100 -95 100 98
-42 -100 -100 -21
-100 82 -52 -100
-100 99 -55 -100
-83 100 -67 -100
-100 -69 100 -59
100 -86 -100 -68
-31 100 -65 -100
-100 -39 16 -100
-100 -37 14 -100
86 100 -80 -100
-47 -100 -100 -20
96 100 -77 -100
-100 -33 -6 -100
52 -100 -100 -64
76 -100 -100 -65
-20 100 -68 -100
-46 -100 -100 20
100 5 -100 -83
-87 -100 91 100
-39 -100 -100 -30
-100 -85 100 12
7 -100 -100 -34
-85 100 -58 -100
22 -100 -100 -41
-59 -100 -44 100
-100 -73 100 -20
15 100 -76 -100
-100 -77 100 -45
-100 -41 23 -100
-100 -82 100 -52
-51 -100 -100 85
-100 -68 100 -83
100 95 -100 -94
20 -100 -100 -40
-100 -23 -41 -100
100 22 -100 -86
-100 -26 -7 -100
-100 21 -50 -100
-100 -35 8 -100
-100 -81 100 -18
-9 100 -69 -100
100 -50 -100 -81
-31 -100 -100 -34
96 100 -94 -100
-100 -57 37 -100
-46 100 -62 -100
-79 -100 29 100
100 -58 -100 -76
-100 88 -57 -100
-3 100 -75 -100
23 100 -77 -100
24 -100 -100 -45
-100 81 -48 -100
11 100 -75 -100
-61 -100 -75 100
-100 -66 100 -96
100 30 -100 -87
-7 100 -68 -100
-84 100 -57 -100
38 -100 -100 -43
100 67 -100 -89
-100 -68 100 -75
-100 -55 29 -100
56 -100 -100 -43
100 78 -97 -100
-21 100 -67 -100
-36 -100 -100 -27
-66 -100 -17 100
-100 94 -52 -100
-51 -100 -100 46
71 -100 -100 -65
65 -100 -100 -60
-91 -100 99 100
-100 -92 100 32
100 31 -100 -88
-91 100 -58 -100
-77 100 -59 -100
-100 13 -48 -100
32 100 -83 -100
100 87 -90 -100
-100 -78 100 -56
40 100 -100 -95
-100 -42 24 -100
100 97 -100 -97
-100 -55 40 -100
-71 -100 0 100
100
-100 -47 50 100
100 -3 -100 12
36 -100 0 100
-100 -35 74 100
100 -91 -24 100
-78 -100 24 100
-73 100 100 -14
100 91 -100 -4
-51 100 100 -80
-9 -100 11 100
55 -100 -22 100
20 100 -72 -100
-100 -6 99 100
31 100 -100 -96
100 7 -100 -3
5 100 33 -100
29 100 -100 -100
-23 -100 13 100
-36 100 100 -86
-100 23 100 -11
35 100 -100 -60
14 100 -57 -100
-60 100 100 -41
-100 -33 84 100
-42 100 100 -58
100 -90 -28 100
-100 -15 98 100
-100 -59 73 100
16 100 -62 -100
51 -100 -11 100
49 -100 -6 100
-66 100 100 -18
64 -100 -27 100
100 -10 -86 100
50 -100 -7 100
8 100 10 -100
-100 17 100 81
38 -100 -2 100
100 -43 -59 100
35 100 -100 -69
6 -100 11 100
-82 100 100 -13
-100 -67 37 100
-57 100 100 -42
-45 100 100 -48
20 100 -64 -100
100 2 -100 55
100 -32 -68 100
35 -100 3 100
-3 100 49 -100
-100 56 100 -4
-75 100 100 -13
-100 -21 88 100
26 100 -99 -100
21 100 -77 -100
15 100 -65 -100
100 -19 -65 100
90 100 -100 -31
56 100 -100 -36
14 100 -39 -100
-100 -63 48 100
-60 100 100 -39
-37 100 100 -72
-23 100 57 -100
-100 -10 97 100
-100 -30 86 100
100 -6 -100 72
100 -90 -32 100
100 19 -100 20
47 100 -100 -52
-12 100 52 -100
-100 -9 100 54
-100 40 100 14
100 100 -100 -11
32 100 -100 -86
5 100 30 -100
94 100 -100 -21
100 -7 -100 85
100 42 -100 4
-72 100 100 -16
100 -85 -42 100
14 100 -51 -100
-1 100 37 -100
-19 100 50 -100
-100 -43 70 100
100 -12 -100 95
100 -40 -62 100
100 20 -100 6
100 96 -100 -9
100 -10 -100 59
-23 100 76 -100
-54 100 100 -51
79 100 -100 -39
100 -43 -53 100
50 100 -100 -48
9 100 1 -100
-34 100 98 -100
-100 -72 34 100
37 100 -100 -53
22 100 -86 -100
0
