5
40 -100 100 -55
20 -100 100 -40
0  -100 100 -25
-20 -100 100 -10
-40 -100 100 5
4
60 -100 100 60
100 60 -60 100
-60 100 -100 -60
-100 -60 60 -100
4
65 -100 100 60
100 65 -60 100
-65 100 -100 -60
-100 -65 60 -100
3
100 80 -100 -20
80 100 -20 -100
20 100 100 20
4
100 50 -100 -50
100 60 -100 -60
100 70 -100 -70
100 80 -100 -80
6
100 80 80 100
100 -80 80 -100
-100 80 -80 100
-100 -80 -80 -100
100 0 -100 0
0 100 0 -100
100
100 -40 -100 -40
30 -100 30 100
100 -39 -100 -39
31 -100 31 100
100 -38 -100 -38
32 -100 32 100
100 -37 -100 -37
33 -100 33 100
100 -36 -100 -36
34 -100 34 100
100 -35 -100 -35
35 -100 35 100
100 -34 -100 -34
36 -100 36 100
100 -33 -100 -33
37 -100 37 100
100 -32 -100 -32
38 -100 38 100
100 -31 -100 -31
39 -100 39 100
100 -30 -100 -30
40 -100 40 100
100 -29 -100 -29
41 -100 41 100
100 -28 -100 -28
42 -100 42 100
100 -27 -100 -27
43 -100 43 100
100 -26 -100 -26
44 -100 44 100
100 -25 -100 -25
45 -100 45 100
100 -24 -100 -24
46 -100 46 100
100 -23 -100 -23
47 -100 47 100
100 -22 -100 -22
48 -100 48 100
100 -21 -100 -21
49 -100 49 100
100 -20 -100 -20
50 -100 50 100
100 -19 -100 -19
51 -100 51 100
100 -18 -100 -18
52 -100 52 100
100 -17 -100 -17
53 -100 53 100
100 -16 -100 -16
54 -100 54 100
100 -15 -100 -15
55 -100 55 100
100 -14 -100 -14
56 -100 56 100
100 -13 -100 -13
57 -100 57 100
100 -12 -100 -12
58 -100 58 100
100 -11 -100 -11
59 -100 59 100
100 -10 -100 -10
60 -100 60 100
100 -9 -100 -9
61 -100 61 100
100 -8 -100 -8
62 -100 62 100
100 -7 -100 -7
63 -100 63 100
100 -6 -100 -6
64 -100 64 100
100 -5 -100 -5
65 -100 65 100
100 -4 -100 -4
66 -100 66 100
100 -3 -100 -3
67 -100 67 100
100 -2 -100 -2
68 -100 68 100
100 -1 -100 -1
69 -100 69 100
100 0 -100 0
70 -100 70 100
100 1 -100 1
71 -100 71 100
100 2 -100 2
72 -100 72 100
100 3 -100 3
73 -100 73 100
100 4 -100 4
74 -100 74 100
100 5 -100 5
75 -100 75 100
100 6 -100 6
76 -100 76 100
100 7 -100 7
77 -100 77 100
100 8 -100 8
78 -100 78 100
100 9 -100 9
79 -100 79 100
100
100 40 81 100
-59 -100 100 55
14 -100 100 67
92 100 100 -20
100 47 -100 -84
48 -100 100 81
-100 22 100 44
100 65 -3 -100
57 -100 94 100
100 -4 83 100
100 69 15 -100
85 100 100 -16
40 -100 100 75
-15 100 100 19
100 62 -8 -100
-26 -100 100 53
100 42 -61 100
100 -97 90 100
-42 -100 100 58
100 50 -63 -100
-100 8 100 46
100 -14 84 100
100 49 -79 -100
50 -100 100 92
100 11 31 100
-34 100 100 22
100 32 -55 100
100 -49 86 100
100 -53 94 100
100 80 43 -100
100 70 39 -100
100 8 65 100
0 100 100 18
100 48 -83 -100
93 -100 100 95
-100 92 100 42
95 -100 93 100
-81 100 100 43
100 2 77 100
-49 -100 100 60
-100 48 100 44
70 100 100 0
13 100 100 16
100 81 49 -100
88 100 100 -90
100 47 -100 -51
-36 -100 100 64
100 90 43 -100
100 31 -57 100
84 100 100 -11
45 100 100 3
-100 82 100 41
100 25 -54 100
100 29 -42 100
100 72 22 -100
100 45 -100 10
34 100 100 13
100 77 42 -100
100 7 41 100
71 -100 98 100
100 43 -100 70
67 100 100 0
-55 -100 100 57
100 94 49 -100
-62 -100 100 51
-49 100 100 30
-100 -94 100 50
-100 -57 100 49
100 34 -99 100
100 -8 81 100
49 100 100 10
94 100 87 -100
100 14 -15 100
42 -100 100 70
93 -100 94 100
-23 -100 100 64
64 100 100 4
100 23 -31 100
17 -100 100 69
54 -100 100 87
-100 78 100 43
100 96 71 -100
64 -100 100 83
48 100 100 3
84 -100 100 98
-40 100 100 26
100 -53 90 100
-43 100 100 20
52 -100 100 86
100 40 -50 100
100 37 -77 100
78 100 100 -4
100 43 -100 65
100 73 28 -100
100 10 32 100
-41 100 100 22
96 100 82 -100
-45 -100 100 61
100 47 -100 -5
63 100 100 9
100
100 -4 -100 -31
100 86 50 -100
-100 -8 100 -19
100 -95 -100 58
100 100 88 -100
100 -28 -100 19
-100 -91 100 21
-15 -100 100 63
100 60 -44 -100
-14 -100 100 79
-98 100 100 -98
100 29 -69 -100
100 -89 -100 27
53 -100 -59 100
-100 -70 100 11
90 -100 -79 100
-100 -13 100 -8
-58 -100 100 34
100 10 -100 -53
100 -94 -100 31
-100 20 100 -81
-100 -77 100 12
-100 -48 100 9
100 -98 -100 76
-100 36 100 -93
9 -100 100 83
100 -20 -100 12
100 24 -96 -100
3 -100 100 81
-55 -100 100 56
-90 100 93 -100
-100 16 100 -23
-52 -100 100 54
30 100 51 -100
100 -38 -100 17
78 -100 -63 100
-91 -100 100 49
-74 100 89 -100
100 -2 -100 -45
-26 100 70 -100
100 88 52 -100
-33 -100 100 71
-100 -83 100 18
-100 19 100 -79
-100 25 100 -82
100 16 -100 -88
100 13 -100 -85
100 15 -100 -81
-100 -22 100 -6
-100 17 100 -24
-66 -100 100 39
-100 89 100 -97
-92 -100 100 31
100 84 35 -100
-100 98 100 -99
100 -5 -100 -9
-3 -100 100 79
62 -100 100 93
100 78 -28 -100
63 -100 74 100
100 66 -29 -100
-83 100 99 -100
100 -13 -100 -6
-57 -100 100 52
-28 -100 100 77
26 -100 100 82
100 -96 -100 48
-100 -61 100 2
83 -100 -68 100
100 27 -100 -99
64 -100 -11 100
100 -96 -100 59
100 -91 -100 54
-100 23 100 -57
76 -100 -63 100
-100 24 100 -82
-49 -100 100 61
98 -100 -91 100
-100 18 100 -44
-100 -30 100 -2
100 38 -86 -100
100 7 -100 -31
100 73 -42 -100
-100 61 100 -95
-91 -100 100 33
-65 100 79 -100
100 80 10 -100
100 76 -41 -100
-100 -91 100 19
100 -86 -100 32
-100 76 100 -96
66 -100 25 100
-50 -100 100 64
-17 100 67 -100
47 -100 45 100
100 -9 -100 -18
-100 7 100 -19
100 78 -25 -100
-85 100 91 -100
-100 0 100 -9
100
-52 -100 95 100
89 -100 -100 20
-12 -100 63 100
78 -100 -100 24
82 100 -25 -100
-100 -45 100 11
100 21 -77 -100
11 100 37 -100
-52 100 47 -100
-100 7 100 -46
100 73 -62 -100
-91 -100 100 20
57 100 5 -100
49 -100 -100 99
100 -13 -100 -31
100 -78 -100 11
50 -100 -100 42
-63 -100 100 31
100 -63 -100 10
22 -100 22 100
-100 -15 100 -33
100 25 -72 -100
20 -100 50 100
4 100 44 -100
100 8 -92 -100
-10 -100 72 100
-100 -28 100 -31
100 -37 -100 2
-99 -100 100 -9
-100 55 68 -100
-100 15 88 -100
-70 -100 100 28
90 100 -44 -100
54 -100 -100 87
-55 -100 100 100
-100 -13 100 -34
-100 30 57 -100
100 -10 -100 -61
-56 -100 100 78
3 100 42 -100
-100 35 72 -100
100 7 -100 -91
44 -100 0 100
29 100 27 -100
87 100 -20 -100
-100 1 100 -50
46 -100 -28 100
-61 -100 100 65
-52 -100 91 100
100 12 -92 -100
87 100 -35 -100
11 -100 55 100
13 -100 30 100
-100 37 70 -100
73 100 -12 -100
100 -35 -100 -5
60 100 3 -100
88 100 -26 -100
8 -100 55 100
-7 -100 70 100
48 100 21 -100
-67 -100 100 59
100 -14 -100 -25
100 4 -100 -74
100 -32 -100 -19
-7 -100 61 100
84 -100 -100 27
47 -100 -80 100
100 -15 -100 -18
100 63 -60 -100
100 79 -58 -100
-100 -70 100 -9
-12 100 45 -100
-100 -99 100 15
76 100 -18 -100
85 -100 -100 15
-71 -100 100 44
100 -33 -100 -6
-100 3 100 -39
100 -89 -100 15
30 -100 19 100
71 100 -14 -100
-100 -51 100 -11
100 -40 -100 6
100 -34 -100 -14
-16 -100 76 100
61 -100 -100 64
85 100 -26 -100
100 -94 -100 12
100 18 -88 -100
-100 14 100 -89
-100 -2 100 -35
48 -100 -97 100
14 100 31 -100
5 100 37 -100
100 -13 -100 -36
93 100 -57 -100
57 100 4 -100
46 -100 -72 100
19 100 28 -100
100
-100 41 -6 -100
41 -100 -100 17
-79 -100 -35 100
-100 73 -51 -100
-100 -54 -33 100
-100 15 100 -43
49 100 -100 -30
-53 -100 -100 82
69 100 -100 -20
-100 -41 31 100
-12 -100 -100 51
-100 10 100 68
24 -100 -100 20
94 100 -100 -5
-13 100 -100 -48
-100 24 -5 -100
100 89 -100 2
55 100 -100 -23
-56 -100 -79 100
-63 100 -69 -100
-100 -52 0 100
-100 13 100 -22
100 -10 -100 8
-100 -97 -23 100
-26 -100 -100 65
-70 -100 -46 100
-67 -100 -81 100
82 100 -100 -20
-100 -1 100 93
-100 -26 51 100
37 100 -100 -37
46 100 -100 -34
-86 -100 -39 100
-60 -100 -92 100
100 -80 -100 18
-58 -100 -100 93
92 100 -100 -18
-100 92 -54 -100
7 -100 -100 24
-100 75 -49 -100
-68 100 -62 -100
100 -36 -100 14
-100 68 -18 -100
-100 -12 85 100
-100 -21 58 100
1 100 -100 -38
-14 100 -100 -67
-61 -100 -78 100
-32 -100 -100 39
-100 -89 -22 100
-59 -100 -95 100
-2 100 -100 -52
-100 -22 59 100
-100 16 61 -100
100 -12 -100 13
-25 100 -90 -100
-100 -76 -19 100
100 98 -100 -17
49 -100 -100 22
100 -7 -100 7
100 -97 -100 20
-100 48 -47 -100
-9 100 -100 -63
-100 26 0 -100
93 100 -100 -16
-100 19 55 -100
-100 5 100 46
-42 100 -74 -100
-80 -100 -54 100
-100 24 8 -100
-73 100 -61 -100
79 100 -100 -19
-100 22 22 -100
42 100 -100 -30
-100 -20 78 100
100 37 -100 11
20 100 -100 -34
-54 -100 -100 89
-85 -100 -51 100
-100 6 100 41
-90 -100 -31 100
-11 -100 -100 49
-100 -45 15 100
-58 -100 -100 100
100 -52 -100 13
100 33 -100 6
-90 -100 -24 100
-100 91 -60 -100
-41 -100 -100 71
-56 -100 -100 84
-100 21 32 -100
-100 -59 -10 100
-15 -100 -100 59
57 100 -100 -24
-100 -27 45 100
-84 -100 -38 100
-100 77 -43 -100
-37 -100 -100 69
100 99 -100 -4
-100 4 100 81
100
-100 72 -35 -100
-94 100 -100 -81
-100 -6 100 10
36 100 -100 -62
10 -100 -100 32
100 74 -100 -38
-100 -54 100 83
55 -100 -100 1
47 -100 -100 25
100 -86 -100 -4
100 52 -100 -14
-85 -100 -100 82
-100 -77 11 100
-100 36 -27 -100
-100 -76 17 100
-45 100 -100 -78
-100 -1 100 -95
-100 -10 100 18
-100 -5 100 -53
-100 -93 -52 100
-100 88 -91 -100
-100 -26 100 55
-64 -100 -100 57
-100 55 -5 -100
100 29 -100 -20
-80 -100 -100 78
100 22 -100 -17
-100 80 -84 -100
-100 -61 81 100
50 -100 -100 9
100 79 -100 -49
-100 34 6 -100
98 100 -100 -57
-100 -73 26 100
-100 15 39 -100
100 18 -100 -13
-100 33 11 -100
-79 -100 -100 70
90 100 -100 -58
-100 -85 -98 100
-100 90 -97 -100
-100 56 -31 -100
-100 -63 38 100
100 -13 -100 -6
-100 46 -3 -100
-100 30 21 -100
-100 -52 100 78
79 -100 -100 -2
59 -100 -100 5
100 57 -100 -29
-100 -79 -64 100
-100 10 43 -100
-100 -36 100 72
30 -100 -100 18
77 100 -100 -59
-100 -81 -60 100
100 34 -100 -17
-100 -62 45 100
-100 2 63 -100
-4 -100 -100 53
-100 73 -67 -100
-100 -14 100 29
-58 -100 -100 66
-100 -61 49 100
100 -30 -100 -5
29 100 -100 -68
-100 74 -60 -100
-100 -95 -99 100
-100 77 -70 -100
-100 -9 100 -32
12 -100 -100 32
100 -70 -100 1
-100 38 -3 -100
-95 -100 -100 98
-100 -40 100 68
-100 -2 100 -84
100 -75 -100 -5
23 100 -100 -68
-100 -1 100 -93
-100 -98 -93 100
-100 -94 -70 100
88 100 -100 -56
-100 -59 54 100
42 -100 -100 10
-100 -79 -32 100
-100 54 -39 -100
-100 -24 100 37
16 -100 -100 23
-100 6 48 -100
-55 -100 -100 60
-100 26 13 -100
100 34 -100 -21
100 94 -100 -42
-100 -78 -23 100
-100 -70 18 100
-63 -100 -100 76
-100 -12 100 24
100 52 -100 -25
-100 -65 32 100
-56 -100 -100 67
100
-38 100 100 28
-18 -100 100 97
100 26 -16 100
100 92 -100 61
100 -38 4 100
47 100 53 -100
45 100 65 -100
-5 -100 73 100
100 57 -100 94
43 -100 55 100
100 -90 42 100
-100 95 100 47
100 5 2 100
64 100 26 -100
-47 100 100 43
100 81 -100 64
-100 81 100 76
100 -77 25 100
100 77 -100 74
84 100 -7 -100
-13 100 100 23
-100 5 100 94
92 100 -72 -100
-10 100 100 6
100 36 -44 100
-70 100 100 48
-13 -100 86 100
100 -48 6 100
-44 100 100 40
19 -100 65 100
100 96 -87 -100
100 50 -91 100
-11 100 100 8
84 -100 39 100
-100 86 100 56
54 100 50 -100
100 -4 14 100
0 100 100 -2
100 84 -100 59
100 95 -100 -76
54 -100 50 100
-60 100 100 44
100 65 -100 86
30 100 88 -100
78 100 7 -100
100 52 -100 90
100 -40 8 100
88 100 -9 -100
34 -100 58 100
100 81 -100 63
66 100 13 -100
41 100 79 -100
-100 81 100 72
100 1 4 100
-26 -100 89 100
90 100 -100 -18
100 -58 31 100
14 -100 68 100
21 -100 62 100
100 31 -43 100
-81 -100 100 99
100 86 -100 -68
8 -100 82 100
100 74 -100 84
19 100 100 -71
100 82 -100 11
100 -69 16 100
33 100 90 -100
100 70 -100 83
100 19 -12 100
100 -54 10 100
-14 -100 90 100
-8 100 100 6
-100 84 100 63
-89 -100 100 95
100 51 -100 96
100 37 -48 100
53 100 35 -100
95 100 -80 -100
-74 100 100 45
81 100 0 -100
-20 100 100 26
100 -66 10 100
64 -100 49 100
-100 67 100 77
100 -100 28 100
-12 100 100 16
15 100 100 -66
34 -100 56 100
35 -100 55 100
-6 -100 82 100
100 -46 9 100
100 43 -49 100
100 56 -100 95
-32 100 100 28
100 89 -100 -75
-100 92 100 53
100 7 -8 100
100 96 -100 -77
32 100 100 -87
100
100 13 -53 100
-76 -100 -26 100
100 81 -100 75
-100 -91 33 100
-100 -28 73 100
36 100 -100 -52
-35 100 47 -100
97 100 -100 -4
-84 -100 -24 100
-100 97 100 55
-100 -93 2 100
-44 100 100 -88
100 100 -100 24
-100 44 100 74
100 -52 -47 100
66 -100 -40 100
-100 -35 66 100
-43 100 72 -100
-100 89 100 62
100 91 -100 33
100 40 -96 100
-69 -100 -34 100
-31 100 -26 -100
100 -2 -63 100
100 -42 -48 100
53 -100 -39 100
100 -30 -52 100
90 100 -100 -32
-73 100 100 31
45 100 -100 -43
85 100 -100 -15
-100 -9 95 100
-100 97 100 43
-86 100 100 45
-87 -100 -19 100
-100 -39 56 100
27 100 -100 -100
100 18 -65 100
-93 -100 -4 100
-70 100 100 29
98 100 -100 9
100 38 -92 100
29 100 -100 -92
34 100 -100 -76
-100 -33 69 100
44 100 -100 -44
100 92 -100 30
-97 -100 -5 100
100 19 -57 100
-100 -35 70 100
22 100 -97 -100
-100 15 100 99
-43 100 71 -100
91 -100 -45 100
100 68 -100 48
100 64 -100 52
80 100 -100 -32
-72 -100 -33 100
-100 35 100 76
-91 -100 -11 100
3 100 -95 -100
-73 -100 -21 100
39 100 -100 -73
-84 100 100 22
35 100 -100 -87
-45 100 100 -55
-55 100 100 16
-100 57 100 46
81 -100 -43 100
-35 100 37 -100
-100 -4 96 100
-50 100 100 -5
100 21 -70 100
-100 84 100 63
21 100 -100 -90
95 100 -100 -24
100 51 -100 98
100 32 -73 100
-97 -100 -1 100
-14 -100 -37 100
98 -100 -46 100
-100 35 100 85
-100 32 100 94
100 -6 -54 100
-100 -63 39 100
63 -100 -37 100
-100 -50 54 100
99 100 -100 4
68 100 -100 -34
-100 -68 35 100
100 13 -67 100
-100 -39 59 100
-100 -53 40 100
-27 100 -67 -100
100 -37 -50 100
-92 -100 -19 100
-100 -65 46 100
-91 -100 -21 100
-100 96 100 65
100 -32 -51 100
100
-100 95 100 -78
100 -60 -100 38
-100 -57 -50 100
75 100 -100 37
15 100 -100 -44
-52 100 -100 -71
-93 100 -51 -100
39 100 -100 17
-96 100 -17 -100
-100 -3 24 100
60 100 -100 18
-97 100 -10 -100
-100 58 41 -100
-100 -55 -44 100
-99 -100 -73 100
-100 -93 -71 100
-98 100 32 -100
-90 100 -65 -100
-43 100 -100 -53
-82 100 -83 -100
-100 -14 20 100
100 -67 -100 47
-100 -99 -71 100
100 -73 -100 46
-100 34 100 89
100 -74 -100 55
-70 100 -100 -82
-36 100 -100 -39
11 100 -100 -46
-70 -100 -84 100
-100 -78 -56 100
-100 33 90 100
-89 -100 -79 100
32 100 -100 0
36 100 -100 13
28 100 -100 -2
-94 100 -47 -100
17 100 -100 -15
-100 38 100 13
50 100 -100 15
-71 -100 -87 100
63 100 -100 33
-100 49 100 -74
-76 100 -96 -100
-100 28 62 100
1 100 -100 -50
-100 30 69 100
-48 100 -100 -64
100 -86 -100 81
100 38 -100 40
100 -93 -100 98
-77 100 -100 -94
41 -100 -99 100
-100 37 100 69
100 -92 -100 83
-60 100 -100 -85
-100 43 100 -38
100 -82 -100 54
33 100 -100 5
-10 100 -100 -30
-26 -100 -94 100
-100 100 88 -100
100 80 -100 36
-100 14 59 100
10 100 -100 -28
-100 -4 22 100
100 22 -100 41
-100 10 40 100
-13 -100 -95 100
33 -100 -100 99
-77 100 -89 -100
-100 52 100 -75
-100 -29 16 100
-100 -87 -68 100
-56 -100 -87 100
100 -25 -100 42
-13 100 -100 -53
38 100 -100 11
-100 41 100 -9
34 100 -100 8
-76 -100 -84 100
100 -83 -100 96
100 -92 -100 56
-100 -25 7 100
14 -100 -95 100
100 -96 -100 90
-80 -100 -86 100
-100 48 100 -70
-61 100 -100 -84
-100 35 100 45
-96 100 -47 -100
-100 -55 -39 100
100 11 -100 39
-99 -100 -75 100
-100 -60 -54 100
13 -100 -97 100
-100 27 62 100
-100 -7 20 100
-100 -51 -16 100
-98 100 35 -100
0
