5
20 -100 100 -40
0  -100 100 -25
-20 -100 100 -10
-40 -100 100 5
-60 -100 100 20
4
50 -100 100 50
100 50 -50 100
-50 100 -100 -50
-100 -50 50 -100
4
55 -100 100 50
100 55 -50 100
-55 100 -100 -50
-100 -55 50 -100
3
100 37 -100 17
37 100 17 -100
-40 100 100 -40
4
100 40 -100 -40
100 50 -100 -50
100 60 -100 -60
100 70 -100 -70
6
100 50 50 100
100 -50 50 -100
-100 50 -50 100
-100 -50 -50 -100
100 0 -100 0
0 100 0 -100
100
100 -20 -100 -20
10 -100 10 100
100 -19 -100 -19
11 -100 11 100
100 -18 -100 -18
12 -100 12 100
100 -17 -100 -17
13 -100 13 100
100 -16 -100 -16
14 -100 14 100
100 -15 -100 -15
15 -100 15 100
100 -14 -100 -14
16 -100 16 100
100 -13 -100 -13
17 -100 17 100
100 -12 -100 -12
18 -100 18 100
100 -11 -100 -11
19 -100 19 100
100 -10 -100 -10
20 -100 20 100
100 -9 -100 -9
21 -100 21 100
100 -8 -100 -8
22 -100 22 100
100 -7 -100 -7
23 -100 23 100
100 -6 -100 -6
24 -100 24 100
100 -5 -100 -5
25 -100 25 100
100 -4 -100 -4
26 -100 26 100
100 -3 -100 -3
27 -100 27 100
100 -2 -100 -2
28 -100 28 100
100 -1 -100 -1
29 -100 29 100
100 0 -100 0
30 -100 30 100
100 1 -100 1
31 -100 31 100
100 2 -100 2
32 -100 32 100
100 3 -100 3
33 -100 33 100
100 4 -100 4
34 -100 34 100
100 5 -100 5
35 -100 35 100
100 6 -100 6
36 -100 36 100
100 7 -100 7
37 -100 37 100
100 8 -100 8
38 -100 38 100
100 9 -100 9
39 -100 39 100
100 10 -100 10
40 -100 40 100
100 11 -100 11
41 -100 41 100
100 12 -100 12
42 -100 42 100
100 13 -100 13
43 -100 43 100
100 14 -100 14
44 -100 44 100
100 15 -100 15
45 -100 45 100
100 16 -100 16
46 -100 46 100
100 17 -100 17
47 -100 47 100
100 18 -100 18
48 -100 48 100
100 19 -100 19
49 -100 49 100
100 20 -100 20
50 -100 50 100
100 21 -100 21
51 -100 51 100
100 22 -100 22
52 -100 52 100
100 23 -100 23
53 -100 53 100
100 24 -100 24
54 -100 54 100
100 25 -100 25
55 -100 55 100
100 26 -100 26
56 -100 56 100
100 27 -100 27
57 -100 57 100
100 28 -100 28
58 -100 58 100
100 29 -100 29
59 -100 59 100
100
100 48 -100 58
-100 -83 -73 100
-71 100 -100 -30
100 -8 -100 61
100 -93 -94 100
-100 -24 70 100
-100 34 100 58
-90 100 -73 -100
85 100 -100 -11
-100 -29 40 100
100 -74 -100 63
100 97 -100 11
100 -88 -97 100
-91 100 -23 -100
27 100 -100 -62
-82 100 -86 -100
100 -10 -100 72
-100 28 100 86
-100 1 90 100
100 76 -100 15
-87 100 -58 -100
31 100 -100 -50
-100 -63 -51 100
-82 -100 -84 100
-92 100 -10 -100
-100 -6 88 100
-100 46 100 1
100 -19 -100 75
98 100 -100 4
100 37 -100 60
-100 -68 -53 100
100 65 -100 18
100 -52 -100 86
89 100 -100 -3
100 -86 -100 87
-100 -98 -76 100
-100 -14 48 100
100 74 -100 12
100 -49 -100 79
-100 -78 -68 100
-100 62 100 -13
77 100 -100 -13
-80 100 -92 -100
100 72 -100 25
-93 100 42 -100
100 80 -100 11
-81 -100 -85 100
-79 100 -100 -82
-100 98 100 -87
71 100 -100 -14
100 48 -100 56
-13 100 -100 -54
100 59 -100 39
-91 100 -6 -100
54 100 -100 -15
100 92 -100 13
91 100 -100 11
100 -25 -100 80
100 57 -100 56
100 61 -100 31
-92 100 8 -100
100 49 -100 55
-100 29 100 63
32 100 -100 -30
-81 100 -84 -100
-91 100 -55 -100
100 -82 -100 80
-95 100 44 -100
-78 -100 -88 100
-24 100 -100 -55
12 100 -100 -52
-75 100 -100 -92
100 -63 -100 93
-100 37 100 57
-100 -4 87 100
90 100 -100 3
-100 -14 58 100
-54 100 -100 -63
-100 -62 -35 100
-100 -60 -27 100
-78 -100 -86 100
100 -10 -100 62
-100 7 100 93
-85 100 -70 -100
29 100 -100 -41
-100 -81 -72 100
100 -5 -100 60
-56 100 -100 -69
6 100 -100 -51
-100 -70 -62 100
-66 100 -100 -78
-100 75 100 -38
-24 -100 -89 100
41 100 -100 -18
-100 94 100 -77
43 -100 -97 100
-100 -55 -23 100
-100 41 100 57
-20 100 -100 -59
-100 -8 83 100
100
100 -45 91 100
-56 -100 100 -39
100 76 61 -100
100 -22 9 -100
100 -37 -41 -100
100 -44 -100 55
51 -100 100 -14
-8 -100 100 -25
-100 -85 100 -43
-91 100 99 -100
100 83 95 -100
100 -57 -100 64
-38 -100 100 -34
-28 -100 100 -30
100 60 31 -100
100 -42 -100 -67
100 81 67 -100
100 -18 21 -100
100 69 56 -100
95 -100 98 100
100 36 23 -100
-100 77 100 -71
-88 -100 100 -40
37 100 96 -100
-100 79 100 -93
100 4 16 -100
100 -98 -95 100
22 -100 100 37
100 -33 -24 -100
97 -100 -71 100
-100 23 100 -42
87 -100 100 71
72 -100 100 88
0 -100 100 -27
90 -100 100 98
100 51 62 -100
100 -73 -100 57
100 28 19 -100
-100 82 100 -77
100 51 30 -100
-100 36 100 -49
100 -41 -100 -97
-100 -87 100 -41
-100 25 100 -45
-6 -100 100 -30
-96 -100 100 -39
97 -100 -44 100
100 45 45 -100
93 -100 92 100
98 -100 -1 100
-100 55 100 -70
-49 100 99 -100
-100 21 100 -43
-100 93 100 -99
8 -100 100 -7
100 -19 4 -100
100 -35 -84 -100
88 -100 100 100
100 73 63 -100
100 -11 14 -100
-4 -100 100 -20
69 -100 100 74
-100 92 100 -80
-91 -100 100 -37
36 -100 100 67
-35 -100 100 -31
100 -52 -100 59
100 -58 -100 70
-45 -100 100 -35
100 -41 -100 -88
97 -100 32 100
24 -100 100 18
-10 -100 100 -27
100 86 88 -100
51 -100 100 69
100 -89 -100 80
100 -90 -100 100
100 -22 1 -100
-100 -18 100 -49
47 -100 100 58
15 -100 100 -15
-100 -53 100 -46
83 -100 100 83
21 -100 100 7
100 8 17 -100
-100 73 100 -62
15 -100 100 0
100 57 43 -100
100 -90 -100 99
-51 -100 100 -38
-100 42 100 -48
96 -100 91 100
94 -100 79 100
78 -100 100 97
37 -100 100 66
100 -28 -8 -100
100 -43 -100 -63
22 -100 100 22
-100 84 100 -74
-100 -74 100 -43
100
22 -100 100 -41
76 -100 19 100
-100 -33 99 -100
61 -100 100 62
79 -100 -84 100
51 -100 100 15
100 -36 49 -100
81 -100 -100 15
-100 -34 100 -89
-73 -100 100 -87
-39 -100 100 -43
83 -100 -100 -14
-58 -100 100 -45
100 -76 -66 -100
-100 -20 86 -100
100 19 52 -100
80 -100 -100 89
100 -32 50 -100
79 -100 -18 100
67 -100 66 100
82 -100 -100 -6
100 -98 -100 -47
100 -37 4 -100
100 -82 -66 -100
-40 -100 100 -53
100 -31 45 -100
-43 -100 100 -55
-47 -100 100 -58
-100 -75 100 -97
-100 62 81 -100
100 -88 -97 -100
78 -100 100 71
100 -2 60 -100
100 -71 -50 -100
43 -100 100 -38
100 28 66 -100
91 -100 -100 -26
-100 -80 100 -88
100 67 66 -100
100 -72 -55 -100
100 -80 -64 -100
59 -100 100 -15
100 91 68 -100
80 -100 -100 20
42 100 78 -100
-12 -100 100 -49
100 -28 50 -100
44 100 72 -100
100 62 64 -100
79 -100 -22 100
-100 -31 85 -100
-1 -100 100 -44
100 -94 -100 -95
100 59 63 -100
100 -43 -7 -100
-100 -25 98 -100
100 -81 -64 -100
100 -40 30 -100
100 -86 -77 -100
67 -100 83 100
-100 13 84 -100
100 -77 -75 -100
95 -100 -100 -42
-100 -50 100 -92
-100 -19 94 -100
46 -100 100 -29
47 -100 100 -17
76 -100 26 100
100 -86 -78 -100
-100 -36 100 -99
61 -100 100 51
-77 -100 100 -83
100 55 62 -100
100 32 58 -100
-100 10 84 -100
41 100 74 -100
100 -23 52 -100
100 -49 -17 -100
93 -100 -100 -24
100 -83 -76 -100
-100 -14 89 -100
-44 -100 100 -57
100 61 64 -100
100 27 61 -100
-54 -100 100 -72
100 63 64 -100
-100 -67 100 -88
38 -100 100 -42
100 -73 -65 -100
69 -100 64 100
100 -63 -55 -100
-68 -100 100 -82
100 -96 -100 -77
100 -54 -42 -100
-52 100 83 -100
-93 -100 100 -85
-13 -100 100 -70
-15 -100 100 -44
-51 -100 100 -61
-45 100 83 -100
100
36 -100 100 -25
-100 35 100 -42
100 -94 -8 100
100 -86 -57 100
18 100 67 -100
100 -31 -100 -93
-98 100 100 -80
57 100 60 -100
-100 100 100 -50
94 -100 -6 100
84 100 -2 -100
-16 100 100 -88
54 -100 76 100
-44 -100 85 100
-99 -100 100 -28
-100 31 100 -37
100 -32 -100 16
-73 100 100 -73
100 -34 -100 30
-100 28 100 -37
-74 -100 100 80
-100 42 100 -45
87 -100 -4 100
-3 100 69 -100
-95 -100 100 12
-100 82 100 -57
20 100 56 -100
78 100 43 -100
100 -85 -45 100
-7 100 98 -100
71 100 56 -100
93 100 -54 -100
100 90 -69 -100
100 -65 -100 99
-100 -47 100 -30
-100 -98 100 -4
-100 86 100 -48
100 21 -81 -100
-86 100 100 -58
100 -90 -35 100
100 -33 -100 25
-100 45 100 -43
100 -43 -100 37
85 -100 16 100
-9 100 100 -96
-63 100 100 -80
100 -66 -99 100
-75 100 100 -82
-100 31 100 -41
100 -46 -100 57
-77 -100 100 28
100 -95 -31 100
-100 -45 100 -31
-100 -48 100 -29
100 -83 -40 100
80 100 -27 -100
55 -100 72 100
-100 71 100 -49
100 -97 -8 100
11 100 62 -100
-80 -100 100 18
83 -100 8 100
100 99 -71 -100
-96 -100 100 -26
-96 -100 100 10
100 -43 -100 57
76 100 22 -100
100 94 -72 -100
62 100 58 -100
100 17 -88 -100
-61 -100 94 100
100 -10 -97 -100
93 100 -58 -100
100 51 -76 -100
-82 100 100 -67
98 -100 -4 100
42 -100 81 100
-58 -100 97 100
-100 -49 100 -28
100 91 -62 -100
-99 100 100 -51
100 11 -92 -100
100 -97 -9 100
84 100 -14 -100
-7 100 96 -100
-25 -100 86 100
-33 -100 93 100
100 62 -77 -100
100 -60 -100 92
-87 -100 100 16
-75 100 100 -68
-73 -100 100 59
-48 -100 90 100
66 100 45 -100
-76 -100 100 44
-94 -100 100 10
0 100 92 -100
-100 16 100 -33
100 5 -99 -100
-100 -67 100 -25
100
-100 -24 -90 -100
100 86 -100 -80
-100 -48 -33 -100
-93 -100 -8 100
-100 -95 100 89
100 9 -100 -62
-100 -71 100 39
-100 -64 100 69
-100 -25 -85 -100
-49 -100 -100 -38
-24 100 -91 -100
-100 -58 5 -100
-100 75 -92 -100
100 -59 -100 -55
77 -100 -100 -49
-100 36 -90 -100
100 -7 -100 -62
-96 100 -100 -100
100 -43 -100 -57
-100 -52 100 -79
-100 -39 -70 -100
-15 -100 -100 -39
-100 -97 65 100
100 34 -100 -70
62 100 -100 -99
-100 -29 -80 -100
-100 -84 71 100
-100 33 -88 -100
100 -8 -100 -57
-100 14 -87 -100
100 46 -100 -76
-100 -53 92 -100
100 31 -100 -68
-100 -100 23 100
-100 -30 -64 -100
-100 -47 -12 -100
100 41 -100 -82
-100 -74 100 70
39 100 -100 -99
-100 -25 -71 -100
-41 -100 -100 -35
-100 -97 44 100
-100 -32 -58 -100
75 100 -100 -81
-100 -71 100 36
-100 -42 -51 -100
100 2 -100 -62
33 -100 -100 -50
-97 -100 -94 100
90 100 -100 -80
-83 -100 -100 -12
43 100 -95 -100
-100 100 -89 -100
-100 -50 2 -100
-100 -86 100 81
-100 -42 -21 -100
71 100 -100 -96
-100 -58 100 -15
-100 60 -90 -100
-100 -43 -41 -100
-100 4 -78 -100
-100 28 -86 -100
-5 100 -98 -100
-94 -100 -100 100
100 -71 -100 -56
23 -100 -100 -50
85 100 -100 -85
-100 -55 100 -55
-99 -100 -48 100
-100 -70 100 15
-100 -96 70 100
-100 -98 42 100
-100 -34 -41 -100
46 100 -100 -98
-100 -43 -30 -100
100 11 -100 -63
100 98 -100 -90
-100 26 -85 -100
-75 -100 -100 -25
-91 -100 -100 84
9 -100 -100 -50
-100 -56 100 -32
-95 -100 4 100
100 35 -100 -64
91 -100 -100 -51
-89 -100 -100 34
-100 62 -92 -100
-2 -100 -100 -44
-100 16 -74 -100
-100 -94 93 100
-61 100 -94 -100
-100 -83 100 96
100 84 -100 -78
100 -65 -100 -55
-100 -74 100 37
-100 -35 -54 -100
-100 -34 -63 -100
100 -27 -100 -59
100 21 -100 -66
-100 -96 68 100
100
100 3 76 -100
100 -72 64 -100
-14 100 97 -100
68 -100 100 -12
-100 42 100 -88
-15 100 100 -96
100 -79 -100 9
80 -100 100 38
8 100 90 -100
-91 -100 100 -77
100 32 77 -100
17 100 84 -100
-79 -100 100 -77
100 -78 -100 -89
-4 -100 100 -41
-39 -100 100 -76
89 -100 -9 100
100 2 71 -100
-35 -100 100 -28
100 -89 -29 100
100 -74 -36 -100
85 -100 84 100
100 -84 -49 100
41 100 86 -100
-100 -77 100 -79
100 -95 -27 100
5 100 94 -100
100 77 80 -100
100 -83 -100 -63
100 11 72 -100
-100 45 100 -82
100 -27 26 -100
79 -100 100 98
100 -88 -67 100
-100 -27 100 -81
100 -90 -42 100
86 -100 72 100
-7 -100 100 -49
100 -17 44 -100
100 -18 12 -100
-38 -100 100 -59
100 -45 -6 -100
-6 100 100 -99
65 -100 100 -17
94 -100 -4 100
100 -79 -100 -85
36 100 81 -100
-36 -100 100 -73
-100 -40 100 -80
67 -100 100 0
100 -87 -90 100
-100 27 100 -81
5 100 90 -100
-100 53 100 -82
-13 -100 100 -58
100 -21 9 -100
100 -95 -35 100
100 -89 -49 100
-100 -66 100 -80
100 -74 -64 -100
1 -100 100 -33
-19 -100 100 -51
100 -14 27 -100
100 -18 10 -100
100 -4 52 -100
82 -100 100 100
48 -100 100 -8
100 -85 -90 100
76 -100 100 54
100 -82 -100 68
100 26 78 -100
-36 -100 100 -51
100 7 74 -100
100 -53 -78 -100
-15 100 100 -97
97 -100 -3 100
100 -5 66 -100
40 -100 100 -15
100 21 73 -100
-9 -100 100 -46
-26 100 100 -100
100 95 81 -100
82 -100 90 100
100 -27 -1 -100
3 -100 100 -24
-99 -100 100 -77
21 100 86 -100
79 -100 100 45
80 -100 100 56
-1 -100 100 -28
13 100 94 -100
-26 -100 100 -63
47 100 84 -100
-100 64 100 -82
3 -100 100 -33
87 100 84 -100
-25 100 97 -100
27 -100 100 -23
-80 -100 100 -76
-100 19 100 -80
100
-100 -35 54 100
70 -100 -59 100
29 -100 24 100
100 98 -74 100
75 100 -100 61
65 -100 23 100
40 100 -53 -100
100 97 -64 100
66 -100 12 100
-100 -14 57 100
-100 12 69 100
44 100 -100 -80
-62 100 100 -1
-60 100 100 5
-26 -100 35 100
-100 38 73 100
-100 70 89 100
82 -100 -44 100
46 100 -100 -56
-100 -6 59 100
-100 -27 56 100
16 -100 29 100
36 100 -92 -100
60 100 -100 24
-87 100 100 51
51 -100 13 100
96 100 -100 95
47 100 -100 -43
2 100 68 -100
96 -100 -1 100
100 -20 -59 100
42 100 -100 -89
53 100 -100 -46
80 100 -100 66
100 -21 -55 100
43 100 -100 -87
100 -90 -48 100
100 -56 -53 100
26 100 -25 -100
33 100 -9 -100
90 100 -100 69
100 49 -64 100
-47 100 100 -91
-100 52 71 100
37 100 -100 -99
-100 9 60 100
-26 -100 34 100
-63 100 100 40
22 100 36 -100
-1 -100 32 100
-100 84 82 100
31 100 4 -100
100 -47 -51 100
-50 100 100 -83
-52 100 100 -59
-100 45 73 100
100 99 -100 83
-31 100 100 -95
100 0 -60 100
-91 100 100 63
64 100 -100 27
100 -97 -31 100
23 -100 26 100
37 -100 17 100
36 100 -35 -100
-100 19 62 100
-69 100 100 44
70 -100 -17 100
-10 100 74 -100
44 100 -100 -62
-100 56 74 100
49 -100 13 100
23 100 34 -100
100 52 -72 100
-100 79 87 100
7 -100 31 100
100 85 -100 96
-40 100 79 -100
-100 -53 51 100
-100 -56 45 100
97 100 -100 80
-100 -100 38 100
-46 -100 39 100
100 50 -79 100
63 100 -100 24
-91 100 100 93
-100 -98 38 100
-100 92 95 100
-100 -74 41 100
51 100 -100 -51
12 100 65 -100
27 100 11 -100
-4 100 68 -100
-55 100 100 -10
-100 7 56 100
-30 100 81 -100
-100 94 91 100
40 100 -100 -95
-82 100 100 55
-100 -23 56 100
100
-45 100 100 -100
-100 44 -26 100
-95 100 100 -63
-100 62 100 15
100 -25 -100 87
-34 100 -100 -86
-100 51 46 100
70 100 -100 55
100 -91 -83 100
-100 73 100 -23
-43 100 -100 -91
100 -45 -98 100
-97 100 100 -61
-24 100 -100 48
-78 -100 -35 100
-100 17 -31 100
100 69 -100 58
-68 100 11 -100
-42 100 0 -100
-100 -57 -35 100
-99 100 100 -27
90 100 -100 57
-100 64 100 -12
100 -90 -88 100
-100 45 -17 100
-100 55 56 100
-42 100 -10 -100
-69 100 92 -100
-2 100 -100 52
-100 12 -32 100
100 -71 -89 100
100 7 -100 65
-33 100 -100 -43
95 100 -100 58
-31 100 -100 4
-62 100 77 -100
-56 100 2 -100
100 37 -100 58
100 -96 -71 100
-28 100 -100 28
44 100 -100 47
-100 49 -15 100
100 -99 -70 100
-100 23 -28 100
3 -100 -53 100
100 -64 -93 100
-18 100 -100 31
-81 100 100 -93
97 100 -100 61
-60 -100 -39 100
-59 100 8 -100
-100 90 100 -26
-100 -6 -31 100
100 -26 -100 91
-69 100 24 -100
-98 -100 -40 100
-100 56 70 100
-100 44 -25 100
100 -22 -100 90
-97 100 100 -57
-100 86 100 -2
100 25 -100 69
-100 78 100 -4
-100 67 100 -22
-44 100 -21 -100
-33 100 -100 -20
100 -96 -76 100
-100 54 21 100
-100 70 100 30
-100 -90 -37 100
-80 100 100 -65
100 -65 -96 100
-32 100 -100 -3
69 100 -100 55
-100 45 -23 100
-100 51 -4 100
100 -83 -96 100
80 -100 -69 100
-100 63 100 61
-100 22 -29 100
100 -43 -100 98
32 -100 -61 100
-100 42 -25 100
-46 100 -17 -100
-3 -100 -48 100
-4 100 -100 48
-39 100 -100 -88
100 -70 -93 100
-43 100 -31 -100
100 66 -100 61
100 -76 -84 100
-100 97 100 -33
100 -96 -78 100
15 100 -100 54
-41 100 -72 -100
-82 100 100 -80
-44 100 -9 -100
-36 100 -100 -91
-100 66 100 6
-100 99 100 -55
0
