17838
6758
11113
18515
32051
6627
24010
8419
17212
5086
3749
13767
10084
13060
33225
18543
26089
22183
26137
26566
27966
5978
21495
11311
12367
31054
18031
14145
20882
26736
31524
29505
29394
23102
25851
20067
13754
12653
7561
28096
14628
16188
33085
5143
7967
32406
25165
14403
26562
25834
32353
1920
11444
25803
8962
20318
2422
32327
11457
2945
15479
30983
19751
4894
19670
9259
17248
8757
16629
14306
29606
14990
12738
13516
2414
6262
18116
23825
4181
14134
26343
9022
12233
8536
10760
10979
30071
2201
22336
14061
23160
25005
31729
8644
28475
32693
26514
15139
23088
27521
900000005202
900000009171
900000004434
900000028317
900000024582
900000006815
900000004586
900000009653
900000026306
900000007174
900000018451
900000023448
900000006473
900000032434
900000008193
900000014110
900000024748
900000028210
900000029320
900000032049
900000012956
900000014162
900000004166
900000014997
900000007793
900000032310
900000021391
900000019799
900000007926
900000014905
900000025885
900000002582
900000015610
900000005000
900000008052
900000030965
900000020120
900000032380
900000015639
900000026204
900000024385
900000012475
900000015725
900000017265
900000003214
900000019471
900000011376
900000004697
900000025543
900000023297
900000014619
900000023087
900000003123
900000031549
900000018065
900000024256
900000018973
900000020901
900000025613
900000006157
900000009899
900000009267
900000022413
900000009598
900000018526
900000013711
900000010046
900000014566
900000018536
900000015988
900000019878
900000013626
900000004273
900000008387
900000001171
900000032017
900000003752
900000012388
900000021191
900000011483
900000018122
900000011744
900000018528
900000015585
900000005363
900000020159
900000005641
900000018176
900000009575
900000028578
900000027363
900000027685
900000029344
900000019489
900000017713
900000005511
900000021461
900000022626
900000008645
900000003496
999999999997
999999999998
999999999999
1000000000000
0
