23
14
2
23
2
8
41
2
23
5
5
14
8
23
23
14
5
5
5
14
41
23
14
2
5
5
14
41
14
41
68
41
68
5
14
5
23
2
2
20
68
68
14
5
5
41
14
5
41
5
2
68
8
23
5
5
14
2
23
14
5
2
2
5
41
5
83
23
14
14
14
14
41
23
14
14
23
8
5
14
8
14
5
32
32
2
2
5
20
14
95
14
2
8
23
2
32
2
122
14
242
75
27
27
36
89
81
1
102
31
3
63
10
33
974
9
45
105
647
54
93
33
33
9
3
263
1
4
99
33
27
3
27
674
15
35
81
53
93
45
316
89
5
27
45
3
502
11
5
104
12
3
742
3
11
13
3
9
32
9
3
31
104
102
36
11
12
98
77
19
89
209
11
3
3
3
79
5
36
11
9
11
99
81
31
3
33
51
15
45
33
9
33
9
11
9
32
15
33
75
3
9
2174
199
