9 1
3
9 4
1 2 3 4
50 50
1 1 1 1 1 1 1 1 1 1 1 1 1 1 1 1 1 1 1 1 1 1 1 1 1 1 1 1 1 1 1 1 1 1 1 1 1 1 1 1 1 1 1 1 1 1 1 1 1 1
50 50
100 100 100 100 100 100 100 100 100 100 100 100 100 100 100 100 100 100 100 100 100 100 100 100 100 100 100 100 100 100 100 100 100 100 100 100 100 100 100 100 100 100 100 100 100 100 100 100 100 100
34 15
41 11 31 17 4 38 36 35 8 34 26 43 36 48 17
38 46
6 6 4 6 6 1 5 8 1 5 5 5 2 5 9 5 6 2 3 8 1 4 7 2 4 6 1 2 7 9 7 7 3 3 3 2 7 4 9 9 2 1 1 9 5 3
25 22
37 1 37 24 33 14 8 44 8 12 41 29 49 23 2 45 14 47 39 12 43 38
18 10
8 2 6 5 1 4 7 9 1 2
5 32
27 41 40 36 47 14 34 1 22 16 1 39 21 42 20 32 23 47 1 1 10 29 49 14 35 37 31 9 10 5 2 26
35 32
4 5 4 2 7 8 5 3 9 5 5 6 5 5 2 2 4 9 3 8 9 8 3 1 4 7 5 8 3 6 9 8
45 26
49 31 48 19 16 6 32 11 24 22 10 7 40 23 10 21 28 30 9 14 42 14 16 27 2 21
28 38
6 9 7 3 4 3 2 2 7 1 5 5 8 8 2 2 9 9 3 9 1 4 9 7 7 5 7 6 5 2 6 7 9 7 1 1 2 3
44 25
42 16 49 13 40 42 34 3 47 6 34 8 24 35 18 39 13 42 33 41 16 27 44 18 45
30 24
4 7 2 2 4 9 7 8 1 3 2 3 1 7 2 7 1 8 7 5 3 2 9 2
24 11
27 29 42 3 47 33 43 7 49 22 48
24 47
6 8 2 4 3 3 6 4 6 7 1 3 8 8 2 7 9 6 5 3 2 2 4 2 4 7 3 8 9 4 4 1 9 3 8 4 9 1 3 8 9 8 9 2 7 3 2
34 21
31 43 11 14 16 32 46 35 20 13 25 23 34 11 18 11 19 41 41 17 34
40 10
2 2 9 9 6 9 7 4 2 5
43 41
24 17 23 41 17 48 29 46 33 21 44 42 45 35 34 23 3 46 10 48 21 45 43 26 35 11 31 45 10 18 18 37 24 13 18 25 28 4 10 45 15
27 21
7 4 6 2 6 6 5 7 5 2 5 7 5 7 3 2 9 1 8 8 5
19 23
31 18 29 2 19 20 4 21 14 39 46 26 20 45 5 3 46 37 10 27 23 48 12
26 45
6 1 7 8 5 1 2 4 5 6 6 7 6 7 6 9 7 2 1 6 2 3 4 4 2 9 9 4 5 9 9 1 9 7 4 1 6 8 8 2 3 6 8 2 2
9 18
32 8 42 8 11 31 48 46 1 1 49 22 13 9 23 32 34 11
11 10
1 2 5 2 9 7 5 9 9 9
34 14
19 31 30 23 5 24 37 33 17 38 27 22 42 37
29 39
9 2 3 3 5 5 5 8 5 1 4 2 5 3 2 2 3 8 8 5 2 2 7 4 8 6 4 8 1 3 5 1 2 2 7 4 7 9 2
6 25
6 18 14 48 25 23 46 6 7 27 28 45 48 5 2 6 30 6 30 14 37 24 35 36 10
47 35
2 9 1 5 6 4 5 4 5 3 3 9 8 3 1 2 3 5 9 3 9 9 2 6 7 6 3 4 9 7 6 6 5 6 9
17 11
38 27 25 34 29 28 13 23 34 5 48
21 44
7 2 4 1 8 5 7 7 2 6 6 1 1 3 6 6 2 7 6 7 2 2 6 4 1 9 3 4 3 3 6 9 2 3 6 6 3 1 6 7 1 4 9 5
6 3
12 46 32
22 46
4 7 6 9 5 5 6 4 3 8 1 6 6 3 9 8 7 5 5 9 6 5 2 7 9 7 4 9 2 9 4 3 7 7 3 6 8 2 7 1 7 6 1 2 6 4
36 31
33 5 48 36 39 34 26 20 40 42 21 42 21 9 30 20 5 32 34 34 48 29 3 4 12 14 35 19 37 32 10
44 5
7 3 1 8 1
17 25
29 13 26 33 16 12 24 2 23 10 46 30 49 32 22 34 22 25 23 12 16 11 40 5 48
10 14
2 1 1 4 9 1 7 7 1 9 7 4 3 5
22 29
48 2 4 42 8 42 6 4 42 9 38 24 46 12 6 30 44 41 10 37 32 9 49 24 2 45 33 41 8
30 28
9 6 5 6 2 6 1 4 7 3 5 2 2 6 4 2 9 5 2 1 3 9 2 2 3 4 4 9
15 6
14 21 10 9 41 9
7 43
4 4 2 4 1 1 4 1 8 1 2 1 7 4 7 9 9 2 6 6 3 8 9 3 9 1 9 9 2 9 1 5 9 5 2 1 1 4 2 6 5 1 1
31 28
48 5 5 14 31 7 30 41 12 3 22 18 46 44 43 31 10 49 13 19 41 29 47 37 19 15 5 10
22 12
3 9 3 2 1 8 9 7 8 6 1 2
26 32
15 7 2 23 17 20 13 35 24 2 17 13 3 34 14 28 6 23 34 20 18 22 28 21 23 20 14 44 46 14 16 41
7 1
6
9 29
37 30 19 23 18 7 20 39 20 34 36 37 12 28 39 41 24 42 27 13 33 6 38 30 34 25 16 17 41
23 22
9 2 8 4 8 8 1 6 6 9 6 2 3 2 9 7 1 9 2 6 2 7
21 34
25 2 37 21 29 49 26 25 42 31 34 19 35 19 48 13 39 27 23 4 22 10 38 35 44 17 8 1 25 21 41 3 25 25
23 2
9 1
6 48
35 43 17 36 6 31 31 9 7 40 7 8 11 49 22 14 29 45 18 11 10 43 5 20 9 15 28 41 3 49 34 18 45 43 11 44 14 4 28 3 24 44 20 1 43 17 10 6
43 22
8 5 2 4 5 2 6 2 7 7 6 7 2 9 8 7 8 6 6 3 9 6
7 36
4 29 9 18 23 43 7 36 37 20 3 8 44 20 29 14 32 40 11 11 3 3 33 26 17 31 5 47 41 42 26 30 8 37 47 28
17 28
6 7 1 8 2 2 8 5 5 4 9 2 5 8 4 5 4 2 9 8 2 3 7 8 7 5 4 7
18 13
29 17 21 41 9 49 13 8 33 6 36 26 33
6 30
3 6 6 4 3 6 4 1 5 2 6 8 7 7 1 2 8 4 6 6 8 1 2 5 2 7 5 6 9 6
30 46
47 42 11 27 31 39 22 17 14 30 31 28 28 37 22 5 3 19 20 25 16 23 31 20 18 3 21 14 12 20 49 43 18 13 3 10 9 9 7 15 2 9 25 41 22 13
38 19
9 8 3 7 2 8 2 1 6 9 1 3 6 3 3 5 5 5 2
30 3
39 37 30
22 1
7
36 17
17 9 22 5 34 28 49 8 21 34 13 44 28 22 18 14 6
2 10
7 8 3 3 7 7 2 6 1 1
18 20
6 44 45 29 19 13 46 7 43 34 48 25 45 16 1 37 42 16 8 7
6 13
8 4 1 4 8 7 3 5 9 1 8 9 5
46 39
28 43 1 20 38 21 24 49 39 41 28 16 4 18 5 17 13 13 27 38 46 27 41 6 39 20 15 45 45 34 15 45 31 18 48 43 41 34 38
21 11
8 9 9 7 9 5 4 8 2 3 7
31 25
33 45 27 37 8 18 13 2 30 6 18 24 14 47 40 33 33 49 1 10 10 4 45 8 22
34 23
4 2 7 5 9 6 9 1 1 4 3 5 1 8 1 6 3 8 1 9 3 4 9
33 26
15 49 43 36 29 38 17 10 5 32 41 45 25 33 20 30 32 32 5 17 25 47 26 35 9 30
15 3
6 9 8
6 45
13 17 30 23 1 36 45 27 36 14 19 30 41 4 38 48 13 23 49 48 4 33 19 32 11 19 15 1 26 24 49 47 23 5 49 27 2 42 4 29 21 13 11 2 46
16 15
8 7 7 6 6 1 6 5 4 6 7 1 2 2 5
31 45
40 28 19 28 30 29 26 39 30 18 16 24 22 31 36 24 42 48 37 15 12 13 40 46 22 19 3 19 29 1 3 12 13 44 27 17 41 28 23 20 30 8 35 26 6
29 27
3 2 7 9 7 8 3 2 5 5 4 6 7 2 3 2 9 9 8 7 7 2 2 2 4 3 2
20 21
26 6 11 44 25 35 37 6 30 8 35 24 45 11 35 24 44 19 25 36 26
34 43
9 3 7 9 5 8 5 7 3 1 9 4 8 9 6 2 1 9 6 8 1 2 1 7 8 9 9 9 5 9 9 2 7 4 8 9 7 2 4 7 8 2 3
36 9
30 11 40 11 1 48 12 32 20
20 28
2 2 1 9 1 8 4 9 8 9 5 5 9 8 1 6 4 2 1 5 7 5 6 4 5 2 5 5
24 47
5 25 45 43 36 33 10 27 25 9 44 23 6 45 42 10 42 10 3 26 27 41 36 34 21 43 12 49 20 48 28 1 4 30 19 30 38 29 18 9 12 39 6 5 29 48 13
12 11
5 4 3 9 9 1 3 2 3 8 8
32 37
42 8 18 36 36 12 48 14 49 38 10 26 5 34 24 17 48 48 6 21 38 3 46 48 22 27 23 2 10 39 49 42 20 2 15 28 45
5 18
9 4 4 3 9 6 2 2 4 1 4 7 8 9 6 9 6 7
48 46
7 39 14 12 35 43 33 47 47 6 43 6 17 8 44 45 37 42 15 22 48 48 47 28 6 12 32 15 7 7 37 29 12 27 28 43 47 7 8 10 10 7 29 15 21 17
4 5
8 2 9 8 9
35 37
48 42 2 11 36 43 29 24 43 43 42 45 20 21 40 20 49 32 14 41 4 34 20 35 28 46 44 40 37 6 47 20 38 47 33 25 20
49 2
3 6
12 42
14 24 28 13 2 24 10 41 30 29 37 9 6 10 40 33 23 18 25 48 24 32 2 22 3 4 8 11 3 30 3 16 40 9 47 15 11 29 2 20 15 9
18 11
8 8 1 6 2 3 1 2 2 4 3
41 47
10 11 40 16 38 13 16 45 1 4 13 45 16 40 49 33 37 43 12 46 43 14 10 25 43 35 39 3 11 9 28 24 47 44 45 28 41 16 20 17 7 1 42 29 9 7 30
37 49
5 6 6 1 1 4 3 9 7 3 7 9 8 7 2 8 2 2 1 6 3 6 6 4 7 9 9 9 3 6 7 3 3 5 2 9 3 1 6 2 6 2 2 3 4 1 7 6 9
26 31
46 11 46 3 10 7 44 49 22 14 31 15 31 49 12 32 16 47 29 26 46 18 27 20 22 41 44 23 40 16 17
19 23
5 6 5 8 5 7 4 1 5 4 6 9 3 4 5 2 8 2 9 8 4 1 2
21 10
32 18 45 42 6 26 16 7 11 41
43 27
3 2 7 3 2 2 6 4 7 2 2 6 5 2 4 4 9 4 9 9 8 6 1 3 6 3 6
8 3
6 13 1
8 27
9 5 7 8 5 4 3 5 7 7 3 5 3 1 6 6 4 8 5 9 4 3 4 3 5 4 9
47 21
18 10 1 45 44 29 46 34 35 30 33 41 2 8 17 19 8 43 41 7 8
41 5
8 2 7 1 7
20 16
45 27 13 10 26 20 45 35 16 28 42 14 8 23 10 37
24 30
4 9 6 2 6 3 1 8 5 6 7 3 1 6 6 4 4 7 6 1 7 5 6 2 4 5 4 5 8 2
