11971
46829
107777
44351
131111
252463
72671
92459
152311
2333
1279
109913
113341
84509
14551
96001
43969
37963
583019
40751
25321
190271
14779
14947
191803
109721
12473
971
1069
74941
56149
41141
262217
12227
586493
493027
270437
3041
171881
19031
112799
198313
30319
67559
15859
56333
232961
185749
558223
16193
40427
255313
14423
600217
2
955193
294923
7039
52879
115891
270097
147283
56701
113989
388897
68669
7307
4721
11699
408623
1213
47737
248893
81017
107927
2081
190159
237929
6959
170843
589609
13417
517877
180773
156799
374669
140111
320063
41341
37991
194707
484531
229399
55339
16091
108883
131497
130843
96671
93491
208787
463889
240041
20549
224591
409523
133379
156151
