125113
85061
9941
257987
150721
673
105227
10313
130651
298031
77153
66943
77521
9151
56437
11321
11423
14983
134339
245173
3407
34483
45497
31321
53591
106121
75577
90407
28813
5351
485993
65099
15287
33713
44207
179029
117191
289241
135029
4603
270701
31643
331973
92551
415109
187009
518233
39761
4337
201577
24371
309899
36229
28789
2
844289
324451
93047
1153
205211
98377
1531
81359
11777
6691
125683
633757
6277
13177
258019
34403
86783
38447
316213
162937
47507
298153
59023
2791
491
350737
287501
1279
516973
255457
663997
77899
329321
178643
451747
319673
110849
176329
341629
20639
7043
106357
8581
192463
138461
17761
102437
268861
354997
195493
14891
80783
71479
