504797
431867
81637
111191
32401
95393
30029
28031
94331
15923
147449
33119
140533
14251
35851
13513
39821
299473
266971
146389
51551
125353
124781
9587
457
11503
14653
5689
26717
182957
102593
49823
421691
499321
588403
56509
172883
94621
144701
162287
39709
271451
211339
19319
215141
2111
22567
95527
109961
55579
53279
95327
353783
42397
2
900689
155741
80831
52709
109453
144481
214213
109433
264133
213281
19753
91757
1933
81359
2999
215153
202327
27361
7793
797
9497
115879
190607
37117
104917
204749
114043
71597
69317
12907
13829
80149
29101
237737
129119
51419
941
27361
107057
77447
81533
236947
5573
299371
98179
102679
167891
2039
347057
85571
334753
146191
276277
