32303
5927
266633
90821
289871
57689
85049
2819
226547
132313
30493
125507
56533
180647
14969
23017
303997
6173
172093
67777
292079
203617
1699
240899
13829
188933
2053
10343
697217
269617
61331
31259
127913
34217
203051
67103
19417
7253
173969
400243
562043
94687
188891
153137
40627
258331
43103
163981
3041
285199
219251
75853
26573
134807
2
966409
36857
281063
248723
3851
280589
62851
60427
526189
4729
17449
136657
18043
30649
125711
117133
22003
272981
295961
243577
181603
193379
329473
56207
92761
93941
46573
654413
219977
102317
83077
21587
577
36007
3169
25183
40423
67141
773209
22783
48661
136859
383837
4789
107467
124301
2083
124909
469957
74623
16073
23633
316003
