2
10000 3423
9999 232
10
2 2
100 100
10000 10000
3 3
10000 10000
300 300
200 200
2 2
2 2
30 30
8
238 119
1804 837
4212 3357
255 245
884 774
4308 3919
484 66
4308 1359
3
5394 483
5200 1695
3749 1229
3
1325 86
4886 3878
3052 2630
3
4484 1167
3869 120
8505 1449
3
8577 4275
7464 6855
5632 5530
3
3572 3240
5054 4048
9621 3044
3
5016 1219
201 96
4342 1555
3
3154 820
8816 7562
2291 751
4
3160 776
85 2
8340 4732
1616 1350
3
49 19
1368 1229
2233 1493
3
3102 1428
9799 5645
8019 431
3
705 117
12 6
399 169
3
902 460
9017 4586
4128 80
3
774 708
8240 579
2697 882
3
1605 1466
1166 891
6123 4510
3
6396 84
6018 2326
3387 1947
3
4159 1221
7508 2014
940 286
3
564 476
1905 1059
9023 5801
3
1973 1003
557 22
6892 5140
3
187 10
18 12
8042 1264
3
3789 3310
2023 574
896 701
3
5463 2614
7569 568
1990 315
4
1790 1779
1092 169
7020 5699
9396 3198
3
8498 4039
3987 414
3150 1355
3
3652 2753
126 29
8945 8191
3
3809 1441
6606 6140
9048 7554
4
8075 2751
8112 204
1022 826
800 668
3
3761 1852
6259 4826
67 56
3
1033 629
7715 2594
225 208
3
4427 2072
18 5
157 111
3
1162 747
3154 2002
948 719
4
5884 3295
2450 1330
880 711
960 919
3
834 556
9448 4071
5552 2449
5
2303 637
3666 2816
6686 3370
76 11
130 53
3
1998 292
6116 3679
1614 130
3
4010 1659
6330 813
5679 2255
4
47 23
1880 736
9690 1097
185 185
3
3832 3000
7200 5301
1699 182
3
7705 830
3525 2125
1408 1042
3
2013 1622
6950 6344
5797 3682
3
2309 752
6384 3358
7752 2881
3
1800 630
8242 4955
8758 4234
3
418 397
8940 5355
3027 286
3
8996 2904
2945 961
3536 1609
3
119 114
3728 1573
5794 1458
3
1842 1641
4315 1669
1540 115
3
2216 1474
2061 23
2555 470
3
3752 407
9361 8590
3700 1014
3
2158 287
1073 83
2336 119
4
2304 1234
400 341
3764 1092
7300 5523
3
8964 3750
408 95
5152 1830
3
4633 2094
1335 558
4165 2004
3
4936 48
8338 8061
362 321
3
5740 3952
1362 1091
6474 2356
3
471 253
8254 6109
3003 407
3
1795 715
6197 1610
2226 1788
3
6250 180
2430 2410
9221 392
3
4907 1286
3632 2886
140 63
3
6260 5030
3602 2507
287 173
3
7710 3799
4602 3752
2626 2184
3
8432 6185
2046 176
4467 175
3
1090 191
7263 1711
3504 1216
3
534 451
4023 1875
6231 4374
3
4475 564
650 353
4159 4149
3
4864 2513
7657 3846
8437 5033
3
2658 1190
1259 896
8813 3445
3
7445 6787
9090 4100
5860 3364
3
7702 1540
3719 345
2172 2120
3
96 39
1778 1132
9601 433
3
7277 5054
1768 150
1420 749
3
7884 3240
8746 6879
3181 1330
3
9540 1802
1371 932
8482 974
3
7021 1460
2485 1942
3765 2092
4
595 232
365 179
7473 1587
266 52
3
6034 910
6683 179
1068 360
3
162 43
612 405
3438 2791
3
966 790
1070 171
8305 6443
3
3289 2979
1508 1297
4263 3744
3
8554 6468
1236 148
6586 4020
4
309 35
400 240
8866 2012
8494 1973
3
9666 8759
5549 4896
8210 1234
3
384 21
6406 1474
2134 414
3
3293 1830
8755 6316
135 129
3
1981 173
1095 616
391 59
3
4251 481
7301 6645
1182 1033
3
8884 8061
3548 1162
2312 1084
3
3226 662
8274 6097
3399 2007
3
6919 5582
972 201
782 12
3
2896 2335
5248 746
6084 1732
3
4426 4197
909 575
319 269
3
2694 2101
6633 5178
371 188
3
4637 1996
1051 454
2976 1005
3
8283 768
1610 1509
9798 4132
3
6020 300
5237 3791
9212 2918
3
5600 1420
899 868
4467 4417
4
125 5
320 312
5679 625
8679 1562
3
4840 364
466 336
830 72
3
3020 2919
7060 2065
2935 683
3
4428 2628
744 104
3349 2084
3
2604 1406
1647 163
1918 1151
3
2816 670
4841 3373
128 49
3
3703 690
9711 3614
2578 1372
3
4583 1618
9297 8172
1010 736
3
5280 2067
2666 1330
7008 2734
3
5427 5374
1475 955
51 41
3
3085 2887
3546 3079
2618 110
3
3038 2381
2267 1136
7306 2951
3
6025 112
4026 1117
4700 4488
3
1048 636
9202 6407
9647 3566
4
220 2
6774 5505
945 558
2202 715
3
4392 1468
4540 3800
3387 2259
3
8292 6856
776 109
5732 3197
3
689 72
8239 7082
110 94
4
4384 1744
7342 5518
96 40
3480 2627
4
116 42
5137 5119
588 296
4158 2461
3
9506 2234
9081 3646
2548 1639
3
4505 799
3127 2714
6130 706
3
704 52
1405 903
1701 1242
3
2367 186
2512 2226
405 63
4
4234 2320
8500 3859
3620 1289
906 429
3
2517 1564
702 502
5793 3388
3
113 90
4762 3290
1238 5
3
8132 2026
5850 655
1929 1648
4
5400 3261
1595 1090
7020 2548
1204 1124
3
176 144
8648 8558
9384 1543
3
4508 3731
7678 4510
1858 904
3
986 613
4695 3455
5838 1631
3
436 30
9706 5190
1611 348
3
848 499
4000 3615
1290 694
3
247 217
4868 2556
5838 1771
3
7146 4571
785 730
111 70
3
1437 1404
705 410
4169 26
3
340 277
279 209
377 292
3
2412 1125
5784 5756
559 80
3
4745 3003
1123 451
2162 931
3
3747 2918
3325 63
257 231
3
8448 1296
9520 8339
2696 2515
3
9170 1572
9696 3562
6988 1911
3
1394 169
9332 4994
4518 1530
3
2544 1735
3138 2373
7587 3255
3
1158 803
7997 1839
6160 1614
3
5289 4324
11 11
7684 2124
3
9263 2069
116 38
4803 2806
3
5713 1618
97 66
9890 6270
3
3125 1469
1622 101
384 167
3
2476 1303
596 22
5469 4308
3
4466 4180
1814 41
8781 6783
3
4430 231
8054 6390
268 91
3
4435 1469
5187 1046
5278 3118
3
9232 3250
7416 774
5139 4028
3
6825 3950
1535 897
1903 1538
3
6051 2006
1729 1216
7179 401
3
6736 4595
7196 6719
112 66
3
8933 7671
1060 70
2900 1915
3
1580 734
519 40
8305 6711
3
2057 1820
772 468
2031 803
3
3971 2895
2508 924
3442 2782
3
1141 236
3836 186
7758 3147
3
2999 1370
8271 5624
1017 499
3
6720 464
5194 3419
9189 8761
3
224 54
502 187
7032 4246
3
5705 2140
184 67
478 8
3
6387 361
2397 809
4029 915
3
1173 656
7931 7028
5511 156
4
810 538
2440 2349
6972 2590
2806 931
3
1243 564
1033 746
103 72
3
1577 937
1742 264
7106 1749
3
3943 572
2561 752
7385 4655
3
3672 1333
4726 3983
1866 224
3
9812 7653
2235 528
3773 850
3
3445 2831
7161 7027
672 174
3
9439 2418
613 127
2454 12
3
7251 5438
1494 614
2968 654
3
857 119
6898 1138
807 777
3
6611 826
9785 3774
6386 5950
3
7162 420
326 275
4747 4100
3
1760 236
747 207
1701 1443
3
475 27
6830 2795
9303 3099
3
600 413
9271 8395
9918 8836
3
1324 1246
4418 3288
1401 847
3
8849 5204
9088 8000
1547 228
3
1509 6
158 156
6874 3765
3
2868 852
8749 4921
1765 186
3
2469 2393
6334 1195
2736 726
3
6831 5478
8193 1186
1816 602
3
3290 2091
7782 7038
4840 783
3
7066 1196
2397 788
137 83
3
1732 498
9796 7018
8420 3015
3
4842 2703
4578 162
7515 133
3
7862 2173
3712 2068
7304 3248
3
9040 7589
4156 3826
558 402
3
8294 5582
5187 1151
5628 935
3
215 187
9963 338
6355 5814
3
6363 4036
474 251
5873 447
3
5550 5361
5900 3498
31 7
3
1392 1029
8292 5198
2355 1279
3
1200 698
4052 1172
7656 1535
3
5391 4393
2017 161
93 18
3
8179 562
2430 1366
3210 1080
3
1853 815
2086 532
8562 663
3
1260 236
1499 81
7878 2027
3
8136 7680
1560 548
2068 1648
3
1911 805
6931 1831
148 140
3
1482 615
7390 7184
3276 2619
3
5569 3718
200 60
7734 6668
4
693 172
1026 347
3337 2450
1045 469
3
924 866
9644 4000
4089 3306
3
715 426
9596 370
9980 8982
3
5481 439
5010 2086
1897 411
3
9215 3477
7496 4500
3638 2035
3
707 474
5291 3469
2352 1840
3
6799 3778
509 470
240 4
3
5477 3944
2361 795
3016 1846
4
2709 2592
7504 2248
1005 618
2100 400
3
139 81
9852 6538
6390 2622
3
1650 358
6819 356
3863 732
3
2290 2081
7770 3290
2277 2111
3
888 214
5866 2382
5943 5714
3
5883 4797
7410 4150
3900 1518
3
2517 387
1225 751
5090 4627
3
6454 2450
9518 9356
554 288
3
8879 4772
9573 6192
4477 4218
4
2443 1750
782 671
5672 452
48 27
3
8281 7985
1248 747
1388 945
4
2295 2027
3725 3721
8180 7918
1836 808
3
5967 3646
2522 910
9465 7553
3
872 36
4896 3031
3649 3453
3
5768 3591
1378 73
3640 1452
3
4266 1022
1138 380
386 208
4
6045 4823
40 19
7761 3397
8668 4719
3
8888 791
3273 3049
1748 989
3
2880 2412
1183 724
4026 2476
3
679 264
7048 3646
3185 727
3
2596 2507
247 232
6238 4860
3
1897 91
9145 1680
6034 2298
4
588 357
279 94
7486 3610
4578 1070
3
5344 4669
6189 2559
2920 765
3
3234 1962
2172 1258
9612 4296
3
4010 784
8900 2592
1930 963
3
1583 381
6697 2097
512 14
3
2132 538
6015 176
7052 87
3
1031 778
854 189
7923 1643
3
3968 1176
6685 997
7364 4029
3
6608 3014
3077 262
1812 486
3
3870 2821
576 574
4645 2674
3
5085 4845
5800 2979
6165 2558
3
5436 1995
9144 3267
5504 3463
3
4433 1038
8312 2959
6240 1062
3
2549 47
7345 6383
865 250
3
3514 2956
3952 2353
3944 2257
3
4745 1608
2358 1752
6730 3828
3
4681 64
3573 2426
2256 893
3
1065 313
2907 12
7005 5264
3
6528 2148
3315 2457
764 697
3
4567 516
4807 204
5511 4160
3
1043 767
1375 581
6286 4592
3
3861 511
2471 1404
3190 2066
5
5512 2510
679 253
4758 2438
4408 551
3904 1546
3
7589 5851
4390 2206
262 56
3
9590 6896
3985 688
2517 800
3
7042 3066
3723 127
2132 1506
3
9517 270
651 396
8266 1202
3
392 56
3431 617
3634 202
3
9892 6199
1784 1445
428 397
3
4700 1937
4155 1215
1388 702
3
8265 3995
9986 895
4993 883
3
8993 6256
6889 2414
3863 1617
3
8047 2881
2079 795
1107 648
3
8544 4476
1398 512
2826 2547
3
2725 2295
3291 614
1069 956
3
9188 6420
9287 2259
7414 2812
3
3723 2961
6094 148
87 32
3
207 140
3313 1058
2882 1868
3
9050 6697
1409 198
3790 914
3
7350 2397
7310 2548
215 45
3
9022 1357
5330 1119
276 238
3
3486 2073
2988 1686
7533 5966
3
7120 5120
2959 1867
7942 2675
4
8885 3382
2270 2269
3 3
2226 1110
3
4480 1164
9085 3042
3304 568
3
9388 5933
4641 3587
131 112
3
69 42
8256 400
8918 8613
3
4086 3846
7920 1812
6411 2001
3
5973 3988
3847 1914
4356 1652
3
3115 3048
9374 3392
4 4
3
325 206
5905 25
1467 223
3
2390 2
8878 4998
451 370
3
2624 495
788 179
4402 1199
4
112 42
4002 847
8928 1834
2204 67
3
4722 1895
3006 2768
837 86
3
7630 4730
616 410
7200 2381
3
3992 2400
2569 870
4678 4015
3
1652 380
197 160
5430 2738
3
8351 3543
393 238
5520 3611
3
2750 1399
84 48
4833 4724
3
3033 2517
4977 202
1505 1091
4
2828 821
560 476
5820 5127
1576 1277
3
9864 90
7753 6380
7244 2160
3
283 191
1598 171
5306 4332
4
8869 3685
5310 1308
1475 714
4400 1309
3
2760 348
7502 2630
5092 3616
3
8158 3135
2682 1402
1899 1532
3
3180 2280
8672 206
2049 1486
4
1841 736
9317 2706
3267 937
990 760
3
2561 2260
3256 438
1002 756
3
3219 1344
2813 579
7743 3643
3
4412 1915
1144 822
4482 3289
3
1948 1518
3343 2487
2361 1371
3
4704 2053
4226 3249
164 108
3
2361 747
5216 3441
383 28
3
2655 1224
927 648
8918 436
4
528 495
7777 3047
1915 1685
802 524
3
2096 1436
8766 2609
2508 513
3
3843 2973
8972 837
6125 4816
3
4861 1210
9975 294
9020 4471
3
9420 8868
4287 1400
5076 2319
3
328 192
1748 359
4220 1603
3
1421 385
7488 3522
4179 2597
3
4468 4315
437 228
6726 1660
3
5489 5240
2203 1826
8758 7097
3
777 513
7958 605
500 98
3
3186 1537
1061 578
9594 8205
3
6185 1763
6570 3753
3854 2419
3
3925 3478
5850 1500
288 173
3
19 15
9099 63
2838 1904
3
6342 2859
8752 1038
3460 665
3
162 147
5140 1203
4614 248
4
594 243
614 162
6292 4043
2773 2042
3
1232 400
206 43
3700 2536
3
3240 79
5385 3934
6868 1443
3
5168 636
259 62
849 824
3
74 35
3340 159
1529 1355
3
1757 233
4682 2390
11 2
3
9683 5646
7832 2047
333 180
3
670 14
4776 4548
7308 6673
3
633 64
3831 2423
980 367
3
342 206
653 193
872 726
3
1833 403
5067 1818
1196 818
3
4125 3828
8002 455
1395 547
3
7996 7479
1538 1414
2979 162
3
6903 451
1558 475
3125 420
4
6240 5727
2403 516
153 49
2296 420
3
1869 580
575 48
4076 3388
3
331 249
5587 3708
2631 294
4
7305 2958
4734 2998
8670 8517
48 23
3
6254 3790
1190 343
7486 4752
3
689 17
1037 292
1246 426
3
9703 7493
6156 4911
909 167
3
5136 4028
1463 1105
1092 538
3
6366 945
1528 1464
5634 4250
3
192 127
2168 1434
8514 6893
3
1830 362
7470 432
591 75
3
5944 558
3442 60
6153 357
3
342 219
6906 976
8770 7739
3
8382 100
690 102
4578 4455
3
6559 229
3085 982
163 18
3
2118 1450
7357 1375
3999 1495
3
5658 3239
8281 3031
7742 4130
3
4924 1307
5208 5089
2287 551
3
7509 1825
1358 1139
3298 375
3
427 400
6869 4388
7245 4281
3
3574 1302
1809 1061
995 633
3
6411 1786
1610 219
1679 564
3
8419 5586
5980 2093
3849 981
3
3752 1387
922 158
1149 847
3
8034 957
1100 760
3410 2457
3
3420 877
1909 490
604 355
3
4100 967
1840 545
8085 3200
3
1533 250
1326 87
6772 6164
3
2273 1521
7912 4567
428 175
3
1893 1455
1061 575
4363 2215
3
3884 256
929 308
7920 2326
5
627 272
280 262
1617 1204
1577 252
5680 2128
3
4018 2210
810 400
5836 5379
3
2244 235
6302 2686
445 179
3
1664 1369
2576 1095
7247 7234
3
664 333
4883 4097
1438 410
3
6485 5286
1078 68
134 40
3
2044 450
4126 315
1868 1546
4
6610 2516
3839 2269
44 37
9870 6345
3
3605 1922
9548 4433
2940 2209
3
9821 3085
5965 1856
2116 1040
3
3588 3462
3107 1547
7189 373
3
4914 4863
1266 214
8071 1610
3
5923 71
5841 312
9585 6540
3
538 497
1320 1308
1979 1792
3
2730 2379
1909 376
8933 1189
4
2169 239
1923 1134
6946 1403
3205 2642
3
1841 985
4098 1143
5140 1002
3
2550 156
9392 602
5492 1940
3
896 693
5771 5426
3422 2306
3
390 49
3063 1920
3953 2083
3
8906 1217
5231 754
1260 186
3
3068 978
4674 2172
917 84
3
2769 2734
9055 6962
7150 4998
3
6652 2018
138 54
743 448
3
2269 76
5901 4251
2562 2390
3
4460 2843
4090 2537
524 288
3
702 56
863 628
3069 2430
3
4242 2433
5508 3622
1200 892
3
3886 468
2795 1662
9204 6564
4
978 85
1015 33
495 27
9637 1219
3
5214 3047
3618 1842
4421 989
3
60 7
261 250
6444 1679
3
9359 3168
3885 2385
7841 2309
3
4541 956
1186 448
1562 216
3
8072 363
2016 1448
5156 747
4
7111 5933
4917 2086
4433 456
1899 810
3
7329 1221
5383 3067
2862 1172
3
2417 620
801 211
4602 1117
3
4472 1573
9565 3639
2802 658
3
396 115
3248 517
3431 1732
3
80 6
4575 2042
638 10
4
63 61
729 255
6800 5525
5894 5884
3
1486 1171
1352 1179
8010 1827
3
3504 644
688 32
4330 3403
3
1793 1750
211 4
3078 2214
3
5711 4397
8964 5256
3993 2098
3
2021 1226
356 42
3336 3290
3
8428 2467
231 28
6070 5485
3
99 30
8375 5367
1136 895
3
4699 2294
1293 122
7076 2220
3
1941 699
4756 2729
767 112
3
5265 3074
3172 364
4092 3500
3
7960 411
1448 93
6730 2884
3
1806 356
7543 7217
9956 7184
3
6468 553
7009 1844
3384 38
3
1375 375
900 8
7588 1124
3
5000 3245
1003 230
7276 4135
3
6480 2646
4973 300
7487 2399
3
9981 3060
3203 2576
324 93
3
7185 7080
45 28
8244 5895
3
1512 430
5976 4289
5264 2621
3
1477 65
3886 1040
8197 7280
3
7092 4271
226 203
1659 1120
4
2746 275
306 227
8590 8550
60 35
3
3540 891
582 330
5808 4777
3
2630 1422
1138 486
4507 330
3
8716 4959
908 550
3619 203
3
6990 5200
2925 2568
3148 817
3
144 87
5871 4537
7406 6079
3
7768 401
704 294
7462 821
3
4271 4076
4986 3825
6620 1360
4
4110 3285
2132 923
1385 826
376 300
3
5328 4304
8232 1598
325 6
3
7243 4829
8024 2048
834 110
3
7376 876
6723 426
3569 669
3
8338 3084
6001 5753
6358 684
3
1870 265
9768 1349
9205 3458
3
9657 8024
1507 507
5217 101
3
2231 1541
6504 5333
9552 463
3
2001 1513
452 366
1778 165
3
758 167
1544 626
6260 1329
3
5520 5349
5330 5286
8947 3085
3
3928 29
3328 2440
5046 3939
3
7745 5192
3474 2642
980 234
3
7922 800
5249 5030
9918 1670
3
4014 2386
8139 1535
1148 474
3
3537 1340
7064 1750
4638 1060
3
6536 1908
4172 2451
5642 804
3
4693 3613
1048 248
6955 3284
4
9401 5205
6027 1476
8428 1720
9551 6466
3
9217 1449
1608 21
3052 337
3
3799 2925
1635 683
1312 332
3
2159 537
92 75
9865 7189
3
2040 710
6412 3901
735 464
3
3461 1637
6916 2463
8190 7144
3
5919 1413
5041 436
134 8
3
1071 96
1817 53
9964 2140
3
6374 6079
4660 4660
112 15
3
7 7
3822 2515
404 181
3
3344 1936
3090 2766
9735 5520
3
5898 984
8082 2092
737 339
3
4043 1937
8097 6379
9240 7045
4
3084 2252
1288 736
6642 454
7449 3315
3
6963 1499
536 22
6990 4591
3
2056 444
7781 7037
5655 4150
3
9464 95
5815 1037
16 5
3
2728 1470
390 280
7584 1528
3
1818 179
4695 3200
8477 5523
3
4068 2397
522 307
3192 3050
3
2940 1688
1946 402
9198 9067
3
1425 1066
200 68
8468 1594
3
997 312
3515 3033
3922 3890
3
1932 1836
4662 357
7951 4570
3
9511 7001
5423 3774
1848 77
3
7282 4202
9058 197
4722 792
3
279 81
1543 186
6559 596
3
2871 1932
7325 3642
3575 3399
3
7515 2370
1767 350
2183 431
3
6253 2321
2576 1448
3072 1541
3
3465 1253
6220 863
52 27
3
7547 140
710 510
3640 1088
3
1425 798
7785 6187
5269 2604
3
4821 454
242 84
5477 1345
3
7096 2010
9816 2971
340 214
3
564 82
3399 1063
6741 5426
3
7080 4374
8819 5036
445 250
3
934 146
9268 1042
2428 625
3
3655 1350
512 219
5331 1771
3
6900 3584
2900 1107
7898 5781
3
2915 2315
2469 340
2098 1096
3
9918 6497
318 95
9896 2443
3
7276 3252
903 313
124 86
3
1925 695
1951 529
5389 2175
3
8595 3677
1242 37
9730 4125
3
70 25
2701 2195
4008 3140
4
7146 2518
1208 72
2304 1085
4002 1073
3
7919 4706
898 267
578 80
3
7719 425
4382 548
1715 353
3
2972 2369
2915 1725
2608 816
3
5626 815
6461 408
966 134
3
924 490
8185 6854
1415 331
3
9114 622
66 14
8006 1944
3
3991 665
747 593
3805 725
3
1257 304
4960 4610
3443 1314
3
2860 631
2828 2653
662 107
3
8987 2070
7086 3165
9394 1967
3
5724 3198
3689 3362
4403 4225
3
92 38
7734 7162
2337 1016
3
3432 1667
1575 469
7042 6141
3
682 341
3797 2875
3815 3674
3
639 24
4584 4018
6633 1193
3
1225 982
6995 6584
5025 4206
3
3637 249
3148 1756
2118 646
3
2177 672
2456 1195
792 627
3
2975 586
2858 2096
4658 1759
3
7402 1787
1930 1729
7070 5278
3
4896 2424
207 197
2652 1517
3
2879 601
2587 735
303 300
3
8866 589
4923 3808
1077 862
3
418 345
6663 2298
1542 415
3
3724 511
7116 5742
9443 3665
3
8300 5471
9287 1853
333 95
3
751 295
4686 3183
2444 1310
3
182 20
4652 2508
9329 6508
3
4815 2841
9195 5799
9279 6831
3
1317 1084
8421 1849
2760 148
3
3387 2227
7118 6516
1965 1085
3
2599 718
1547 533
2191 512
3
7220 3968
8415 4726
4512 2059
3
1309 668
4207 417
529 130
3
5657 3164
978 33
8463 6902
3
6195 2869
505 197
562 336
3
1327 1011
6800 45
2060 387
4
3084 1002
2142 847
8403 214
9945 5382
3
9428 1358
550 37
3732 1906
3
2009 1054
427 30
9234 631
3
5088 4678
1933 564
7488 3627
3
3585 2829
2917 549
7990 376
3
444 92
669 151
8287 4118
3
1790 557
3622 284
2155 1098
3
9149 3392
7755 6636
9 7
3
8346 2327
9312 650
1222 502
3
761 278
1034 280
2898 322
3
688 444
2707 787
5640 4895
3
7264 808
4205 1512
5190 4783
3
8747 8369
2414 1286
24 6
3
8871 1450
484 442
4650 659
3
1040 357
3869 421
3760 123
3
7518 3291
4764 4153
765 625
3
702 451
2652 1122
157 157
3
7588 1178
4662 510
3430 3137
3
6773 6013
3959 789
1665 1245
3
7074 2421
7715 4400
3842 128
3
8580 696
7592 851
834 277
4
845 487
170 120
5629 4776
2004 714
3
8778 3015
7391 477
335 318
3
4938 2527
6304 5428
7060 3310
3
1945 860
7763 7476
9600 8742
3
6582 3363
402 214
3258 2439
3
286 134
9004 8490
9465 880
3
3528 1062
2694 2526
5864 1987
3
110 100
175 106
4815 1280
3
1449 1057
987 140
2379 288
3
8374 5061
5122 1703
538 196
3
3938 3232
644 238
6165 1906
3
2471 2364
1330 561
5288 4865
3
3866 2157
3639 1761
2672 762
3
3949 2331
2491 1652
1279 1120
3
3019 554
5256 2142
1336 1216
3
3455 2263
8900 4415
836 287
3
4088 1304
2645 1818
2352 1927
3
7830 4909
744 227
3294 979
3
1517 548
2493 1722
8418 7486
3
4974 1991
4889 1210
64 29
3
3585 1902
9577 1448
5124 55
3
501 418
4584 4234
2220 1578
3
2179 439
3451 1423
8912 3616
4
648 624
5066 2363
5214 990
6633 2081
3
802 687
959 716
540 45
3
1021 1002
3180 14
5060 1507
3
680 195
1072 656
4622 3833
3
4653 1995
4511 2715
690 151
4
457 128
1875 505
8836 1423
1000 509
3
3677 1643
478 255
6624 1302
3
4391 1104
6976 75
2608 2259
3
6236 6012
7415 6169
295 138
3
179 173
258 12
9627 8521
3
319 32
8045 2123
9130 7952
3
375 12
9529 6633
473 463
3
3035 881
6792 3615
2382 186
3
1431 954
5380 4648
8682 3159
3
8250 6794
8965 8550
701 259
3
7843 3089
3507 3065
830 530
3
1508 1273
5116 1180
3135 3070
3
920 818
3640 3254
5335 845
0
