3
1 1
1 1
1 1
2
1 1
10000 10000
4
1 1
2 2
10 10
38 12
10
3 3
2 8
4 8
4 8
2 9
3 2
1 9
9 1
3 4
9 2
3
6 18
30 90
24 72
5
2 5
4 10
3 8
30 80
20 50
3
2 5
4 10
20 50
4
322 120
24 11
140 111
328 262
6
450 400
70 4
28 6
69 50
973 537
42 16
4
588 140
125 82
552 76
195 190
4
35 25
174 124
790 100
57 22
3
448 273
127 71
642 260
3
512 124
954 12
17 10
3
4 3
205 174
808 198
3
899 313
128 104
144 143
4
386 232
948 760
756 180
320 28
2
931 576
187 179
4
100 98
35 26
968 420
266 123
3
858 43
571 490
796 661
2
78 77
360 199
2
903 644
936 374
2
75 30
709 243
3
945 492
920 398
753 705
5
476 249
507 399
269 116
442 28
320 73
4
141 99
738 641
181 116
324 209
6
930 252
372 159
854 735
292 42
976 873
984 363
5
6 4
405 116
584 197
15 10
804 690
3
41 4
919 5
811 427
3
562 455
296 4
676 255
5
105 65
624 191
847 340
619 184
441 201
4
190 106
673 527
631 77
798 151
2
480 239
584 344
3
100 42
342 173
271 58
2
402 197
58 48
4
955 472
70 25
47 12
780 538
3
695 664
732 664
730 404
2
47 6
858 354
3
646 186
913 817
926 252
3
393 41
936 113
35 4
2
551 96
108 10
3
267 193
799 321
45 44
3
371 367
208 36
707 198
4
49 44
185 10
118 49
566 141
2
950 442
231 188
4
990 981
316 123
213 186
736 77
3
987 200
543 6
181 83
3
314 87
832 537
721 483
3
699 265
454 27
388 107
3
995 318
245 57
571 43
2
302 228
675 398
2
339 141
376 108
2
389 231
120 46
5
868 367
682 54
611 223
744 526
196 139
2
102 62
161 137
2
445 346
236 25
3
505 209
757 516
258 13
3
846 98
346 50
945 221
4
209 60
351 242
608 344
590 347
2
604 478
920 426
4
196 18
361 90
374 91
410 177
3
949 27
747 487
410 114
2
816 229
37 13
3
62 36
933 592
756 175
4
890 310
952 105
322 90
459 161
4
308 187
518 317
584 118
325 164
2
611 428
631 242
2
540 336
240 158
5
475 418
441 5
71 22
969 183
525 403
5
51 42
585 164
532 5
96 42
799 16
5
129 121
583 452
473 407
300 60
163 74
5
705 44
858 378
12 10
364 78
937 434
4
479 414
593 47
164 68
208 162
2
372 253
789 402
5
918 682
460 270
959 585
920 570
880 24
3
782 553
977 27
2 2
2
589 506
52 48
4
405 265
710 15
922 549
103 62
9
105 59
282 48
750 535
168 111
105 103
588 230
90 58
930 599
868 247
4
666 23
41 22
316 193
268 39
3
778 677
968 230
203 157
2
186 38
973 43
3
532 246
200 149
733 148
2
610 578
701 325
5
814 315
384 288
690 123
732 177
174 86
3
946 495
683 197
833 480
5
305 102
52 42
601 119
662 168
266 133
2
97 45
684 632
4
197 155
596 594
81 15
323 266
5
460 345
960 454
134 99
296 271
243 198
5
191 129
475 468
627 263
660 192
866 322
4
552 426
822 261
30 20
811 323
5
375 250
589 77
604 397
285 92
134 42
3
418 196
529 500
179 173
4
7 4
696 511
705 546
871 65
4
735 186
486 437
327 184
726 316
4
949 448
431 128
325 94
355 155
5
289 97
342 116
924 611
99 50
578 312
4
363 41
112 94
544 369
560 127
2
249 45
284 282
4
452 33
286 165
809 36
722 557
2
712 263
653 311
3
322 91
398 161
77 51
2
448 169
583 239
2
568 102
671 51
2
178 153
226 108
3
785 196
10 8
447 154
4
675 403
817 133
38 26
587 429
4
883 223
7 5
898 630
719 711
3
396 214
624 507
945 655
3
450 48
59 9
50 31
5
784 435
143 66
663 621
126 121
94 49
2
110 52
626 486
3
146 104
672 123
379 139
5
875 817
166 19
665 240
139 113
6 3
2
427 214
639 444
3
275 156
563 446
812 217
4
852 11
903 449
306 91
142 35
2
999 845
160 71
3
260 193
994 650
609 324
4
912 490
791 588
561 18
950 691
4
558 83
801 272
210 19
397 335
3
700 573
451 232
617 388
4
582 428
626 516
348 29
774 136
2
383 129
36 21
2
146 43
390 165
2
526 163
377 21
3
268 14
346 188
965 66
2
905 785
135 76
2
26 2
444 67
3
267 265
715 209
341 178
3
692 262
292 179
175 143
3
287 217
500 49
31 16
2
511 254
344 206
4
829 476
220 126
730 692
214 4
5
336 201
560 120
779 711
416 196
400 320
3
616 616
856 41
507 336
5
161 56
807 249
506 137
839 784
968 920
3
821 73
941 489
392 55
2
109 78
279 184
5
596 357
343 229
38 26
279 192
196 86
2
782 467
666 637
2
317 172
739 28
4
191 142
662 64
337 92
740 448
3
694 528
417 357
544 319
2
744 508
531 261
2
995 289
41 30
3
521 174
235 64
823 174
2
996 357
730 244
4
523 445
921 273
134 119
303 129
4
984 93
637 230
146 77
147 32
4
6 2
931 647
544 133
725 636
2
236 45
827 634
2
782 242
84 19
3
789 248
395 372
242 236
2
874 433
102 70
3
526 136
805 391
997 913
4
669 260
616 229
908 581
184 7
5
415 101
324 46
609 561
127 30
254 41
5
586 238
792 244
77 50
132 2
833 797
2
463 242
609 419
3
341 238
88 37
907 729
3
633 98
321 62
7 7
2
737 649
655 211
4
312 124
778 566
861 129
875 291
2
565 563
768 365
3
378 34
509 240
523 422
2
979 10
923 506
3
266 216
309 168
46 46
3
12 8
886 229
430 105
3
912 230
315 60
128 79
4
821 530
376 171
697 238
176 93
2
968 849
810 570
2
758 2
142 97
2
466 284
65 26
4
602 63
112 79
101 91
405 395
3
763 490
714 57
29 6
3
275 261
51 8
86 7
3
619 219
555 546
352 337
5
98 35
345 337
927 59
407 48
924 479
3
3 3
919 554
342 201
2
243 67
75 56
4
288 185
396 216
248 8
214 212
3
399 220
207 94
781 153
2
408 381
426 39
4
68 57
650 358
484 47
874 137
4
445 66
290 233
609 542
583 307
4
383 296
54 39
65 36
858 838
3
341 283
316 134
297 61
2
445 31
282 142
5
231 79
172 20
469 67
238 3
925 279
3
792 575
468 199
604 9
3
191 88
770 69
387 245
2
402 194
438 148
3
664 124
363 322
991 318
3
551 200
696 274
499 119
4
961 545
506 206
342 91
234 59
6
243 116
687 445
266 53
5 4
609 152
200 60
3
30 17
717 556
934 802
2
986 891
477 34
3
448 94
580 302
954 487
4
473 463
992 605
576 552
313 174
3
651 460
278 62
581 228
3
713 446
100 61
182 12
5
433 31
285 226
116 92
897 300
377 60
5
112 54
350 76
894 419
262 226
276 171
2
638 270
445 423
7
270 27
805 339
440 324
275 155
154 81
3 3
954 833
6
338 146
82 69
338 201
3 2
235 135
466 317
3
665 134
755 240
766 137
4
85 39
618 137
594 340
385 65
4
120 75
816 495
691 456
128 34
2
807 275
68 42
2
550 394
936 662
3
735 239
544 442
598 68
2
211 89
446 299
4
26 24
791 169
100 34
311 38
2
884 713
515 341
2
331 49
835 337
4
200 17
24 20
753 494
83 23
2
303 290
449 296
3
962 177
539 508
908 439
2
704 255
388 66
3
990 214
311 283
990 856
7
96 95
546 266
894 483
12 7
83 68
375 321
130 105
5
876 816
321 72
23 23
73 61
217 146
4
775 758
946 700
42 24
83 73
2
817 617
645 333
3
528 516
84 47
643 110
4
81 48
392 150
305 131
384 188
2
831 250
694 129
2
549 473
279 2
3
518 352
799 334
289 33
2
293 222
815 7
2
871 579
757 442
2
904 587
153 57
5
211 62
14 14
478 456
139 9
58 29
4
854 636
563 9
840 772
369 135
6
432 157
87 32
68 60
4 4
444 350
625 250
4
568 270
736 3
734 355
960 49
5
606 223
590 469
355 338
350 303
105 49
5
500 137
141 91
460 117
943 882
195 75
5
664 534
534 398
560 373
36 25
375 125
2
104 102
147 140
4
763 443
696 108
209 42
211 101
4
57 56
494 45
179 2
801 373
3
99 53
919 462
280 180
3
608 575
580 543
704 516
4
730 417
280 59
203 6
383 5
2
841 314
861 735
4
681 640
156 46
411 6
289 252
3
662 316
296 56
344 108
3
552 341
282 102
378 315
4
188 80
119 43
325 32
400 242
2
756 313
581 469
3
422 222
424 356
674 646
2
845 39
844 756
3
122 14
545 174
322 296
2
524 226
157 34
4
981 520
747 315
756 108
18 15
2
310 306
700 541
2
348 119
816 782
5
153 50
794 138
85 36
358 75
64 16
4
855 820
927 857
440 198
661 145
2
181 178
486 358
5
51 7
819 793
52 27
606 101
263 102
2
568 423
441 52
2
696 615
271 132
4
40 12
134 48
53 46
89 70
2
870 41
559 126
4
178 59
148 94
484 79
459 131
2
274 19
19 8
2
166 152
865 400
4
133 31
319 142
952 309
842 368
6
150 41
572 234
569 412
2 2
570 77
132 29
2
253 82
34 22
4
768 107
581 133
232 26
984 706
5
657 291
59 57
387 303
253 236
759 575
2
201 192
676 670
3
58 14
553 138
644 240
2
818 423
179 135
3
515 361
202 130
131 93
3
802 311
274 7
527 250
3
181 135
730 21
245 140
2
511 487
455 97
2
542 151
17 9
3
926 334
243 11
473 206
2
973 907
304 227
2
151 46
521 411
2
82 43
744 632
3
441 275
554 244
84 3
5
928 768
435 352
423 5
259 83
96 76
4
182 96
645 100
727 4
288 191
2
697 662
724 378
3
37 3
359 12
117 88
4
68 20
61 57
689 330
350 256
3
160 91
137 18
890 880
4
695 661
238 203
880 117
837 767
6
100 13
154 20
371 78
313 168
616 581
14 14
2
451 101
913 152
2
444 395
195 184
2
813 489
678 626
4
490 114
19 10
248 49
705 403
5
616 246
671 427
972 966
650 460
914 202
2
635 427
142 24
2
946 819
13 4
4
808 551
207 151
79 61
107 105
4
762 377
263 3
889 449
43 37
3
781 583
484 473
885 171
3
145 51
36 25
247 241
2
477 253
698 453
2
116 29
847 5
4
444 142
42 14
296 277
233 93
3
576 162
233 172
387 223
2
760 397
217 49
2
740 227
469 468
4
155 66
621 59
318 218
942 307
2
364 158
90 62
3
836 589
815 418
925 380
4
120 59
508 93
374 85
53 48
2
394 241
238 136
4
955 172
846 736
700 174
216 38
4
406 259
594 162
196 128
47 22
4
945 799
178 21
174 19
307 114
2
637 491
940 5
3
329 20
155 141
639 386
3
760 480
903 422
779 718
3
404 290
916 209
918 519
2
529 50
628 123
3
193 18
447 155
132 131
2
324 108
421 379
4
152 152
681 574
531 108
384 94
2
217 165
194 144
2
10 5
247 56
2
305 273
856 816
2
770 743
775 23
3
33 32
933 684
898 500
2
220 171
242 156
2
807 108
163 104
3
547 427
361 159
515 494
2
880 216
894 260
3
345 207
872 503
441 348
5
236 214
602 448
555 357
14 13
747 378
2
607 211
134 72
4
823 537
75 26
71 65
705 111
2
670 404
553 42
2
476 267
653 443
4
499 264
146 28
411 408
355 51
7
741 630
540 127
689 220
896 352
9 7
456 90
170 90
4
469 161
417 396
458 310
506 35
4
365 25
797 55
930 685
376 46
2
23 20
956 611
3
38 11
762 472
73 10
5
38 25
384 77
114 96
130 71
153 10
3
667 653
305 289
853 75
3
162 147
762 464
926 527
2
288 170
315 236
7
125 120
141 141
108 72
365 239
639 338
598 554
135 117
4
677 410
222 156
13 5
915 691
3
764 352
790 789
655 640
3
326 141
873 417
358 272
3
333 324
95 68
573 329
3
815 808
896 592
644 310
4
458 99
78 59
43 15
312 14
5
13 5
693 624
528 179
618 180
92 9
3
898 222
818 135
537 428
2
260 72
15 13
4
23 4
838 28
627 347
95 32
5
232 165
868 37
315 166
955 451
100 38
3
546 187
22 5
908 69
3
515 241
432 216
452 120
2
981 183
935 832
4
428 414
240 233
865 594
864 716
3
453 182
933 559
296 113
3
83 31
268 120
666 420
4
872 691
990 19
370 44
750 2
2
119 28
455 363
2
368 265
529 136
2
445 287
522 243
4
959 313
7 5
11 5
570 540
3
923 461
917 40
14 5
2
727 232
337 165
2
612 572
748 322
2
872 330
715 6
3
592 44
717 552
39 27
3
668 223
54 29
140 51
2
578 392
677 75
3
224 199
164 75
969 134
3
733 529
514 402
273 128
3
140 82
143 67
914 686
3
297 103
680 331
235 215
2
859 416
595 348
3
732 655
593 103
985 715
2
960 683
496 113
4
674 288
152 66
826 326
175 169
3
632 176
9 6
422 365
3
286 180
362 66
676 238
3
358 122
886 863
196 32
2
265 190
364 18
2
810 718
594 66
3
77 44
492 138
612 21
5
1000 732
64 26
383 306
32 17
422 382
3
11 9
710 25
21 7
3
133 84
838 434
368 286
2
884 132
261 82
3
108 96
771 745
887 605
4
622 514
445 296
275 191
436 10
5
529 106
873 776
819 232
34 33
732 58
3
764 222
764 660
339 297
3
354 354
412 116
53 43
2
104 5
222 105
4
862 638
632 259
930 151
248 24
3
572 40
235 7
910 761
2
503 407
732 122
4
30 21
234 45
564 35
792 398
2
288 46
589 113
3
322 232
571 310
953 269
2
854 330
970 144
5
867 524
780 320
260 14
103 80
729 633
4
810 559
492 453
132 46
398 289
2
371 150
934 206
4
678 120
117 90
566 382
706 664
3
259 90
53 20
539 217
2
170 100
941 299
4
29 25
63 7
172 48
112 31
2
669 271
5 5
3
41 37
111 77
506 294
2
912 864
496 476
3
92 13
357 312
90 15
2
594 553
765 268
3
991 75
524 111
823 762
4
651 136
741 225
392 92
742 702
3
292 3
93 47
942 604
2
171 144
190 105
3
851 11
251 55
823 629
2
875 514
936 69
3
63 47
671 89
984 186
3
133 108
227 28
517 17
3
475 7
127 122
312 63
3
420 357
24 8
200 179
5
593 80
945 762
990 178
84 52
602 10
3
612 443
588 481
876 504
3
765 304
187 69
243 109
4
70 56
346 85
614 12
87 69
4
429 378
103 72
537 319
687 219
4
845 658
684 642
906 245
279 79
2
569 355
115 73
3
367 164
795 178
119 30
2
12 7
256 62
4
408 283
591 317
501 466
738 97
2
80 79
225 47
5
768 662
211 6
219 55
525 415
735 545
4
250 91
891 760
275 131
898 130
3
91 83
870 380
720 223
4
496 162
833 478
39 29
285 235
2
722 63
231 108
4
513 329
7 2
717 625
796 367
3
998 289
999 871
374 11
3
249 222
570 361
463 390
4
95 74
45 10
916 889
935 532
2
316 46
750 733
3
538 311
629 302
785 92
4
767 58
826 210
851 349
431 406
2
532 20
200 79
3
792 726
929 816
70 6
2
105 91
685 666
2
288 101
990 440
5
737 715
760 660
355 88
790 557
948 80
4
309 20
503 501
121 49
128 88
2
25 3
621 136
2
987 563
337 311
3
679 191
752 51
357 89
2
308 139
729 591
6
162 153
6 4
180 33
410 314
682 329
695 637
6
24 22
56 14
65 52
347 317
361 236
412 20
4
666 8
38 27
100 78
633 260
4
277 4
513 134
990 153
671 296
4
370 227
229 70
16 3
821 229
3
858 816
148 16
850 619
5
138 127
437 116
966 542
109 105
426 240
2
431 129
134 56
4
54 13
660 176
708 511
509 157
2
874 300
799 594
3
664 294
973 827
290 44
3
981 637
614 332
955 512
2
42 11
174 87
2
203 89
630 170
3
927 169
689 198
63 2
2
170 57
574 61
4
822 688
283 206
807 296
490 231
5
554 230
536 380
688 129
134 14
638 602
4
33 4
182 158
781 714
6 5
4
177 77
617 472
499 428
270 224
3
697 111
203 59
503 501
2
197 191
646 22
2
705 46
396 108
2
153 113
947 236
3
413 268
273 247
523 274
2
347 203
427 139
2
529 331
807 656
3
453 258
184 180
589 511
3
234 160
510 412
286 156
2
97 92
290 235
3
835 672
34 19
336 96
3
628 92
152 94
224 118
2
828 686
22 11
3
263 55
142 114
695 413
3
929 53
146 122
514 88
3
328 278
971 34
240 117
6
150 66
386 18
370 76
465 444
72 46
832 364
4
137 27
339 148
338 44
416 242
4
752 339
320 277
283 159
83 29
3
256 164
311 47
122 90
3
992 671
985 787
867 773
3
487 467
947 743
159 128
2
267 229
182 142
2
859 39
819 312
5
223 9
226 36
25 25
480 211
708 525
4
19 13
58 58
676 283
32 30
3
837 789
790 617
160 15
6
950 365
310 280
109 29
910 161
140 68
330 123
2
465 362
539 213
5
199 29
389 49
34 31
119 97
426 126
3
864 131
634 229
249 36
2
66 26
435 41
2
214 70
455 35
3
545 84
981 565
842 508
4
534 36
890 210
377 327
463 263
2
827 516
409 88
2
610 140
819 697
2
576 262
900 68
3
574 307
736 301
12 9
4
174 120
53 41
409 146
930 289
3
78 30
713 117
602 187
3
175 144
245 4
85 34
4
36 35
583 245
516 183
232 165
2
551 343
236 28
2
659 247
596 64
3
257 55
560 183
42 29
5
119 41
77 66
557 66
806 364
856 716
3
792 409
987 186
917 192
4
479 328
11 4
510 309
288 244
4
460 317
322 247
685 112
471 74
3
597 8
114 96
135 30
3
125 62
237 50
989 234
3
31 30
681 122
980 138
2
830 446
193 29
3
250 191
258 75
155 116
2
589 421
131 86
3
989 380
115 114
638 347
5
824 95
623 445
651 179
930 818
793 259
3
516 268
798 739
550 366
3
962 331
796 543
886 332
2
710 425
278 104
4
265 165
245 177
728 179
436 248
3
163 158
752 430
34 18
5
517 384
935 835
848 265
990 574
27 19
3
880 645
117 19
970 905
4
872 645
168 25
94 36
494 268
5
13 3
212 108
480 89
276 177
5 5
3
836 141
106 15
911 872
2
751 112
689 84
3
873 652
949 428
169 141
3
544 531
182 72
653 142
2
612 195
974 289
3
318 170
297 292
243 122
2
504 57
676 582
3
405 299
610 607
107 5
2
776 93
502 380
2
874 344
98 90
3
32 27
603 524
103 24
4
449 156
216 176
163 62
720 136
4
189 114
209 14
896 457
986 14
2
226 65
41 6
5
780 632
629 341
28 22
666 358
710 425
3
257 58
424 132
906 398
3
979 936
834 281
618 100
5
528 518
902 294
640 476
770 716
343 52
5
68 37
641 612
900 105
119 14
350 78
3
244 94
202 42
494 85
4
377 125
770 272
85 18
829 162
2
961 209
726 43
4
23 17
676 300
494 310
55 6
4
396 94
36 25
424 389
303 132
3
243 221
925 532
74 56
2
830 304
670 451
2
389 244
360 254
4
702 152
781 526
268 168
132 118
4
900 892
988 314
403 207
684 513
5
566 358
459 422
70 5
552 152
441 435
2
650 136
678 673
2
360 350
991 180
2
639 47
801 787
3
464 452
195 187
705 424
2
774 71
893 154
3
732 379
839 15
908 894
3
44 3
216 136
129 64
4
22 9
685 319
297 36
85 59
5
816 14
298 61
5 4
390 152
885 414
2
597 284
905 41
5
45 3
153 32
88 12
418 12
421 197
3
454 203
872 479
105 18
7
275 202
550 178
596 476
317 289
264 173
94 47
559 559
4
284 201
332 183
844 371
183 182
2
478 164
867 825
4
172 82
828 196
888 15
628 552
3
942 739
380 119
775 757
3
995 204
453 84
563 357
5
676 291
389 265
14 11
340 93
143 48
3
997 431
457 388
40 23
2
400 242
847 471
4
91 21
8 5
844 715
429 39
4
185 160
609 259
202 100
17 11
3
673 282
313 267
81 72
2
154 63
839 392
5
60 53
339 97
405 282
73 42
591 419
2
541 284
406 12
5
564 77
504 208
356 127
931 508
224 78
4
370 268
922 37
975 542
45 18
3
471 188
515 305
530 253
4
595 475
107 26
769 567
507 336
3
912 431
329 111
378 358
4
10 8
519 289
766 9
751 414
4
680 631
734 45
43 42
480 90
3
256 212
758 190
325 114
2
196 167
732 557
4
127 9
93 77
648 447
27 17
4
351 264
175 123
298 219
387 377
2
384 374
902 459
4
273 257
373 90
91 76
742 31
4
88 35
438 150
877 135
69 9
4
422 158
107 26
612 324
106 34
4
315 184
323 174
837 357
843 120
3
335 155
345 213
352 345
3
942 123
405 205
199 98
2
394 338
114 89
4
79 56
504 342
638 434
25 12
3
179 108
969 743
754 239
2
464 144
893 792
2
625 598
78 25
3
55 23
265 132
850 482
2
367 297
187 57
5
102 34
549 281
656 213
289 191
410 32
2
948 775
180 7
3
581 552
311 218
656 244
2
588 252
381 169
2
945 634
466 236
3
307 214
382 122
244 216
2
196 23
531 486
5
101 34
75 70
330 144
217 143
170 131
2
955 636
976 272
2
133 112
178 120
2
269 213
130 94
4
786 257
413 178
11 11
786 342
5
285 111
686 438
83 58
597 477
6 6
6
155 106
180 147
902 606
388 110
255 70
440 2
3
925 458
894 666
20 19
2
443 318
121 49
2
257 168
281 215
4
18 13
852 502
472 189
295 60
4
816 441
452 219
549 270
570 254
3
611 536
458 229
311 116
2
897 832
151 30
6
825 600
612 60
465 438
29 20
85 83
301 40
3
856 554
441 137
625 178
2
604 586
960 491
4
155 29
820 62
69 35
13 4
2
648 322
167 77
3
997 729
730 583
930 322
2
599 351
329 140
2
499 105
485 112
2
848 337
445 316
4
120 25
854 526
945 743
729 343
5
705 239
69 44
18 8
818 623
24 10
4
882 469
556 220
817 117
302 205
2
517 230
248 215
3
564 452
172 60
55 51
4
119 111
998 905
39 21
305 111
3
119 69
204 183
603 334
3
649 150
280 147
455 66
3
209 167
635 218
563 434
4
738 344
766 72
113 34
828 272
4
280 255
259 114
248 62
180 11
4
51 4
406 185
915 914
534 509
2
432 114
789 346
3
542 238
214 51
850 309
4
768 641
912 788
911 543
462 82
3
523 14
1000 772
296 43
3
608 409
316 168
856 498
4
413 103
194 146
567 316
107 17
3
235 50
315 238
706 605
5
45 20
767 761
624 331
922 718
696 352
2
9 4
971 453
3
717 138
421 44
120 54
3
673 499
369 57
738 386
3
204 127
616 193
385 243
3
990 478
31 6
969 108
3
650 45
982 133
346 31
6
846 558
264 108
864 740
567 414
56 50
745 159
2
585 343
361 304
4
200 187
508 22
263 35
540 512
3
857 186
10 3
304 60
2
279 112
325 181
2
684 418
508 161
4
78 67
858 342
826 76
158 8
3
753 564
802 605
810 679
4
212 204
721 245
180 143
285 129
2
436 375
196 44
4
746 67
828 135
322 317
356 252
2
639 194
774 201
3
531 421
112 70
423 420
4
670 144
953 51
105 87
589 296
3
603 289
717 441
135 25
2
693 339
138 12
2
384 226
276 127
4
454 36
694 166
105 33
18 4
3
510 206
613 223
416 252
9
231 201
7 5
168 16
378 378
39 2
626 204
957 213
3 3
170 17
3
265 106
636 269
183 43
3
490 188
120 32
151 39
3
858 518
329 280
76 71
2
60 33
857 588
4
34 2
128 48
886 355
68 27
2
540 82
173 12
3
668 517
139 56
124 50
2
236 59
585 359
4
677 96
16 12
492 262
813 678
4
512 365
663 2
844 671
850 223
3
346 86
95 53
720 632
3
225 155
909 109
539 299
3
975 921
94 74
226 151
2
98 27
672 300
4
578 285
896 258
376 355
810 417
2
454 101
160 50
3
112 14
642 112
396 132
2
363 118
676 581
2
998 176
763 430
8
385 278
10 10
676 627
676 517
25 8
143 37
182 6
243 11
4
528 425
193 7
228 108
307 288
3
961 119
189 95
42 10
4
968 527
584 448
301 65
690 453
2
997 409
731 180
3
860 288
425 145
868 269
2
395 110
54 18
5
101 73
38 38
441 232
3 2
230 214
2
254 72
769 381
2
964 818
179 69
4
5 5
143 17
447 64
776 65
3
624 306
343 281
790 17
2
261 164
399 344
2
93 30
225 18
7
43 31
272 92
40 4
945 300
57 10
988 685
798 421
2
763 736
798 250
4
181 139
794 498
755 97
273 84
2
47 41
307 279
3
922 29
354 330
787 63
4
932 339
966 323
811 447
35 29
3
969 582
453 386
382 327
2
832 222
128 67
2
84 52
761 370
2
867 3
643 32
4
516 473
12 11
369 205
536 508
4
792 728
219 149
192 56
799 412
3
410 134
961 18
269 81
4
332 60
480 400
529 193
259 36
3
920 318
491 118
225 29
3
714 93
601 221
491 461
3
671 634
703 500
158 119
3
110 9
748 564
901 456
3
843 371
437 392
875 267
2
18 7
122 69
4
301 100
520 463
118 93
153 64
3
851 669
887 65
940 294
3
633 207
242 16
899 273
2
170 160
843 347
2
893 637
600 388
3
375 26
913 252
976 685
3
518 103
759 727
20 10
5
504 9
262 149
309 180
175 114
158 120
4
580 337
77 43
335 96
416 112
4
889 416
827 657
302 249
8 2
4
131 13
621 22
950 644
893 328
4
620 158
288 29
658 171
469 156
2
131 13
708 535
3
993 750
605 66
923 354
6
678 194
70 7
15 14
39 21
242 108
968 637
2
783 265
99 54
3
712 136
284 247
42 18
2
680 339
995 503
3
249 121
614 461
893 551
3
660 292
284 250
734 441
5
303 84
669 33
314 80
513 57
141 21
4
669 435
322 32
63 21
179 21
3
370 350
168 70
553 278
2
779 106
555 393
5
996 623
165 153
165 5
238 96
830 297
3
855 732
674 668
327 133
3
499 118
463 359
562 44
4
52 52
566 170
247 222
390 345
4
441 247
529 328
819 65
544 4
3
170 55
526 355
970 457
4
435 349
205 126
27 14
621 195
5
575 268
236 231
385 212
276 113
561 117
3
244 128
560 75
343 75
2
101 23
202 57
2
869 770
300 215
2
621 397
235 232
3
747 376
498 364
193 32
2
969 527
120 51
4
948 595
998 87
675 317
450 8
5
531 407
763 426
490 380
176 67
704 544
3
864 301
652 650
184 112
4
705 30
559 44
320 169
674 251
3
59 13
492 213
987 715
5
984 83
423 50
730 75
376 353
41 6
3
684 375
732 107
540 452
2
407 94
978 60
2
642 271
559 86
3
743 76
245 138
470 313
3
29 16
700 513
380 176
2
8 2
35 34
4
934 508
468 134
858 359
288 65
3
393 342
855 401
513 385
3
47 24
97 73
140 100
3
876 859
168 19
525 103
5
112 105
241 55
508 265
416 169
90 84
2
770 531
788 626
3
797 86
494 156
820 318
4
600 321
69 47
560 313
660 462
4
564 495
272 244
423 373
820 277
6
629 160
737 258
72 42
125 50
370 338
50 27
2
463 271
502 407
2
671 528
463 151
4
852 118
964 110
874 773
117 73
4
58 57
212 182
91 61
160 135
3
152 8
233 93
621 94
4
295 232
357 79
839 332
270 119
2
808 747
907 433
5
836 452
28 24
791 508
594 39
840 659
3
853 657
798 197
274 41
4
100 14
875 213
179 7
659 150
3
52 27
22 11
691 116
3
306 199
766 396
300 198
3
289 99
678 51
644 631
2
32 14
855 36
2
498 413
966 446
2
527 150
883 389
3
534 112
384 110
595 432
5
15 15
281 245
309 109
755 446
75 49
2
886 304
611 264
4
822 255
913 512
934 803
990 567
2
159 129
619 571
5
135 126
891 377
388 166
176 131
113 56
4
722 256
246 133
706 109
201 13
6
542 388
570 309
765 547
800 37
342 68
304 86
2
640 284
864 730
2
653 25
24 12
3
260 177
264 232
118 5
3
553 428
42 40
852 66
3
673 634
255 255
665 346
3
842 434
465 32
919 759
4
808 443
565 401
580 540
768 348
4
319 249
910 770
658 64
676 332
3
696 689
144 35
186 96
4
902 678
968 394
238 6
574 252
4
347 124
896 628
93 87
603 397
5
966 801
408 315
272 234
328 321
640 59
2
342 59
518 435
4
516 182
314 13
334 217
122 45
2
205 131
689 212
4
728 100
810 497
301 244
678 435
4
413 214
215 94
432 325
312 69
3
533 112
983 622
270 266
2
857 191
958 20
4
83 17
42 20
169 106
20 14
3
669 139
666 23
847 480
4
137 112
154 46
840 76
203 44
4
538 412
480 21
481 299
169 27
3
690 104
453 279
212 164
6
44 22
795 401
700 270
76 4
832 680
495 479
4
892 2
481 62
141 37
11 6
2
633 364
626 277
2
763 551
563 505
2
149 62
132 14
2
742 258
435 293
4
152 101
736 553
517 260
347 204
5
516 367
855 247
728 410
686 420
34 19
3
648 643
807 387
601 91
5
943 66
315 209
443 395
32 2
184 180
4
34 25
875 862
224 42
587 227
2
193 187
596 242
4
848 43
186 86
328 174
128 71
3
732 353
565 307
338 59
5
497 96
149 36
63 48
753 558
588 189
2
895 286
99 42
6
98 51
46 9
60 42
130 68
864 751
189 9
3
22 21
612 216
838 40
2
112 79
857 552
6
351 95
152 32
304 85
696 249
660 233
770 750
3
862 247
785 774
706 36
2
395 125
301 41
2
841 422
760 310
2
91 26
225 15
3
571 3
939 584
445 347
2
477 228
49 2
3
447 64
664 591
164 142
2
580 302
397 397
3
377 268
924 265
129 109
4
98 97
842 630
994 774
518 141
2
199 169
13 4
4
712 406
943 373
178 54
64 63
4
175 17
343 196
126 32
313 294
3
955 58
166 107
527 193
2
741 539
576 398
5
736 554
453 218
222 57
60 40
843 342
3
128 77
913 134
369 254
3
332 43
981 507
326 251
7
120 30
470 382
864 798
821 161
56 12
33 17
56 21
8
101 17
305 194
99 81
16 9
154 6
396 164
756 144
909 210
0
