1
1
1
1
1
19
19
19
6
18
72
36
36
81
12
162
2
24
4
1
1
1
15
15
16
16
15
1
1
1
295200
363055
628038
632730
1790320
115092
431595
1459500
1111590
767280
373750
1029756
216125
1529500
652935
651434
115710
352814
1589913
1458624
1056640
83793
4352
203520
20705
23432
6765
45072
105183
128557
15395520
20535200
6098800
2241309
107712
166649
788557
597740
349125
372075
9772094
167327160
161917899
4620
2587
14352
8041
1418
1215
3787088
3146787
6810300
905583120
1362388160
746520320
109665920
394919707
79345332
98153766
72424368
72896483
122689056
193527380
389688600
65126040
404997795
167032030
10564560
4538848
5345595
10564560
13599900
2981236
166255
16088933
5690230
94978
2651235
1417688272
700979741
919289280
680744064
1043792464
945299838
1326822630
206765790
320620565
17447
20640
973161
1172075
495900
5713
9648
12112464
8752575
6257160
16903691
4435188
4211005
2569137
858
2773
39312867
122181533
37157274
447720
518105
490464
5184
2755
2313105
1285605
3128884
1927484
337239
545688
54365432
3272612
25140871
15082347
51051
89300
224988208
88377960
198271040
23754115
36200
1974
81921
1242592
2894609
3004352
23340140
3661362
16978011
8897322
6476853
2096465
38475
30049
4418
3051
13860
8947
51798747
9700236
44713284
86613527
86882367
4991
6987
81656
11125
40818954
67229640
4969705
890085
1110375
1796951
24850800
59682040
48976785
50911146
54970
32163
124550415
338114700
329988295
585488211
4134645
94743415
40407471
8473
10608
604584
660672
241025
18326952
5803245
14706360
18455752
14923025
15041650
4966325
12402992
135034
73931
224
237
222495966
2866625
78343650
47749275
194081979
819131040
278844608
9348300
435163365
19918080
57492545
47521020
52741095
12258741
27826590
82538456
582635970
1102075975
283390965
612551940
1046820528
95995432
502195096
943320087
66539
49848
1654716140
1307337570
1358685900
1379967435
60744978
540281
21114
764014
3289
3534
357357058
11538369
325201797
328750164
72208920
21873600
91668612
84906675
126059640
50266500
82815880
82769820
36568350
9982598
155106072
176546943
42064893
33258302
9081205
29559332
18487
3999
9015900
14525861
3936800
202589
99125
384492150
745182405
177115818
240250065
491078060
25602255
14112686
28194240
527565012
1274153055
312354770
400338120
788761415
7695
15326
21201210
26855631
4990010
22190868
8031960
5064597
7912080
9804780
8726080
875558475
1277265132
543772225
377125680
482021925
23665791
9736866
20443688
12213276
238356520
46740540
235002165
115414736
112063140
9279718
18705500
19127053
43834080
56319865
59409168
5724600
397410948
1412080285
883658160
683541180
342731200
215612800
209984062
316989725
5108796
5162696
10065003
7687400
8216208
780640
5800740
4688145
1567434
710
3901
125289021
990046110
76364496
1323900994
171739
221432
199199
285131
466854
98527
107072
671
284
1921
1068
43806
140358
60445
193270337
52697925
221489775
236582775
503939191
1425298865
1399903785
1973216259
17976
27027
23056
944
1350
5487
40665105
33826464
68647824
70382312
38204712
8138
13365
4414592
1134347
2272928
358177702
43906625
138444000
311851750
191802625
22791
31598
10188048
14227400
4799575
168861
6503316
3889522
3223710
135200
70929
2781709
2450500
1993680
129427375
179071200
7729200
175218252
102642365
234325280
62433411
582286950
159446991
100200800
122491600
34562712
38740248
3916569
8258192
1548
2681
559
803
61451
11046
1168615
12155140
1530012
21195
13756
444
871
5873725
1729893
3089190
3347050
5419225
7223788
480500
62279
328000
43688
52633
408983960
407945097
675207236
13313740
3392545
1215240
5176080
2671970
4536896
144664
6929
95872
436937776
387599542
340116337
1173847136
1193905390
26927656
157375848
42490855
10881
10028
216370917
241167228
247153452
248584448
158496366
155511
249067
31777
2219
1465169845
190526320
538010710
1193106712
19962624
22463392
15386327
7493
5394
11849
29850
16826235
13721056
10651845
43435
40504
1848947410
644123662
1929782659
925152482
4324593
16521360
24132108
9960704
367186400
765530400
269315025
966333312
37215
149624
10164
7429
5926580
17757234
18387645
22083
30590
2372860
4457587
8404165
836195360
799862421
1376736438
81854157
421828722
246079645
1596645270
409430700
279777645
19627146
14888209
31380300
732207
46237158
147378
193997
1726928
1040329
1988712
10486
13082
67731
38645
14137
432616625
791904750
163088250
362010402
432384
206225
4525519
23723280
40596822
4615
247687
11124
7448
13699
76196
29541
27909
12880
9728
31521
179750560
126632682
95078368
147132231
22923
18392
142
36763
355
233
4123224
27790857
35498736
38426864
483140
60059
155652
1144746
189200
98175
14261280
39655616
38591555
433882350
1186699668
77321860
143277120
629786805
104766
63156
61573
1675
4536
6750095
5731776
338976
10410048
11855580
9764062
4212243
9017
884
979546425
643618844
113477975
183175850
46866204
253883091
281227540
166397070
3809520
3559985
2730024
4814310
1207278
616869
298778
4371
31595
106835650
36324750
44627550
3937725
94224438
1128725
661078
23166
26223120
5100273
36032150
7081
4958
11151723
52970932
19162044
1197600
1298897
786828
613036710
440078418
287626339
272552093
1024573480
1390255650
427647195
1717043832
535695120
643891437
1897421
2596520
2875170
425007
33524
3250755
8067024
7908880
431278944
268708935
422235748
244930752
5307020
1675023
2947356
4058600
3957863
427800
76608285
848526718
848656185
357874500
170298900
909097425
409430544
883712900
1626454200
1168212150
6675
14993
844767
3557466
6220557
4761414
4443255
8447670
7376215
196658058
383098833
270741573
303517916
261542034
309705513
15499244
24450720
13756855
16702686
8069985
20836900
6146010
469880
456060
496128
199699
9350
16947
92196
91025
1143376
2856945
399840
39694
63089
147600600
34163350
54366221
19537700
11845
9724
40915
111547
1062483
10416500
8200400
3463800
65105
44844
43312962
221867984
113814701
8245
3872
33277
140085
133108
1909155625
939892000
1042314000
1125397000
1580592000
1651439712
1558242000
1578892
380184
1694987
1416359
1140406
208308254
157596250
121702900
187319825
3085
2109
580629
332431
101640
7651840
4941000
5546016
6321735
173500
107199
14663
122
2390608
1470602
401709
180930
2051
438303
384982
29937
17176
4119404
14019262
13374024
907722
7009631
220211820
4726890
271756159
108180450
14319185
14492160
34765200
39400560
31059000
15760224
273488400
2345130
278263200
29366239
163475725
353135895
422969820
384587901
207313610
236807103
557784500
219822525
808353000
332407500
29941380
27748560
24798159
25854500
12410160
1071
1040
1133079706
302827833
392178948
934157686
69586608
6452055
791388
32982898
681898
640332
818829
917125
907896
710790
129685332
47837849
6710160
2963800
12874
29435
658827520
206715053
10234068
611281944
502756
199262
330669
16027
9384
21620
6188000
5254600
1431808
8797789
25979
50652
3965142
6328523
7224218
211
4095
614215
1708854
4920260
17741
8908
604240
480690
162846
949935
21420
16771
238
667
71063000
37794060
92097648
45555750
54363195
223312240
215261260
104779737
51077700
43254
32399
2010372
14182012
7605171
2441166
5680584
186543
29536
55555
30624
948117
1132080
2742980
2485700
22919
109620
242483274
464639274
119407473
208789372
361
2192
3287
1660
566204584
1081336816
788469429
1061693248
9751522
14594850
25832400
35676300
4819430
7837975
1394
2783
10559509
17349888
8493888
54378944
62260517
135802557
110056771
131122308
106490575
21632
22445
89033
92046
137460
8413
12270
4776391
4385225
4837395
22453889
1479289
27468500
689850
26607
528520
31655
7081
2567
4878
19194813
2408989
23176854
275728
220871
23966
62061
3999
6478
304700
215208
17451
105174720
102837504
1502200
40726440
100609845
432152064
127021440
4507776
543347441
239644
131733
126009
51948
1168904
36775375
116837175
59886750
91455104
1109563
256320
1928960
1655344944
1484536680
231406227
1594930480
33211178
33178000
53710800
137121600
240955225
255470600
8383
6232
25675
27232
55257
84823
37870344
85671600
32161395
93047864
295950915
471596580
736505770
524456856
163783620
30317
7620
10647
3784
964123821
1031333624
1091679912
1387388520
29844451
688086
30466446
51905154
687940
900635
178068
453492
895375
1258020
176594
216081
847
20
66172
68968
193623
82584
811539
2130048
1662688
12307
5320
106463
346320
682089012
152191090
1098141210
522055035
3555
5642
934805
680504
545072
4368419
1626570
2019300
8046720
1687
1576
30557520
147604800
42173946
29848525
937321
400722
959552
687764
1266202466
176680035
163528155
556102260
92308
637
1980900
29642571
19684070
222138
164369
324177
10160730
3229677
8002634
31400
65067
354024
1316260
3767167
421
1137
2571456
2167424
523008
629471
5335
5208
247
112
9737
10370
115165
3542
2234224
1689138
1282875
627
520
1467
6994
79385705
44791095
97548698
12069
14300
384552
369705
505760
494538485
405863360
350811286
506423255
275974860
14137
21852
134397675
71405126
188569875
32430315
7979
1005
174351
210868
937293720
339764110
1758695560
254515449
715213800
197844283
268606800
330482295
654288180
166031775
445355820
370449178
1024789656
730418590
74643695
69673740
70198260
749254918
124449159
19120
14053
305943
654664
144780
15912000
4849845
20367360
13209408
1580800
169887745
164426839
15257625
2881249
1933488
1807083
2975
3776
334738872
348686325
232457550
228317895
184438150
323030475
302194815
180447150
209375790
114599175
225015167
9107120
19741569
19313920
7344549
8111206
12901776
1959660
1441668
1156435
1040704
693565
505300
332046
1161946
535860
68929
43779120
102492416
38588641
33153120
11135124
48758526
32550255
157196696
54
169
5254260
1009470
16720195
10176672
1538719875
92224350
1140147760
1021731480
822142692
933878
619710
207207
54466
58195
30900
57035
272064
38675880
38817567
27457056
33134690
16754192
24985064
15919779
230547
276390
389270
316391625
7662700
47480400
1064712
1820
6171
6095
2176
16646
12015
65417
143165
91105
189882
845474
73840
604565
78184
119955
3146
1449
39325
872
34177
354016
318348
210735
339010
229959
132692
21675
7906071
4069800
1230656
37115169
40221909
24112768
2679391
2143330
3433430
3291880
4620429
8684280
61880
74733
76517755
14853012
62072868
21173
6780
112996800
114824325
104368900
255377252
27852
66676
86505
423540
122694
236929
2648254
7569373
1268752
6916
477
359
45
33456
16422
2009
236620464
131321125
258264000
171727625
292612000
3834
165
1562
925152
758632
1138423
8613
18122
1823672
1982445
1399365
1371236350
1103751440
1152498202
38058625
180052236
798722288
254537872
872134263
71197581
4181
12430
12606
5459
1537
4429
37
364
93747720
51907485
20565596
12257640
32900
14014
393437
2442
503
846846
232650
75075
607945
13547
16272
63122908
47564230
24729439
26675
10248
568325160
385780320
50633667
730360800
816508810
100339382
133868295
50667390
105574590
70050
38213
25973740
112885870
99044387
138021364
52470
56980
60791
9410
5083
1083600
139664
350784
347913
271
669
1039071
798721
668997
2232
2261
4641
28704
5474
47005
17688
10781300
30176941
131898136
24925264
36228150
28001649
112879494
43803
2154668
2733704
32
21
2272303
38520515
134355029
160368
20125
5172068
919548
1310463
12674772
1925308
513247
92456
6026800
1266825
510
200
537
11919600
71244206
15885877
54695355
1467675
1584611
1790763
1259496
90288
83835
101915
12321752
3783775
301020
12215530
1595943594
1266130008
1075968179
577391529
1053393516
1269697845
365813175
383040190
40825
41537
7757610
3886897
4376475
224
93
1145181291
885563592
1535663856
217001804
3555
752
1249106285
41207040
363932800
1145490304
1074513280
36405369
85310000
47643390
14478750
1733040
829920
588497
49997493
87841104
113827784
126222824
539
2888
438131932
195190344
595507500
314977383
4908087
14777386
498501
1027860
730151
971100
114080472
32545480
142137765
83330352
8625
57907
153560915
127543660
31132984
21273298
71522295
115371373
265003102
1000
10507
357665
342720
33444
1781
1998
101
128
207813450
186022485
53099376
151029993
18076600
19476160
299710224
121854768
206873337
1863
3400
189731
306957
7325232
1766079
6492016
33777
60676
330371030
233203080
64130847
267899148
168747390
320612292
709637555
193537515
619320048
707220660
506092560
37580100
801800
47427525
52064883
27417000
13768920
249061780
147358737
420618960
341424344
170111200
104344995
155225360
4277200
486200
3275129
130719449
37704408
79696222
136829070
80023440
8643
12068
3904030
4324464
11704455
5002020
19975
43263
20739495
39811780
7106792
186758845
155517930
154197504
11
21
801
493
815087
1284822
141934
16359
5185
1833138160
1594260780
803335120
1032510501
39326320
67155880
17760963
9896656
89380144
51688
370194
389844
355355
1066814595
1875980520
2103365340
2034490864
11334099
20684869
70886991
61693
2167
506
2115
107011
36108
420492
586283
339486
86681
48233
267117
347024
2330084
4002255
3549406
37400
44187
29835
5336
4559
159936
111055
56780
48944
206612
175997
343
207
2713975
10418745
7711949
994333
14563933
2983948
2699380
111520
1552629
350651664
37162800
163694880
760944960
509153300
348659325
24749712
54826304
16347936
73054839
159255420
305803291
198482880
123433280
777811
183488
895680
573030645
676870368
755313760
70317591
57532719
59032192
20839
18957
819
6872
28801440
113676480
713635680
313702351
529179000
35152
51376
21508
48165
3324320
2754288
330615
246913667
580459880
170980810
113699971
312145262
239533931
195118
99045
190626338
164772398
1192671277
1066259114
386900178
3446741
8211024
3286656
1885
451
455
107
318276
1189325
1245870
1047306
3665571
13474689
8824439
52761
18194
11466
42517
3275
544
112976
86387
158424
403192200
452259930
208693860
181674937
2146130
915642
1733303
504
10
245
50890070
21997080
18563886
37227465
2891
551
36803
10544
92400
141093
298120
151500658
376904076
52103436
198583868
367804367
17627491
6432624
7147008
22080960
11725920
19537452
27319765
143185413
159381690
33972288
32644360
228
14328
3781
7266183
3090625
3466125
10010700
1853180
1456659
43039
12035
254603
96875
249400
55151
50654
1212200
3127476
1715915
245215425
1519229400
584821640
1870775816
694669080
4901050
8738675
6279462
58359934
115704069
63557416
11815
7384
91651560
106343016
36192905
83727280
1009936
595765
551592
14100480
16953840
5932575
11007024
13359280
1464021
324368
1863576
157243905
31634525
81415152
115328976
1755360
3875040
1410383
4878120
7606560
6807903
5711970
38636576
2756
2253
8043724
4857372
8985789
31553613
12788352
7029568
31655
29478
75735
139284
71126
3211
24444
3903146
5260869
247050
23343
147440
8428
19665
1676943
1727104
463104
6865560
16101140
7516260
3732537
501171968
55657728
423791181
11797632
2665
1356
296357124
198288090
287380665
196608230
218939175
2785044
3841893
5421158
80404272
28335197
13608100
72846340
24202080
55225401
69045312
11256960
12451425
21848400
2669765
2692200
5099796
1172509
632814
523685
678225625
722576296
433170738
399729330
151734
41323
3002285
1802625
2548975
443118
1006364
2944150
3889611
1846944
204425
129276
170100
20368
37433
43920
49403
7953704
24739884
23027004
32837571
6830044
2190150
3539700
5168475
185190894
269186204
20913417
80622738
288804330
46104
218725
6937
1296
4183
55877
1035645
1019524
639392
63403
119196
72181687
2492460
137262078
3483
32164
25344
314415
357918
93160
533478
3999905
47722740
186509856
90863776
109060848
257020
24477
8974878
28156480
18357705
3864780
62994690
3097780
3805655
1187664
228985584
100889688
248971800
284202600
204282725
155868900
311737800
644180679
501698709
400093449
905211944
23698
65725
197203932
97916504
6987285
363588048
21763550
8687595
27097572
17342652
15685180
53637465
740887455
1172471300
1352292370
470771301
577711680
7878680
15473440
10479467
102487
94200
55704
150865
204490
21944
4780128
2350573
2736150
3576309
794394
1617219
1685192
7551
8624
775150281
251092260
611019928
504879480
622139580
28826
1623
76561716
231437024
200057004
305994816
195274989
24091860
1334775
18489788
13304460
10262920
15227430
12273789
1321053565
402099334
1220114259
1096667824
1276191
911088
2557552
1194252216
831259370
17539605
822936780
19915622
1315800
20963040
4024155
6528275
1976000
2765184
30561
27293
60264
704088
586613
535432
197335600
184406274
192813075
255587150
4961
2592
10161266
2604420
9014664
450957
51536905
44376200
19946520
16901544
7616153
4942886
10769229
6524753
517712152
477449910
378027895
126163800
1254880
1674464
2658225
660879
2561926
2492532
19266
17533
12504800
11970475
12000100
8467536
78907608
100279738
41454789
893
2552
46644
15625
103615
123420
140503
18513
6973
173469360
266365520
168973965
343937520
40617216
11625
553
28154208
20771912
11022151
1143
1183
73861
55755
2493314
1142347
3166398
1357
10584
41390580
114757412
53652816
81025230
94747191
38796
16235
356
285
13845
12643
106141
139908
324618
141246
209617247
343636185
376096070
430024245
538206445
945985128
1129678781
929343420
392167050
379723960
6287637
272968
410700
523735
38478
21707
47208
55255
217828
177708
120771
61344
288782235
258897420
262792800
238111792
333392
190021
141752
4832
1035
552021960
74414725
714957474
523469100
741170661
100867800
76348125
36647500
33597144
140640
74141
2133066
862017
5783050
3507960
3841
3564
49491810
54056343
23435482
16497
11980
7275
7984
149965
267968
2594025
7669080
9789768
5858440
26979276
50748720
35370320
60611670
33159675
1148916871
854933310
309419838
1466666145
11408
22231
267245
116325
309213
439234770
427010675
253556870
171373566
166428
257481
158984
182000
413413
114224
59703335
25651406
57598310
85605862
17262558
55258857
60330926
84915
41040
23310
5698
44083480
256113075
561450092
535750495
4997
8304
10823050
5873925
8960073
854320313
884413376
610106112
181675264
518000
14938972
2811125
3457277
2732352
2989992
86591997
261301383
193506076
55163997
317700
1128188
1279575
656257472
1465028496
783249603
1149874128
746775744
3884
4077
387320
210320
905571
184131
38361
129889
97790
49215
99144
2393107
959310
552420
764487
1495585
989365
384116040
238242060
498788675
425222160
519972750
124290936
6517
9360
168641649
7811100
24003000
171013120
23560
32566
21425
36400
50499
2794
1449
24046099
11158434
2575716
1417416
61064280
61501275
68342029
17965260
6344100
14832103
8450532
18375
4796
1920086
3485685
21046898
15133356
16684
14271
158296
124785
198240
282903768
70441455
1090638931
661496360
207213
265923
80065
2599
462
2599
2032
1967490
5934915
7798131
5513830
6566456
5913960
9847845
237182010
194701650
25960220
272582310
13978580
88828740
60668790
272582310
27258231
77592
82045
45580
42582
29596
28665
925148
1304160
1431573
9427
11760
3544
22593
24140
23922
7093
3240
2227753
1159648
1160650
585
1436
12799872
67699323
48068354
75276984
1276523625
5401600
1423593600
469777152
73530
165042
259673
1687609
293755
1358955
3260954
2717650
2306525
108
175
405064800
236547945
775618200
422920288
808
1135
321
448
856
79768
210903
33572
107285
228332520
316215900
293294925
241839675
101189088
81818100
10424700
14314300
478451825
21558768
281560752
557618688
22491
91295
43245
1331673665
1876409920
528213400
1605874732
298979
179460
1062432
1082396
983195
66
79
3702195
5122215
2694680
3414810
4765887
9228
16129
73211
33258
49602696
5896824
7101952
4154865
6909735
11543480
303212
5453
7482
125
31
164012940
76949145
22750182
72222800
39912600
157731525
120022890
41952
13625
541621145
442352235
90611677
217008140
12587
13113
1346557
39908770
3427074
663953535
610350490
1006098660
1512459852
33570924
47626996
47846313
444
871
9893
7770
643
9248
2211
2211
1340
2286
42462056
31429464
13473537
23820192
17320103
992610
15957405
12330990
56859565
24893526
9483912
3513105
2442600
1309988
9147821
25825618
65940518
70420916
53009000
56133847
2703
24910
16720
141861125
289149000
98360397
427
621
469404000
1258029801
1113561540
591019520
278899410
25998050
110961039
7505751
1517512
6969963
13488
5899
95550
86621
23168288
92232000
234526875
78177
376586
196581
26648675
848689100
869316000
972143664
1133412000
22601579
21722740
11147136
10472770
207795328
352780092
366131094
111015653
180229725
64340650
1231166034
667078200
250761168
99083285
255720240
327300480
9204
70085
6345625
916539
3222285
6103240
2132988
19907888
11485320
9519120
14036295
2915
4698
33796
153881
75828
67461
68408
3491818
5395083
4433694
3804322
7569375
5166315
414670284
73782621
381089160
166197217
222774993
12536265
1916016
6426637
2261889
232260
102305
123432
19610
102049
4077535
6044724
197540
2629440
2332638
8962852
10375710
4257995
15352154
50338621
5082814
139802
41990
125652
123671
17770168
19672128
2518040
233289
1403105
2926975
2043247
2961963
2269134
1914290
1159275
248374896
521603775
293437680
218177575
111138300
175616
44835
73200
46
57
4200
3397
93295
144072
36284
52689
11952
1240
969
66803625
9278550
49985828
1892208
382586512
278685792
387094752
190016757
385705656
1128449
3229200
1971648
120565120
223013120
1496326169
1055123680
2104284
4134543
6918340
854319
1197200
1040580
9508761
1482192
343125
91485
523868
7661
2035
3523
1284
1750280
9638196
11395391
212800
282663
178640
35
136
10460736
5506864
8047344
4340765
292410
157593
252175
16296
24017
22795
300650
34675
60152
13773150
3352800
7663800
5968365
13711936
104607
120505
669940
1960620
2407737
103362
131600
107985
135240
5175225
5289615
5199620
1991907
35376000
48684600
81125275
55628760
127044060
75098826
136042
188441
22224
9211
242334417
199658745
1547535951
1091716022
4398576
3842384
3000224
3776409
144693
1097307
416138
1250808048
351952110
629362440
700983661
677529
349864
32177880
51012720
38221920
3907540
46690809
71827182
23021617
13954227
28900445
50251386
8072750
46987500
18657
17966
6032
1905425
1514700
1933767
7204428
1581986
20606567
665
64
66493
37018
132450
205003
2132480
2912525
7382016
327779475
285786375
115624475
193628670
214149257
11609
14619
181207675
327572480
502200215
334546191
26617
30263
729213408
330583760
334267560
581535855
387192960
744722688
1135555463
324275109
135843578
451166400
341655120
450640480
29148489
125310400
178290900
1917
3650
50
653
344619
444860
21450
182328
224360
18249
421610
447545
232858
92731695
12380768
148585635
58068440
75169856
98608320
47991665
13844649
15007993
1725152
8710933
128154
31465
66816
1775004
961163
59532
1036728
519216768
1018375947
1359229536
956598496
59551680
55448400
61785360
70286160
6620803
15281
74385
145541669
17083599
268088961
152201295
1703
820
49197375
219757993
290333160
229790925
258392160
218024352
375158875
110283390
14862960
44756010
69683887
91489
8570
603330
1402700
1847580
2061969
26136726
4344263
71288640
7502880
2741370
830357
1989240
206098880
11774399
167296480
42996960
416156
1700505
2135895
181441260
183038856
139968972
19099080
296586675
351152984
746031
42888252
87312082
181488996
227864
175341
310213
385315
4092
1043
56115
108703
1666975508
1884945293
1261636480
1474864512
59613645
24213644
47204325
51316200
46838610
103953167
50238792
15862392
147359520
1396952656
1877324400
131590935
2059684200
102725000
137630368
26194875
54026000
5066
2123
1311672
11960192
13722336
14348319
33706205
37978356
12200610
43083648
53890704
169941056
165286296
71693883
4719
6265
32937840
12383280
44304624
33106752
55014505
3013920
149583
55308
7480
67703
61824
322445200
250810560
333107775
426215790
420582708
1160406000
68444935
235517364
12180060
7525
3239
32072
26071
30
7
1253565
148391480
186050643
1862
159
1742336
10831257
10536684
151
290
10648176
4295915
12656644
107278799
81095490
84396186
29502417
2197
796
3062864
2124608
1629504
5287401
47889
281700
125200
463050
5073956
53851495
30596290
51744
49153
1304625957
834088928
445016328
1155480992
703157472
25941069
6329088
29683456
2291943
9145604
13624782
534815820
1738720368
1975847335
419514480
458413560
1102044720
802223730
57491280
217258272
279462960
192130785
13307760
141456560
65060160
78909600
