1.183013
2.000000
3.026998
0.253581
0.036468
0.013284
1.059193
1.092407
0.039747
0.005202
0.265033
1.122016
0.430009
0.055719
1.123163
1.027641
0.956713
0.024193
0.366017
0.170082
0.062489
1.041762
0.710306
1.140654
0.496913
0.328469
0.315117
0.007643
0.116612
1.144903
0.353535
0.261489
0.150951
0.403982
0.328030
0.665828
1.229050
0.887631
0.601386
0.527968
0.758232
1.000808
0.551966
1.074758
0.436470
0.619156
1.093621
0.065617
0.268479
0.869328
1.269447
1.190315
1.037724
1.185493
0.970741
0.902494
0.784486
0.988224
0.898318
0.935982
0.436221
0.948159
0.382483
1.089265
0.292326
1.295446
1.281864
0.623196
0.143728
0.927163
0.750055
1.126394
1.175048
0.585155
1.063394
0.786407
0.631752
0.023216
1.175971
0.404170
1.256908
0.335595
1.285331
0.244329
0.366871
0.521386
1.118413
0.365442
1.169919
0.856975
0.557219
0.137015
1.070890
0.125082
1.118168
0.705301
1.177785
1.144072
1.291954
1.244073
1.288492
1.290216
1.175861
1.204139
0.395051
1.292433
1.268457
0.776383
0.516421
1.012517
0.614268
1.208434
0.241124
0.453410
0.521942
1.160953
1.122694
0.739976
1.279819
0.225364
1.235518
1.164726
1.038994
0.118616
0.093959
0.453782
0.032782
1.259037
0.820002
1.019686
0.375327
0.409091
0.095045
0.981604
0.787223
1.205442
0.995335
1.217404
1.049860
1.032672
1.068825
1.130386
0.899022
0.563494
0.915767
0.285898
0.900890
1.146633
1.195817
0.580886
0.837413
1.088346
1.031341
0.186078
0.127057
0.211016
1.093842
1.111935
0.277897
0.904654
0.819881
1.075566
0.245181
1.149966
0.801108
0.408576
0.713575
1.049417
1.063010
1.229218
1.192818
0.232699
0.952013
0.774653
0.233407
1.106064
0.053474
0.759192
1.221583
0.833606
0.538832
1.128524
1.291246
1.289615
1.252693
0.805978
0.833100
0.356982
0.815021
1.241462
0.180550
1.239368
1.256897
0.760596
1.206274
1.037158
0.773153
0.884710
0.097750
1.119679
0.551292
0.875848
0.796343
0.554185
0.932439
1.237840
1.113924
0.709859
1.246410
1.208761
0.812241
1.009921
0.449603
0.650019
0.052702
1.282261
1.288097
0.715790
0.581104
1.108785
0.633194
0.547820
0.922541
0.320058
0.582463
0.274533
0.832461
0.074684
0.662214
1.139191
1.192555
0.180306
1.168545
0.866377
0.825672
1.105579
1.127369
1.292522
0.453123
1.292327
1.271773
1.251488
1.250112
1.284575
0.786639
1.251223
0.985837
0.898605
1.297784
1.164589
0.815015
1.261257
1.084535
1.101721
0.758200
1.233392
1.093669
1.290631
1.288475
1.217380
1.204996
0.840281
1.047703
0.575897
1.026396
0.908227
0.991126
1.244228
1.291037
1.222835
0.187948
1.093025
1.099274
1.163068
1.143055
0.921034
1.149285
1.118623
1.246195
0.680774
1.032479
1.229000
1.261165
1.293413
1.102751
1.167276
0.520452
1.114929
0.725760
1.271155
1.296806
0.681387
1.261351
1.195810
1.047652
1.276590
1.193373
0.354247
1.279080
1.208493
1.105996
0.346125
1.273795
1.183769
1.296049
1.134766
1.260013
1.092742
1.136616
1.259861
1.116400
0.852353
1.009415
0.535524
1.290202
1.280897
1.161123
1.127166
0.322964
1.281653
0.671453
1.296440
0.805396
1.269303
1.220833
0.871986
1.062635
0.981611
1.062921
1.192508
0.791376
0.844572
1.207744
0.518376
1.021836
1.242512
1.186070
1.193572
1.287962
1.269175
1.141869
0.739241
1.201027
0.231211
1.068361
1.057999
1.142745
0.660506
1.269239
1.119784
1.168247
1.243543
1.245315
1.279979
1.264667
1.260917
1.244831
0.784264
1.228916
1.161097
1.122196
1.247665
1.267760
1.239183
0.224382
1.242119
1.191815
1.099981
1.246824
0.779364
1.111779
1.259576
0.926289
1.288028
1.207611
0.801247
1.052697
1.287916
1.005032
1.125786
0.803642
1.127684
1.246242
1.210500
1.256372
1.288650
1.074149
0.929755
1.014628
1.205431
1.002539
1.284752
1.210069
1.251259
1.168588
0.650833
1.199649
1.297728
0.359117
1.166200
0.707443
1.284564
0.977551
1.230788
0.769237
1.197488
1.288161
1.267127
1.215638
1.277908
1.277638
1.261072
1.289600
0.797655
1.266558
0.658176
1.140013
0.784723
0.581632
1.195796
1.262338
1.166968
1.295956
1.210508
1.281211
0.948650
1.230048
1.296989
1.298201
1.239827
0.933389
1.048153
1.279334
1.179661
1.039809
1.712703
1.531547
1.769966
0.497900
1.942185
1.699719
1.851527
1.944433
1.668824
1.120244
1.653137
1.688664
1.137312
1.826763
1.960335
0.902275
1.566332
1.420817
1.430705
0.949270
1.558040
1.429150
1.917803
1.717311
1.948560
1.907452
0.975827
1.367088
0.620008
1.513374
1.034415
1.503009
1.810597
1.809520
1.921962
0.274299
1.327820
1.429456
1.442904
1.359857
1.146401
1.972212
1.845734
1.859998
0.812283
1.671041
1.877254
1.532270
1.694249
1.974641
1.966040
0.581284
1.427023
0.910322
1.925038
1.717648
0.722714
1.663938
1.854408
1.335105
1.967199
1.951973
0.414905
1.770374
1.438261
1.372110
0.382772
1.576352
1.881140
1.841361
1.528759
1.850589
1.798334
1.855279
1.835036
1.402106
1.071078
1.396976
0.687365
1.926901
1.724742
1.637035
1.954457
0.378141
1.877284
0.809756
1.591163
0.856131
1.777839
1.751277
1.145986
1.407899
1.265403
1.392937
1.509740
0.920226
1.017004
1.925863
0.967756
1.323165
1.705946
1.991925
1.592184
1.518215
1.799287
1.839498
0.846268
1.503248
0.265668
1.929005
1.643740
1.529045
0.850425
1.733523
1.716498
1.649771
1.975370
1.586801
1.915290
1.791789
1.675403
1.909634
0.985396
1.898232
1.544838
1.347199
1.908224
1.860639
1.660168
0.265422
1.962131
1.885710
1.238079
1.889907
0.849860
1.337396
1.856511
1.227269
1.937558
1.643918
1.074652
1.635076
1.795432
1.174582
1.363771
1.062401
1.295466
1.677427
1.882604
1.852079
1.716283
1.536135
1.217945
1.299650
1.385667
1.073312
1.931536
1.877185
1.736813
1.886343
1.085173
1.905898
1.571095
0.428633
1.289535
1.053820
1.804709
1.542628
1.593397
0.982999
1.479310
1.758320
1.864807
1.896200
1.608885
1.586463
1.552404
1.731606
1.179137
1.926876
0.745105
1.507981
1.077401
0.691421
1.533360
1.579551
1.953504
1.750918
1.486775
1.829231
1.250387
1.610596
1.696555
1.820411
1.932532
1.332144
1.881947
1.862036
1.914058
0.904828
1.101965
1.282883
1.591480
1.289675
1.294963
2.813010
2.771070
2.990813
3.000848
3.017134
3.022608
2.925826
3.029222
3.019657
3.033411
3.007733
3.015587
3.014759
2.977726
2.955658
2.945115
3.033341
2.994647
3.006599
3.039789
2.973496
3.065750
3.012323
3.063279
3.084016
3.081000
3.059106
3.071385
3.072804
3.074768
3.064994
