1
2
3
4
5
6
7
8
9
10
11
12
13
14
15
16
17
18
19
20
21
22
23
24
25
26
27
28
29
30
31
32
33
34
35
36
37
38
39
40
41
42
43
44
45
46
47
48
49
50
51
52
53
54
55
56
57
58
59
60
61
62
63
64
65
66
67
68
69
70
71
72
73
74
75
76
77
78
79
80
81
82
83
84
85
86
87
88
89
90
91
92
93
94
95
96
97
98
99
100
30000
29999
29998
29997
29996
29995
29994
29993
29992
29991
29990
29989
29988
29987
29986
29985
29984
29983
29982
29981
29980
29979
29978
29977
29976
29975
29974
29973
29972
29971
29970
29969
29968
29967
29966
29965
29964
29963
29962
29961
29960
29959
29958
29957
29956
29955
29954
29953
29952
29951
29950
29949
29948
29947
29946
29945
29944
29943
29942
29941
29940
29939
29938
29937
29936
29935
29934
29933
29932
29931
29930
29929
29928
29927
29926
29925
29924
29923
29922
29921
29920
29919
29918
29917
29916
29915
29914
29913
29912
29911
29910
29909
29908
29907
29906
29905
29904
29903
29902
29901
1119
17260
20667
16797
20332
5739
16863
3802
26736
14426
11581
6182
4751
23263
29785
26060
14727
17740
10958
3708
5368
21174
21857
14829
23285
15919
15095
7960
8639
1016
17238
20632
23912
404
27760
29536
7563
7723
13395
9867
20439
3979
3694
7655
24964
8081
4335
24698
24226
22728
5406
21282
22437
2702
24920
9774
17793
24985
10651
1693
1200
14828
3467
25224
4986
6937
28663
13139
22647
3726
3
25079
25886
10205
8413
5720
29261
4205
20541
24283
27553
19035
8467
12721
5170
12229
25790
1331
23251
5113
19093
5532
21441
11919
25290
1092
2503
19244
4567
12227
0
