20 20 
1 1
9 9
7
2 0 1 1
5 1 1 3
2 1 3 3
1 1 5 2
5 1 7 3
2 0 2 7
2 0 6 8
20 20
9 9
1 1
6
2 0 1 1
1 0 5 1
2 1 1 3
5 0 1 7
3 1 5 5
4 1 8 5
4 4
1 1
2 1
2
1 1 1 1
2 1 3 1
4 4
1 1
4 4
2
1 1 1 1
2 1 3 1
4 4
1 1
2 4
2
1 1 1 1
2 1 3 1
4 4
1 1
4 4
2
1 0 1 1
2 0 1 3
4 4
1 1
4 2
2
1 0 1 1
2 0 1 3
4 4
1 3
3 2
2
1 0 1 1
2 0 1 3
30 25
1 1
9 22
52
4 1 19 7
1 1 21 7
1 0 1 1
2 0 19 1
2 0 12 2
2 1 26 2
1 1 4 3
2 1 10 3
2 0 16 3
3 1 20 3
2 0 22 3
3 0 16 5
1 0 6 6
1 0 23 6
1 0 27 6
2 1 12 7
1 1 5 8
3 1 26 8
1 1 29 8
5 0 15 9
2 1 24 10
1 1 3 11
1 0 8 11
1 0 12 11
5 1 17 11
1 0 19 11
1 1 28 12
1 0 5 13
3 1 9 13
1 1 15 13
5 1 19 13
2 1 22 13
3 0 11 14
1 0 24 15
1 0 11 16
5 1 29 16
1 0 7 17
1 1 17 17
5 1 19 17
2 1 23 17
5 0 4 19
1 1 8 19
4 0 12 19
4 1 26 20
1 0 14 21
5 1 18 21
2 0 20 21
1 0 10 22
5 1 28 22
5 0 20 23
1 0 10 24
5 0 24 24
30 25
1 1
16 2
52
4 1 19 7
1 1 21 7
1 0 1 1
2 0 19 1
2 0 12 2
2 1 26 2
1 1 4 3
2 1 10 3
2 0 16 3
3 1 20 3
2 0 22 3
3 0 16 5
1 0 6 6
1 0 23 6
1 0 27 6
2 1 12 7
1 1 5 8
3 1 26 8
1 1 29 8
5 0 15 9
2 1 24 10
1 1 3 11
1 0 8 11
1 0 12 11
5 1 17 11
1 0 19 11
1 1 28 12
1 0 5 13
3 1 9 13
1 1 15 13
5 1 19 13
2 1 22 13
3 0 11 14
1 0 24 15
1 0 11 16
5 1 29 16
1 0 7 17
1 1 17 17
5 1 19 17
2 1 23 17
5 0 4 19
1 1 8 19
4 0 12 19
4 1 26 20
1 0 14 21
5 1 18 21
2 0 20 21
1 0 10 22
5 1 28 22
5 0 20 23
1 0 10 24
5 0 24 24
30 25
1 1
18 17
52
4 1 19 7
1 1 21 7
1 0 1 1
2 0 19 1
2 0 12 2
2 1 26 2
1 1 4 3
2 1 10 3
2 0 16 3
3 1 20 3
2 0 22 3
3 0 16 5
1 0 6 6
1 0 23 6
1 0 27 6
2 1 12 7
1 1 5 8
3 1 26 8
1 1 29 8
5 0 15 9
2 1 24 10
1 1 3 11
1 0 8 11
1 0 12 11
5 1 17 11
1 0 19 11
1 1 28 12
1 0 5 13
3 1 9 13
1 1 15 13
5 1 19 13
2 1 22 13
3 0 11 14
1 0 24 15
1 0 11 16
5 1 29 16
1 0 7 17
1 1 17 17
5 1 19 17
2 1 23 17
5 0 4 19
1 1 8 19
4 0 12 19
4 1 26 20
1 0 14 21
5 1 18 21
2 0 20 21
1 0 10 22
5 1 28 22
5 0 20 23
1 0 10 24
5 0 24 24
30 25
1 1
21 7
52
4 1 19 7
1 1 21 7
1 0 1 1
2 0 19 1
2 0 12 2
2 1 26 2
1 1 4 3
2 1 10 3
2 0 16 3
3 1 20 3
2 0 22 3
3 0 16 5
1 0 6 6
1 0 23 6
1 0 27 6
2 1 12 7
1 1 5 8
3 1 26 8
1 1 29 8
5 0 15 9
2 1 24 10
1 1 3 11
1 0 8 11
1 0 12 11
5 1 17 11
1 0 19 11
1 1 28 12
1 0 5 13
3 1 9 13
1 1 15 13
5 1 19 13
2 1 22 13
3 0 11 14
1 0 24 15
1 0 11 16
5 1 29 16
1 0 7 17
1 1 17 17
5 1 19 17
2 1 23 17
5 0 4 19
1 1 8 19
4 0 12 19
4 1 26 20
1 0 14 21
5 1 18 21
2 0 20 21
1 0 10 22
5 1 28 22
5 0 20 23
1 0 10 24
5 0 24 24
30 25
22 8
24 16
52
4 1 19 7
1 1 21 7
1 0 1 1
2 0 19 1
2 0 12 2
2 1 26 2
1 1 4 3
2 1 10 3
2 0 16 3
3 1 20 3
2 0 22 3
3 0 16 5
1 0 6 6
1 0 23 6
1 0 27 6
2 1 12 7
1 1 5 8
3 1 26 8
1 1 29 8
5 0 15 9
2 1 24 10
1 1 3 11
1 0 8 11
1 0 12 11
5 1 17 11
1 0 19 11
1 1 28 12
1 0 5 13
3 1 9 13
1 1 15 13
5 1 19 13
2 1 22 13
3 0 11 14
1 0 24 15
1 0 11 16
5 1 29 16
1 0 7 17
1 1 17 17
5 1 19 17
2 1 23 17
5 0 4 19
1 1 8 19
4 0 12 19
4 1 26 20
1 0 14 21
5 1 18 21
2 0 20 21
1 0 10 22
5 1 28 22
5 0 20 23
1 0 10 24
5 0 24 24
30 25
4 1
15 9
52
4 1 19 7
1 1 21 7
1 0 1 1
2 0 19 1
2 0 12 2
2 1 26 2
1 1 4 3
2 1 10 3
2 0 16 3
3 1 20 3
2 0 22 3
3 0 16 5
1 0 6 6
1 0 23 6
1 0 27 6
2 1 12 7
1 1 5 8
3 1 26 8
1 1 29 8
5 0 15 9
2 1 24 10
1 1 3 11
1 0 8 11
1 0 12 11
5 1 17 11
1 0 19 11
1 1 28 12
1 0 5 13
3 1 9 13
1 1 15 13
5 1 19 13
2 1 22 13
3 0 11 14
1 0 24 15
1 0 11 16
5 1 29 16
1 0 7 17
1 1 17 17
5 1 19 17
2 1 23 17
5 0 4 19
1 1 8 19
4 0 12 19
4 1 26 20
1 0 14 21
5 1 18 21
2 0 20 21
1 0 10 22
5 1 28 22
5 0 20 23
1 0 10 24
5 0 24 24
30 25
12 2
27 5
52
4 1 19 7
1 1 21 7
1 0 1 1
2 0 19 1
2 0 12 2
2 1 26 2
1 1 4 3
2 1 10 3
2 0 16 3
3 1 20 3
2 0 22 3
3 0 16 5
1 0 6 6
1 0 23 6
1 0 27 6
2 1 12 7
1 1 5 8
3 1 26 8
1 1 29 8
5 0 15 9
2 1 24 10
1 1 3 11
1 0 8 11
1 0 12 11
5 1 17 11
1 0 19 11
1 1 28 12
1 0 5 13
3 1 9 13
1 1 15 13
5 1 19 13
2 1 22 13
3 0 11 14
1 0 24 15
1 0 11 16
5 1 29 16
1 0 7 17
1 1 17 17
5 1 19 17
2 1 23 17
5 0 4 19
1 1 8 19
4 0 12 19
4 1 26 20
1 0 14 21
5 1 18 21
2 0 20 21
1 0 10 22
5 1 28 22
5 0 20 23
1 0 10 24
5 0 24 24
30 25
29 24
15 11
52
4 1 19 7
1 1 21 7
1 0 1 1
2 0 19 1
2 0 12 2
2 1 26 2
1 1 4 3
2 1 10 3
2 0 16 3
3 1 20 3
2 0 22 3
3 0 16 5
1 0 6 6
1 0 23 6
1 0 27 6
2 1 12 7
1 1 5 8
3 1 26 8
1 1 29 8
5 0 15 9
2 1 24 10
1 1 3 11
1 0 8 11
1 0 12 11
5 1 17 11
1 0 19 11
1 1 28 12
1 0 5 13
3 1 9 13
1 1 15 13
5 1 19 13
2 1 22 13
3 0 11 14
1 0 24 15
1 0 11 16
5 1 29 16
1 0 7 17
1 1 17 17
5 1 19 17
2 1 23 17
5 0 4 19
1 1 8 19
4 0 12 19
4 1 26 20
1 0 14 21
5 1 18 21
2 0 20 21
1 0 10 22
5 1 28 22
5 0 20 23
1 0 10 24
5 0 24 24
30 25
29 24
15 9
52
4 1 19 7
1 1 21 7
1 0 1 1
2 0 19 1
2 0 12 2
2 1 26 2
1 1 4 3
2 1 10 3
2 0 16 3
3 1 20 3
2 0 22 3
3 0 16 5
1 0 6 6
1 0 23 6
1 0 27 6
2 1 12 7
1 1 5 8
3 1 26 8
1 1 29 8
5 0 15 9
2 1 24 10
1 1 3 11
1 0 8 11
1 0 12 11
5 1 17 11
1 0 19 11
1 1 28 12
1 0 5 13
3 1 9 13
1 1 15 13
5 1 19 13
2 1 22 13
3 0 11 14
1 0 24 15
1 0 11 16
5 1 29 16
1 0 7 17
1 1 17 17
5 1 19 17
2 1 23 17
5 0 4 19
1 1 8 19
4 0 12 19
4 1 26 20
1 0 14 21
5 1 18 21
2 0 20 21
1 0 10 22
5 1 28 22
5 0 20 23
1 0 10 24
5 0 24 24
30 25
26 20
28 23
52
4 1 19 7
1 1 21 7
1 0 1 1
2 0 19 1
2 0 12 2
2 1 26 2
1 1 4 3
2 1 10 3
2 0 16 3
3 1 20 3
2 0 22 3
3 0 16 5
1 0 6 6
1 0 23 6
1 0 27 6
2 1 12 7
1 1 5 8
3 1 26 8
1 1 29 8
5 0 15 9
2 1 24 10
1 1 3 11
1 0 8 11
1 0 12 11
5 1 17 11
1 0 19 11
1 1 28 12
1 0 5 13
3 1 9 13
1 1 15 13
5 1 19 13
2 1 22 13
3 0 11 14
1 0 24 15
1 0 11 16
5 1 29 16
1 0 7 17
1 1 17 17
5 1 19 17
2 1 23 17
5 0 4 19
1 1 8 19
4 0 12 19
4 1 26 20
1 0 14 21
5 1 18 21
2 0 20 21
1 0 10 22
5 1 28 22
5 0 20 23
1 0 10 24
5 0 24 24
30 25
26 20
27 23
52
4 1 19 7
1 1 21 7
1 0 1 1
2 0 19 1
2 0 12 2
2 1 26 2
1 1 4 3
2 1 10 3
2 0 16 3
3 1 20 3
2 0 22 3
3 0 16 5
1 0 6 6
1 0 23 6
1 0 27 6
2 1 12 7
1 1 5 8
3 1 26 8
1 1 29 8
5 0 15 9
2 1 24 10
1 1 3 11
1 0 8 11
1 0 12 11
5 1 17 11
1 0 19 11
1 1 28 12
1 0 5 13
3 1 9 13
1 1 15 13
5 1 19 13
2 1 22 13
3 0 11 14
1 0 24 15
1 0 11 16
5 1 29 16
1 0 7 17
1 1 17 17
5 1 19 17
2 1 23 17
5 0 4 19
1 1 8 19
4 0 12 19
4 1 26 20
1 0 14 21
5 1 18 21
2 0 20 21
1 0 10 22
5 1 28 22
5 0 20 23
1 0 10 24
5 0 24 24
30 25
29 16
18 9
52
4 1 19 7
1 1 21 7
1 0 1 1
2 0 19 1
2 0 12 2
2 1 26 2
1 1 4 3
2 1 10 3
2 0 16 3
3 1 20 3
2 0 22 3
3 0 16 5
1 0 6 6
1 0 23 6
1 0 27 6
2 1 12 7
1 1 5 8
3 1 26 8
1 1 29 8
5 0 15 9
2 1 24 10
1 1 3 11
1 0 8 11
1 0 12 11
5 1 17 11
1 0 19 11
1 1 28 12
1 0 5 13
3 1 9 13
1 1 15 13
5 1 19 13
2 1 22 13
3 0 11 14
1 0 24 15
1 0 11 16
5 1 29 16
1 0 7 17
1 1 17 17
5 1 19 17
2 1 23 17
5 0 4 19
1 1 8 19
4 0 12 19
4 1 26 20
1 0 14 21
5 1 18 21
2 0 20 21
1 0 10 22
5 1 28 22
5 0 20 23
1 0 10 24
5 0 24 24
30 25
28 23
18 9
52
4 1 19 7
1 1 21 7
1 0 1 1
2 0 19 1
2 0 12 2
2 1 26 2
1 1 4 3
2 1 10 3
2 0 16 3
3 1 20 3
2 0 22 3
3 0 16 5
1 0 6 6
1 0 23 6
1 0 27 6
2 1 12 7
1 1 5 8
3 1 26 8
1 1 29 8
5 0 15 9
2 1 24 10
1 1 3 11
1 0 8 11
1 0 12 11
5 1 17 11
1 0 19 11
1 1 28 12
1 0 5 13
3 1 9 13
1 1 15 13
5 1 19 13
2 1 22 13
3 0 11 14
1 0 24 15
1 0 11 16
5 1 29 16
1 0 7 17
1 1 17 17
5 1 19 17
2 1 23 17
5 0 4 19
1 1 8 19
4 0 12 19
4 1 26 20
1 0 14 21
5 1 18 21
2 0 20 21
1 0 10 22
5 1 28 22
5 0 20 23
1 0 10 24
5 0 24 24
100 100
15 10
99 97
5
1 0 15 10
1 1 15 12
1 0 15 16
2 1 99 97
2 0 95 99
100 100
15 10
18 16
5
1 0 15 10
1 1 15 12
1 0 15 16
2 1 99 97
2 0 95 99
100 100
15 10
69 69
6
1 0 69 69
1 0 15 10
1 1 15 12
1 0 15 16
2 1 99 97
2 0 95 99
100 100
95 100
99 97
5
1 0 15 10
1 1 15 12
1 0 15 16
2 1 99 97
2 0 95 99
0 0