2 34
3 27
1 36
1 71
1 75
2 17
3 26
3 33
1 64
1 30
1 35
1 19
1 24
4 45
4 26
1 44
3 19
3 56
1 23
1 56
4 20
2 48
1 34
3 19
1 69
2 31
1 87
1 82
1 25
1 28
1 80
1 32
1 44
1 63
4 23
1 75
3 24
1 37
3 13
1 54
1 53
1 51
1 43
1 19
1 33
4 17
1 33
3 48
1 55
3 33
1 64
1 45
1 33
3 17
1 16
1 43
3 27
1 43
2 19
2 24
1 75
5 34
5 33
1 67
1 74
3 15
4 16
4 48
1 53
1 26
1 21
1 60
3 16
1 11
1 12
5 16
1 60
1 59
4 28
1 174
1 75
1 180
1 75
1 166
1 125
1 116
1 99
1 40
1 178
1 45
1 114
1 121
1 146
1 150
1 97
1 124
1 84
1 121
1 156
1 624
5 212
3 507
1 941
1 368
1 489
2 324
2 184
1 521
1 789
1 369
1 553
1 985
2 396
2 330
3 236
3 135
1 526
1 716
5 328
1 693
1 852
1 43
1 50
1 98
1 59
1 66
1 58
1 51
1 98
1 71
1 42
