33 40
57 144
1 1
10000 10000
1 10000
10000 1
9973 9973
7560 9240
9907 9941
9923 9949
9973 9929
9907 9907
9929 9923
9949 9931
9931 9941
9907 9973
9967 9931
9973 9923
9949 9949
9973 9941
9967 9949
9973 9973
9973 9949
9973 9923
7920 6720
7560 5040
9360 7920
7920 5040
6720 7920
8400 7560
7920 9240
8400 6720
8640 8400
5040 7920
8400 7920
9240 9360
7920 9360
8640 7920
7920 5040
8640 7560
209 2180
5984 9926
9042 2060
6874 7229
4386 4308
342 4467
5109 5439
9197 5176
697 6912
6303 1176
5929 5284
6751 1840
7998 8419
2494 541
1654 2534
7866 2795
7245 8183
2762 8095
7473 6436
2261 5838
2009 9843
5234 2557
8453 3318
7894 4208
7299 964
1562 8611
7918 8568
2687 5776
3678 1234
5922 5664
3957 5600
7583 2957
9618 9499
1423 462
9126 6779
5607 8357
2934 2348
123 9915
4124 5798
1002 4981
6048 5423
2549 8681
8081 3084
422 4581
1719 947
1737 3545
61 2905
1172 1709
2710 7905
8542 1116
4202 1374
8062 2053
8521 4586
6602 1682
6693 911
1276 7247
8587 7974
7477 7336
113 9582
5209 2768
5047 9072
8583 9798
999 6938
8160 78
5126 4933
5404 81
8119 8555
2171 6543
9484 991
4599 3496
3511 1095
6010 2158
768 4872
400 3400
1545 9597
3201 5839
7698 3106
2379 271
1112 5692
8924 6641
1496 8541
4508 1253
7177 5574
7890 2207
337 3808
9153 7692
6846 5508
641 351
2071 7484
9964 315
3106 1203
5607 4537
5633 5977
1473 5115
6959 5385
5893 5827
5393 7741
9024 1367
9908 994
1165 3418
7068 2043
6625 4743
2786 836
6493 3724
6293 6105
5806 7897
8467 7559
3564 5462
6000 4724
8779 3313
9421 7801
3802 4473
6245 5345
5653 3343
395 9345
8765 7679
7479 1643
6508 4816
6421 2889
9602 6325
5869 4422
4395 637
5651 3836
3192 2431
3493 1750
6117 9574
6513 2887
6512 3250
9476 805
3079 7212
3260 6222
4312 2201
8162 4044
4619 9656
5118 7552
1267 7571
3674 5379
3901 9664
9493 8726
5622 123
2858 1856
1131 802
7844 3361
2634 1360
8367 8654
3959 1738
540 7532
8271 8021
2653 5703
455 3758
1118 5300
2840 7926
7199 9872
4166 2885
4555 7642
5241 6358
7575 5861
4686 1120
9710 2625
7035 6159
8950 828
3565 1838
6935 2745
2046 4725
4503 4422
2427 4864
3262 6909
7051 1251
3972 3739
2347 847
4282 3560
1849 9950
9623 2022
8113 3126
7773 9009
3342 4250
3986 5062
1015 5784
3850 2819
3275 5467
8042 749
3199 9462
2927 3821
9683 5873
9208 5138
1948 7501
6954 2615
2401 9935
8554 8281
9235 1991
6893 6233
8473 8880
4591 5982
519 8655
2631 4601
2591 3211
3745 6536
8677 3166
9829 1410
5278 8093
7112 3995
7494 462
3996 9014
9289 6628
5671 8386
5210 918
4821 7987
4937 6011
7080 4368
2597 4104
2951 95
3003 3773
5973 3486
8674 5407
836 8697
4422 5188
2537 8600
6567 1669
423 871
209 1951
3003 9111
1729 2370
2740 2782
1059 5828
1793 9533
7263 9015
5832 6253
6822 5675
9797 2628
2729 4778
7439 622
7776 3969
181 6831
7368 450
5977 8646
6208 6498
7601 4667
8266 8070
1084 2488
5746 5841
3380 4945
3426 3228
4208 5868
5078 4725
6718 4499
4334 5691
6308 6834
250 6413
3284 3806
2362 1758
3815 3746
6329 9845
9330 8052
1382 4567
7782 6446
8296 5145
9183 2247
2975 7000
3284 6452
6778 7979
4445 7572
1725 619
4725 6549
9915 9549
3741 1905
1536 6199
1494 1791
3853 8748
8974 7027
2514 4161
5418 1976
2216 238
5304 4169
5386 300
4655 7397
6902 7346
1188 9735
2148 5877
8523 1327
4137 213
8237 7808
9246 5932
9882 4693
4049 8791
8211 1596
4452 5138
4657 6512
840 5664
9362 6740
5192 4304
8012 6489
4917 7866
8260 2875
1318 4781
349 721
3583 1409
6600 5350
3437 697
3252 3772
3720 8006
8504 1151
4213 9487
6514 5106
3182 7891
8286 7782
5145 327
8337 6979
8749 3922
7563 4456
3198 6808
4537 3254
3395 7737
9495 4570
6393 1097
5993 8936
9644 4181
6764 3221
3752 1166
6192 3805
5359 6585
543 470
3544 1909
6573 3626
2915 7777
100 7719
2316 4527
6825 6648
2999 362
6726 7971
8574 8604
2066 330
2673 8362
4510 5199
2013 5947
2560 8807
5871 9245
7853 7405
7430 7219
5590 1145
2903 8729
2730 3187
1186 3770
2570 1179
6913 860
7244 2267
1548 6570
771 5198
3658 7537
8822 9516
9184 4702
8211 587
7414 6920
4482 4561
614 1534
2569 4156
6519 7669
5062 4494
1094 8520
3356 6884
3001 8335
2975 5754
3962 2221
9047 2174
944 8927
469 6915
3190 3462
5724 2507
5524 1382
5295 1034
9966 7549
1743 3049
5135 3411
9688 9057
412 3608
6670 1470
1954 7992
3319 5072
5509 4825
5950 1298
2545 3692
676 429
1285 5806
5409 4913
6615 555
5463 2785
3759 268
4787 6368
4446 2180
3288 6488
8135 1676
8013 9198
5604 3986
3168 3933
2662 4587
2634 1682
6354 5821
6264 6657
1132 473
5641 1760
2095 3682
8869 5550
9856 8291
2538 8577
5237 163
3665 1353
3114 4546
2913 7420
618 8428
8212 2918
1856 34
2179 7282
3552 3874
1199 1973
1880 4916
5646 1399
18 7233
7400 8412
3122 762
7534 702
9050 2255
8216 1899
6201 4029
1558 7401
5154 619
2215 7081
3820 4217
6388 9914
1384 6334
8460 2988
685 6319
5623 6828
1097 7677
2543 4464
5638 9942
9965 7150
7648 7273
9442 4809
714 6668
7504 8337
8873 577
2262 9390
5178 2538
9643 6954
7733 4469
7116 4168
82 2529
4771 849
9060 4981
9557 2520
6048 7614
2558 207
7263 9228
1122 9592
3762 8500
6538 154
6075 3313
358 3762
6246 4632
5486 650
9285 4709
7550 1600
5630 1313
8614 1536
469 3918
1153 227
6581 5965
1619 2391
2990 4252
6573 6121
7636 6117
8001 5164
1034 4672
1055 825
5099 231
3750 8160
6788 3506
3368 6241
2714 8972
3272 723
3806 6071
5065 6451
649 125
8293 1532
8840 4423
7566 174
7939 4632
8844 4147
9274 267
1288 7594
4878 6197
524 8689
3226 6282
4918 1816
4337 5725
7912 3134
602 2390
7237 6395
5822 6832
7146 9296
9468 150
571 4861
1570 6168
8178 721
4446 6780
4300 2580
3346 8010
9270 7620
2933 6452
9990 7640
655 3536
9542 763
2915 9690
2412 718
929 7370
8340 2856
8361 2529
27 3539
3942 5335
8915 3867
2209 2418
2667 7482
6626 3221
6222 1585
3346 4925
9718 3389
4701 8648
5048 2881
6722 2628
4791 4129
4395 6593
6862 9830
330 3789
7237 8915
5869 2505
9481 6166
3100 2432
548 3867
9561 976
6912 7739
9397 8911
1420 9165
2996 1711
8589 8409
4836 1179
9369 6480
3170 7749
7830 3458
3801 9436
2307 5915
7728 1597
4500 714
4943 4022
2730 5636
8605 3836
8997 7590
2078 5046
6326 7507
5672 5855
6180 412
2217 5048
489 8232
412 6164
8978 4565
1273 4444
5025 1458
9585 2712
9976 9351
4203 4611
427 7548
9496 344
9270 5473
6722 1999
2986 8646
5452 3251
8670 7024
8642 8000
8650 5667
9671 8271
8255 6643
3524 5022
8437 5181
7325 6668
8845 3751
7043 8008
5183 1058
2064 9360
8239 122
8934 3948
6497 7647
5957 7238
4429 6392
5285 7403
9776 9304
4295 6144
5339 1985
454 330
2220 2345
7646 6612
6340 7269
9333 7533
8927 3556
2125 2728
4057 1929
6069 5132
8585 9656
9027 7316
1639 648
8438 9912
7636 1375
7739 5889
7580 4026
1904 7992
8026 549
720 4012
1260 7674
7085 6575
6313 7087
9403 4436
2834 3951
6324 4099
3325 6109
2094 5692
3204 4901
1132 1749
4022 9482
4526 6419
749 857
2595 5064
3943 2926
1527 7569
9603 8030
9648 1297
559 6697
2087 117
233 384
4658 3727
8872 3537
6923 1157
3597 8130
6986 134
3003 7747
6378 5226
4125 3026
1036 4455
7233 5319
6909 871
9025 4152
7561 6528
5933 3482
6943 5843
9342 7055
270 7468
8222 1271
7338 869
4500 2899
8116 6563
3851 3820
9970 3531
7542 3456
8058 8330
2053 1495
1789 6682
206 5119
2875 1901
4427 8727
4941 1246
7330 6679
4597 3235
1721 1501
5522 1591
7911 8711
2213 4480
8803 9013
9190 5772
1626 3665
7972 5574
4685 2533
3665 1370
5154 5364
5737 4879
6902 262
6358 4373
1026 7913
3809 1698
8206 6521
3442 6797
3226 459
2393 9218
65 4567
6626 2578
4878 8322
4812 5425
2573 254
1571 2578
4141 1029
7744 7682
4397 7369
5701 5936
4806 9808
7468 3609
5620 5634
5790 3530
7209 3696
7304 1597
9709 5379
6309 4654
6587 657
7967 3701
9357 7469
4427 4044
5631 4391
5078 8143
5478 9990
1958 5661
8808 6511
2041 1828
9310 9878
7338 1761
8709 9245
3644 7067
4914 961
8786 7588
1300 1208
6920 9281
5334 9533
6898 1887
6155 9878
1800 3921
7897 7747
5999 7123
851 6143
4830 958
6139 6403
4311 1835
9439 7922
2442 7311
7203 1455
7464 6097
792 4195
9593 9979
1553 5099
7535 3061
4941 8398
1271 3445
7149 1380
9974 5623
8100 9951
4519 8396
3677 4585
1309 7189
403 9473
6268 7563
2902 5103
1334 2680
3423 4412
3468 4388
259 7606
9654 3489
1828 1892
4309 3668
1062 3495
9231 2815
4124 6177
7357 9351
5290 450
7123 3859
2595 5139
2119 8719
9507 199
1103 7606
2766 6406
6604 9798
6297 3655
148 6049
8142 5506
8745 6325
9222 3000
9715 970
6305 3902
4021 7431
1684 8201
1943 3450
7720 2731
4404 1182
527 6909
8151 2075
735 6283
5068 885
7487 1443
2698 3265
7335 7059
8099 7832
619 5230
4585 4509
1030 1489
1663 7582
7691 2108
1391 4670
6837 2239
1978 2334
1340 9897
4794 2077
6753 6920
5414 4418
3641 6998
4821 7807
5535 6360
9858 9796
7060 9308
8107 9686
7527 1458
9389 4206
4978 453
5483 3957
7767 2502
3034 3030
4930 6256
3383 2649
4620 851
3919 5649
6776 2224
60 7392
1010 3677
4491 9992
4989 5442
5551 7691
3961 2335
4198 7792
8829 1054
3641 781
4559 1754
1900 7991
6988 2516
9863 9865
968 1859
9604 9023
6469 5062
1727 9492
4425 2817
7765 122
6436 2772
1318 8480
971 4288
1315 6080
8886 7491
4855 8550
3195 5827
3718 323
4558 7701
950 1210
6081 186
3514 5767
932 9327
2262 4957
12 8259
2082 953
9611 7363
3062 4998
6944 2453
1129 6963
8150 2501
9399 3205
6021 5301
1048 9061
4887 3287
4980 3548
9830 4700
2808 9572
2421 9797
4652 2898
7562 7266
1280 2340
1240 1269
2369 2032
7083 542
3142 2326
592 5751
1856 7922
5177 9730
7646 7930
8008 8535
69 6336
5801 3870
9720 9021
3901 9743
4139 7617
855 4345
3839 3665
6062 7031
3691 7160
9867 6940
817 4524
1320 4569
3432 4279
213 567
6460 7861
6988 5183
5709 7078
741 2691
1665 7623
7094 5534
530 2201
7955 2130
9781 9903
5301 6929
3176 3307
8873 248
1065 4767
2304 7113
837 694
1959 7745
8012 9396
1953 9279
2894 52
2975 1296
9382 4925
6823 9752
4660 241
6370 7291
8631 3319
969 3277
277 1563
7871 4891
3862 7731
9108 9162
5565 2686
5153 884
949 3410
7148 9717
1090 7851
2320 5299
2758 6611
1864 1347
1736 9548
5695 7564
6937 7582
504 2220
4455 3090
4447 2796
9839 3393
6824 7262
7586 9958
6649 1045
2664 6804
7969 2854
9682 8633
1890 5659
8266 7871
5032 2698
1908 8789
2812 1028
9085 576
5281 2743
7937 1201
9134 8507
3998 5455
7705 6455
7932 6321
1576 9874
2173 2396
0 0
