22
94
0
0
8266
8266
99440784
245
98129992
98446760
98567120
98128836
98446120
98605224
98605000
98133192
98606196
98448584
98962704
98804624
98963028
99440784
98963280
98448584
36
184
200
264
36
136
221
272
88
264
120
201
200
40
264
72
7986
239683
4641
26178490
62409
1430534
4344
285893
2113
13315
890357
7155
35512410
211058
342275
2525
5540
1950029
2116893
6858
20232
6531626
2153
7815053
332019
3365
449
3618658
368481
981
862050
30137812
15317
1136042
23200694
2984
168635
301304
529795
38497
9614
44093728
34474898
129657
464780
300128
2316
1602186
25953
11195022
30261
3213410
36506450
5443562
456708
37278466
88241
27948038
2213730
13614770
1589
4155122
7094910
3534
12175622
16082
51956
337332
2878578
398
7033892
212643
1416
1030
105104
17199044
1703645
36788
1056397
21418
2877
10786
27028326
2509170
52794
188773
6169
206600
3112969
3989
1485509
67304
7808
125016
29878164
32998580
34586768
925946
3179398
1648506
17402
2628
18982
5859
12176
7596333
57947828
3785075
685697
40846500
63464400
1992093
1164496
16505064
5832
1618440
50676
1345491
20815568
14090905
18260646
46644
17606346
6038
121050
11696801
5212884
502
3514
4864586
7083
886
45371
5994
353197
10340
17037
5274
12975985
676310
1108477
104193
5789858
98609
10127241
2773
29981
456036
2454884
2232986
2598
868941
176565
2595229
9288945
1688114
17489384
845
464166
2094324
11014
543709
884
986
226
338138
18153
215076
7009266
2965716
2350001
22250
61859642
158753
3338832
148659
4253525
24146
4497166
5068
11263994
88746
9360712
333384
700966
232857
137714
2815636
9
2804492
29112
14834
10708494
188324
598596
5549236
2222
40388346
72864842
35770954
2686
827330
10279097
1851309
246501
133890
1503128
25517572
1796
257
24292
884
11366
19937126
23762
847965
1181
1492680
1572
3077828
5141300
2666
7497
52658
63118864
168932
6926
63957
1961
5813370
37625
549
12248
40966
4818
1427
229944
8934251
70785
7125
2750
157289
26529
3400481
8860985
36102
491
5633
337899
693915
1806673
22866912
35901
12051386
836171
2019
5698136
1675
1294753
10817357
263009
190692
1456
577352
4320
24099794
17762
7541054
26566826
80169
846
37321
62534
5815254
156088
8178435
7954
208835
1024308
18700
34000494
1312563
19190
15221464
3245
60555
11812226
2066
44281
29061
2004185
4546
4059
425705
69768
6708740
1155
203176
31451
8044613
1120818
59256
5304627
274418
1673737
5268
501572
326826
3211750
1301
1746301
4064280
89297
2265996
631065
5287669
5186878
1091
277638
86600
15494
133425
50202
1064
3493
128870
29125
7084090
3602530
1004005
601794
2754
1495174
43860
45573490
14856
42780976
26064386
18814
4279972
5177454
168659
30518
22235
3473194
1238
27074
28420290
65585
2746845
164940
44909
10395522
46867
581193
34914920
3302115
134469
1475149
4541816
4602
3051542
963721
3405
158004
160235
3674
948073
73338
28883294
4740200
93332
4569370
3485
3538
465821
5804306
381384
1715
124130
218
4264014
171392
2924
302820
14949
12694734
2771
322409
1316419
3549714
1982681
171
8189
146531
17071362
39718
58673
18156242
86418
8622
35575246
452305
25771720
278444
2596451
460858
6569
2469865
1126
2725190
6411
2034280
793237
1084014
5726678
232125
22049
9884226
15982
15894
2124
3244310
433394
124916
8962714
13297033
5089014
2274
6984
16368942
771936
3272882
4076061
2130334
528246
12281925
1412318
74290
213128
40346
367489
50095182
14640
264281
44994
80056
30294
117371
190
1191210
308789
2651
667
117738
5747432
11417
52313
17818
184568
6257
221197
2906
248250
908552
30441904
1306124
567875
20232248
3009730
936029
995
22628
23750324
846
2869389
122005
2615609
82538
109318
27565092
1388
48055082
9763814
3291
103686
5790
19167126
7948878
20061534
66940754
1311995
3226437
11488480
1296481
29194
37120856
1121
66905
26990
18729000
27885
6070
1558
825
22371
1645
1595389
8013
6434
73814
1653
60785
451246
4157
493888
12334820
901
1892696
289
5826
10370426
40998
31469
10039822
1387550
319897
5911553
8951864
78008
711739
89921
32907416
17586512
6907745
292
846110
5835254
746
67602168
6961
3205
3972192
4974
48706
39249
2411
47794
294060
1307754
1070
12632706
1037451
1490761
4482534
736445
28862258
704854
4985
399818
10982
4715
3001
2310
962
4457
582650
112164
3869
823594
73170
5843054
1100555
5411434
83021
3285
1779650
408300
1684
405755
7928
1960141
5076
25251526
1158
1985
4637
1115665
6056756
6378
1382
286516
658793
361170
82296
25139
582
7428105
2929198
4144
3953
1214
8245568
912665
1677
4370
9533
9151761
1765
4232
64341
1964
12298506
866
810593
27252
74660
44340314
90882
8395110
5868
1007262
9258
37329
2044483
3654
571168
23726
8284922
116004
701
826430
19656
3894356
26654
7369334
660113
8200
32029
147794
2980
588291
1037
1081
3539944
7096
11125
29104854
2048113
32635732
8589
2621174
9675962
870110
18054
22726162
7407946
553077
80417
221
2543400
1876770
24179594
2083192
7207028
2673
22501766
12313800
2298400
43525
62660
2440114
77519304
411395
283670
1984029
638512
283042
359005
24531048
7001
11518966
12594
73049
22664926
1491821
1540566
3102054
20272100
5752945
25067
70889
5481
1735894
3168
5689
28157600
16266446
181721
1878498
69149
52569
389
1286930
6100
236690
503192
11913112
5334320
56661
9832076
4457269
779
2769
117954
110817
84721
742066
4511256
543205
1249
27749
9565
45841806
46072490
5993070
794142
856258
4904
353548
28727764
106043
392868
140724
45682166
2962181
5960
50825
349139
182516
14982820
4670936
20529
388
2902142
25254722
205
10245434
8449360
3748
82426504
3353086
1042593
598
609329
596549
12625986
1537574
107195
10073
23870
164940
703605
1061048
4041
80964
183404
48045924
8859320
8502202
5219561
3618
2398504
29334
3774033
5536
1190
6453
2053645
8504616
88949
734
3777506
63161
8984
5300
2636
16014
38609300
276446
14284
5
272466
10576
1211846
1665386
35609338
138445
4341620
96067
5625254
1385
2653334
5118853
10138705
1980248
2630
689
47429
5113
14749
259353
10274
17978612
365389
1939
438
501176
1014
7679700
6149
3354
8130970
802601
1383346
35382100
101556
2198817
3002
71200
612925
4133
1640549
2283704
8654
815242
21903686
8106
41856
2061466
1313777
210425
468058
26090
1088925
455034
17129060
13742
5114
467
3422774
33101
5602374
12375146
7513166
483542
1405420
1167363
16450
633000
10606
201960
19096
17289
21444
385257
474769
2938125
35984
689933
17853
138
146
7025
334949
1514385
1697
20737
7066
7503739
146822
3057
18682446
146
49338964
8991300
1352
261736
122661
6803606
49493
1201
1176419
72366
2296
632034
2806769
6286497
1144
1572
8253625
1249
12434
52867208
7328
5470358
100726
26872
2806163
71621
1222724
1990931
556600
1948526
1443
14694845
25152590
45794
39978
5854508
4064
134616
154636
1871733
112949
1713
19004050
1934
2442285
3513302
294702
189554
97306
3275
1718
481166
707
1785
10537826
53056580
6602433
9729859
3636
1315
1022717
70
17773682
13668041
918
10883
28747
3545
13960008
46813696
19256977
2003869
1011604
208081
13773798
299629
