9 3
6328 46 1
-182 -3 -107 -214 46 46 9 -32 -252
-172 -158 -141 27 46 -210 -270 -10 46
-35 27 -15 -65 -224 -255 -239 -208 -277
4 7
7506 26 4
-209 -33 7 25
-287 23 22 -155
-122 19 5 26
1 5 5 -169
-248 -127 -54 -42
9 24 -27 -199
5 -274 -226 6
5 3
8441 45 29
-142 -135 -142 -96 -92
-198 -210 -204 -145 -274
-265 -55 -288 -49 -90
10 7
3777 33 29
-215 -249 -41 -145 -257 -11 -81 -194 -18 -133
-58 -197 -30 -2 -150 -22 -245 -280 -52 20
-163 -103 11 -82 -168 -113 -31 -218 -17 -129
-218 -183 -18 -127 -204 -112 -275 13 27 -51
18 -0 -122 -145 -91 -161 -104 -258 -67 -17
-123 -38 -126 -152 -69 26 -227 -263 -212 -271
-98 -28 -279 -77 -33 -236 -59 -177 -281 -115
7 9
2763 28 8
-185 -229 -180 -231 -15 11 27
-292 -166 15 7 -85 -74 20
21 -242 -19 -163 11 -129 -26
-87 -231 27 8 -176 -170 -208
-211 17 5 -45 21 24 -209
16 -97 -137 18 -37 -132 12
-175 7 1 4 -183 -214 -79
1 24 -229 7 -35 -255 18
7 9 -191 -78 -156 1 10
4 8
109 13 13
-246 2 4 13
10 -298 7 -65
13 -285 -297 7
4 -111 13 12
11 7 7 2
1 11 10 12
-295 12 10 9
3 7 1 5
4 3
354 22 1
-35 -220 -229 -265
-30 -215 -245 -209
-125 -162 15 -24
9 8
2272 10 10
6 4 3 -106 9 7 3 9 10
2 -197 -157 1 8 -221 7 7 3
9 -220 -49 8 -0 10 -173 -20 2
1 4 -249 -178 -240 8 4 4 -137
-211 -75 4 5 2 -22 5 6 7
1 9 10 -138 -40 8 -138 8 8
10 1 5 7 10 -94 6 10 3
8 6 6 -160 -89 -285 9 7 2
8 10
1435 10 6
1 3 -35 -56 -284 -33 -24 -154
3 -102 -129 9 -76 -254 -298 -275
4 -39 -235 -131 5 -166 -122 -90
-292 -247 -209 -276 5 -14 6 10
-289 -124 -109 -240 -289 -203 4 -215
-206 9 8 5 5 -235 -244 7
2 -266 -12 -109 7 10 -112 4
7 -287 -26 -207 -206 5 -39 -282
2 -258 -21 10 -245 -223 -169 -34
9 -77 -240 -229 -163 8 -199 -164
5 8
3220 38 11
-272 -133 -213 -8 -87
-34 -62 -84 -293 -20
-128 -103 -286 -174 -111
-263 -234 -280 36 -61
-5 7 -199 -259 -84
-29 -244 -254 -124 -28
-134 -33 -84 -249 -212
-294 -9 -9 -231 -96
3 8
2932 40 16
-189 -206 -282
-276 -163 -205
-86 -270 -125
-163 -222 19
-114 -160 -291
-205 -200 -278
-271 -154 -3
-150 -205 -172
7 8
1342 44 34
-191 35 -107 40 -239 25 -56
28 5 39 13 -53 -167 -152
19 2 3 2 -90 -227 35
41 25 15 35 -164 33 21
21 19 33 20 26 -162 35
14 -12 14 -259 36 38 39
12 44 20 -63 28 -110 18
-207 8 19 21 35 -238 -161
9 8
2966 40 19
35 -272 -250 37 20 21 -68 -77 21
-221 -177 -185 -296 -92 25 -162 9 3
-5 6 -258 14 -272 -68 39 -12 -251
-232 -167 -97 23 -181 -161 -112 -22 -45
-169 16 -20 -242 -166 -182 -283 -51 -53
-236 -189 -258 6 -18 12 -288 -189 -286
-216 -80 -93 -218 -227 24 -37 -200 -216
28 32 -52 -163 -144 -81 -15 -81 -88
8 3
9976 15 5
4 -179 -256 14 -210 -232 -226 10
-124 -90 -248 11 1 -50 -255 -19
-14 11 8 13 12 -23 -108 -181
5 4
8833 47 39
-168 -252 -78 -153 -200
-29 3 -97 -142 -20
3 11 -45 -253 -38
-33 14 30 -178 -213
9 3
4228 50 20
31 -73 23 8 45 39 -78 32 -197
1 -65 -177 -298 -177 28 -135 40 -255
49 -70 36 9 -258 -20 -246 46 -202
8 6
8494 25 24
19 24 16 -246 20 14 17 19
24 7 10 21 7 22 19 -231
-168 22 9 2 8 18 6 13
2 23 4 22 15 20 24 1
21 20 14 11 19 6 1 23
14 19 -171 16 15 23 5 -25
3 9
758 12 0
-42 -44 5
-29 -277 -157
-216 -251 -3
12 -278 -172
7 -14 -134
7 -254 -272
-95 6 -247
-201 -116 -270
7 8 11
7 5
5141 9 3
-167 -165 -246 -275 -102 -156 -128
-241 -280 -75 -173 -193 -51 -114
-145 -193 2 -226 -124 -295 -81
-44 -173 -111 1 -143 -179 -108
-17 -29 -224 -170 2 -156 -274
8 7
3898 18 8
1 14 18 13 -28 17 1 13
13 18 6 12 5 17 -62 4
1 12 6 7 9 5 13 17
3 6 14 7 14 1 14 4
9 14 8 10 13 -271 4 11
-294 4 -51 11 6 14 10 17
-32 6 -100 10 12 4 15 13
6 6
5027 8 1
-83 -93 -243 -92 -146 -95
-237 4 8 -258 -264 -262
-296 -181 -28 3 -253 -147
-47 -221 -93 1 -12 -85
-4 6 8 -109 -125 -152
5 -154 -156 -49 8 -215
3 9
6917 13 1
-58 -87 -135
8 4 -24
4 9 2
-254 -68 -121
9 -211 -37
-284 -129 7
10 -9 6
-281 -48 5
-172 6 -78
7 9
9082 17 4
13 12 -53 -212 15 -8 -281
16 -86 -1 -116 17 13 -113
6 -46 -157 -254 -277 4 3
-82 12 12 2 -262 -143 7
-136 -66 -253 -252 9 -60 17
-191 -88 -109 -191 -53 -269 -61
-164 14 -142 6 14 -228 17
-41 -267 15 -96 17 7 6
7 -273 -267 -61 7 -255 -170
8 5
3881 4 4
-224 -276 -241 -229 -227 -4 -251 4
-258 -126 -205 -131 -242 -9 -227 -51
-192 -80 -293 -9 -239 -54 -203 -265
-37 -24 -226 -209 -226 -60 -201 -146
-236 -43 -269 -275 -217 -8 -40 -269
6 10
7236 40 39
-194 -152 23 -131 11 26
-56 -259 10 -157 39 -196
-295 -130 25 36 -276 23
30 -31 12 -192 28 28
16 -141 -231 14 14 -148
-60 32 -66 -151 9 -179
39 31 4 -99 -11 -142
20 -280 -31 18 5 -86
-260 19 -194 24 -17 -75
34 10 -208 -37 -209 -249
10 3
8107 36 23
-164 -255 -131 3 29 18 -142 28 34 20
2 -165 7 1 -241 -197 -28 35 7 -229
29 -116 18 31 -204 29 18 -5 12 -60
8 8
1812 14 13
-65 11 -238 5 -4 -221 -172 10
6 5 7 -85 -233 9 -269 -90
-197 8 -15 -135 5 -142 -79 -37
-199 -161 9 4 8 -53 4 8
-212 -76 -227 -82 1 12 -223 -227
-269 1 -296 10 -138 -26 -57 -83
-259 -75 3 -43 -145 1 -134 -132
-94 14 10 14 13 -108 11 6
6 6
9585 40 20
-242 19 1 37 10 -156
37 20 -32 -116 -232 18
-125 6 29 -113 -262 -164
33 -290 -113 -67 -48 11
-296 -290 20 -133 37 4
-68 -115 -65 -245 -131 13
10 4
3975 30 27
16 1 7 28 -294 17 12 27 22 11
-8 -124 5 3 9 14 1 1 12 5
15 15 1 21 16 11 24 5 28 -211
-257 2 23 4 20 -264 9 19 -220 29
3 3
4404 9 8
-101 -59 -69
-295 -165 -207
-27 -75 -26
0 0
