10 10
5937 4 3
1 -41 -118 1 3 3 2 2 3 -131
-282 -26 -117 -114 -93 2 -274 -202 -252 -18
-177 -175 -282 -177 -287 -211 3 -45 1 -136
1 -271 2 -79 3 -98 3 -146 2 -243
4 -153 4 -69 4 -255 4 2 -18 1
-37 -119 -179 1 -103 -151 3 4 3 -9
-137 -185 -196 -208 -74 2 -192 -83 -93 2
-112 -182 -148 -196 -92 4 -10 -182 -10 -175
-261 -188 -102 -227 -173 1 -158 -177 -122 -59
-6 -4 -249 1 -297 -212 3 4 4 -53
10 10
8189 4 2
1 4 1 -0 -83 -259 -299 -227 2 -160
-236 1 -199 4 1 2 -129 -159 2 -178
-71 -243 4 -227 3 -2 2 4 4 -118
-221 4 -147 -194 -10 -250 -290 1 3 3
3 -229 -64 -287 1 4 -170 -193 -121 -39
2 -267 -225 -82 1 -77 2 3 1 -240
-295 2 3 -260 -196 -30 -118 -51 3 -132
-282 -65 1 2 -139 -297 -29 -82 -187 -280
-56 -79 -76 -231 1 3 -162 -156 -258 3
1 -29 -191 3 3 1 1 -273 -294 -154
10 10
3757 3 2
2 3 3 3 3 -170 3 -207 -125 1
3 3 1 1 -54 -189 -84 1 -268 1
-0 -212 -42 2 3 -159 -262 -31 -290 1
-131 -198 1 1 1 2 -109 -202 2 -74
1 -0 -196 2 -49 -253 -208 1 -108 -296
2 -91 2 -201 -76 1 -207 -19 -144 -157
-12 -263 -26 1 3 -128 -276 -128 1 -201
-167 -92 -124 -269 -18 -69 -215 -247 -218 3
-150 -162 2 2 -243 1 -263 1 -293 1
-298 1 -54 -3 -138 -255 -227 -166 -70 -123
0 0
