10 10
9999 50 50
-87 -102 -279 -81 -251 -81 -4 -106 -138 -84
-36 -0 -31 -281 -38 -211 -224 -57 -152 -298
-7 -198 -116 -248 -232 -1 -50 -296 -17 -78
-34 -140 -61 -120 -185 -273 -151 -99 -197 -76
-264 -267 -288 -168 -2 -232 -262 -240 -116 -37
-215 -235 -119 -14 -141 -261 -175 -46 -299 -172
-268 -102 -137 -174 -266 -9 -92 -96 -185 -143
-191 -155 -9 -147 -143 -199 -56 -231 -68 45
-150 -35 -3 -283 -67 -230 -89 -15 -129 -28
-13 -227 -14 -33 -243 -260 -47 -186 -77 -267
10 10
9999 50 50
-238 -30 -120 46 -15 -166 -83 -225 -44 -207
-85 -183 -18 40 -231 -185 -177 -183 -69 -271
-191 -282 -10 -218 -113 -32 40 -236 -154 -164
-251 26 -196 -82 -11 -250 34 -45 -178 -104
-159 26 -130 -26 11 -294 -223 -287 -145 -212
-120 -263 -35 -195 -271 -281 -110 -300 -170 -166
-15 -235 -203 -272 36 -216 -291 -161 -184 -68
-97 -212 -157 -160 -280 -280 -176 -221 -255 -277
-9 -222 -8 -131 -187 -88 -4 -170 -234 -153
-174 -197 -143 -73 -145 -127 -289 37 -188 -87
10 10
9999 50 50
-228 15 -220 -272 2 9 25 4 -70 13
-176 42 -85 -52 -64 -214 44 -153 -189 -282
-59 19 49 -104 -31 -71 -112 42 49 -213
-0 -208 -56 41 -173 -11 -70 -162 -181 -97
-162 -224 44 -47 -257 -132 -296 -272 20 -282
-162 30 -242 -178 -191 -251 48 -241 -64 45
17 -66 -289 -193 22 -295 -48 -204 7 -136
-235 -53 -267 -203 -145 -36 48 -131 14 -97
27 -229 -240 -29 -53 -132 -184 -268 -69 27
-216 33 -132 28 14 -236 46 -215 24 -145
10 10
9999 50 50
-97 -271 -198 -241 -184 -3 -159 -251 -103 -288
-97 -19 -169 -265 25 -107 -130 -124 -182 -272
-108 -208 -138 -25 -242 -234 -284 -251 -16 -189
-213 -138 -194 -116 -111 -300 -294 -203 -108 29
-271 -45 -291 9 -9 -85 -119 -107 -15 -174
-267 -228 -164 -283 -254 -103 -86 -57 -229 -176
-76 -227 -215 44 -2 -175 -296 -267 -159 -38
-108 -200 -245 -162 -17 -282 -248 -110 -171 -156
-188 -152 -107 -69 20 -94 -90 -231 -247 -183
-227 -49 -166 31 -212 -171 -86 -43 -300 -88
10 10
9999 50 50
-46 -57 46 -259 32 20 -177 2 34 -100
-198 -129 44 44 -161 -247 7 -171 -132 9
26 5 -270 43 -139 -184 38 -42 24 -61
8 -4 -293 -121 1 29 -200 20 -109 12
-286 34 -107 33 19 -50 -122 -90 -273 33
-108 -20 -111 31 -52 -101 5 24 -87 -175
-130 23 43 -187 -239 6 2 23 -124 26
-130 -125 -235 3 -279 37 -281 -86 -174 -139
33 -96 5 -155 -282 2 26 7 50 -121
-51 32 -53 -277 -273 -70 33 39 10 -102
10 10
9999 50 50
-182 -297 -61 -64 36 -274 -48 -204 -285 -287
-150 -129 -22 -0 32 -72 -189 -114 42 9
-232 -292 -105 -297 -38 -260 4 48 -179 -3
-240 -146 -273 -92 -273 35 -2 -208 -54 -62
-168 -273 26 -166 -276 -217 -147 -105 -129 -27
-144 -284 -157 -237 19 46 -294 37 -167 -5
-243 -85 -41 -42 15 37 40 34 20 33
-224 -32 -92 33 26 -223 -234 15 -275 -28
8 -22 43 -231 -136 -80 29 -253 -10 -220
-289 -179 -198 -98 -240 -179 -33 -29 -16 -101
10 10
9999 50 50
-131 -54 -47 -14 15 -221 -269 -148 -177 -182
-296 -248 -9 -120 -83 -145 42 -145 -285 -197
-125 -170 -88 -181 -99 -223 -56 -295 -252 -298
-244 -75 -3 -84 -228 -214 -187 4 -297 31
32 -45 -191 -91 -175 -86 -88 -148 -184 -253
-82 -255 -187 -174 32 -82 31 -118 -292 14
-255 27 -135 2 48 33 -222 -202 10 -116
-293 12 37 -118 -274 -51 48 -26 -160 -290
-144 -11 8 6 -222 24 -87 30 -243 7
34 -298 -295 -68 35 -274 -195 45 -152 -272
10 10
9999 50 50
-168 -198 -258 -276 -235 -37 -74 -6 -121 -108
-174 -284 -100 -263 -97 -65 -250 -212 -276 -268
-121 -270 -217 -240 -300 -70 -289 -17 -46 -169
-248 -154 -160 -120 -256 -216 -65 -247 -262 -230
-128 -140 -294 -287 -96 -149 -299 -292 -149 -244
-192 -295 -292 -203 -9 -196 -99 -126 -102 -224
-20 -230 -257 -174 -137 -112 -179 42 -259 -101
-208 3 -248 -299 -54 -221 -151 -229 -165 -177
-162 -224 -156 -281 -283 26 -24 15 -235 -241
-67 -137 -19 -13 -290 -15 -14 -28 -71 -100
10 10
9999 50 50
15 9 36 -10 -193 -225 -56 -71 8 -66
-84 -131 16 -17 -152 -246 -23 -161 -230 -235
-75 -296 -105 -254 -126 -147 34 -133 -138 -107
-146 -299 -190 -27 -47 -68 -48 -134 -119 -27
-145 -142 -206 50 -243 -280 -81 -166 -271 -266
-246 -249 -28 -251 -53 33 -100 6 -22 -171
-211 -40 -191 30 -68 2 -113 -299 50 -94
32 -209 -276 -41 -254 -296 -206 41 -51 -2
41 -196 -1 -263 -57 -281 -170 -279 -142 20
-23 18 -15 -206 -150 -111 -143 -113 -10 -297
10 10
9999 50 50
-23 -69 -294 37 -79 -242 7 -217 23 -263
22 -251 12 -201 -142 -176 -88 -160 -272 -11
-188 27 42 -102 35 -10 -120 -220 -73 24
-283 -120 -68 42 -235 -45 9 -272 -103 -226
36 -225 -280 47 -224 -60 -21 48 -294 -201
-239 -75 36 13 9 39 -84 -253 10 -233
-207 10 -265 -156 -89 -236 -184 -118 -266 -282
50 -276 -175 6 -80 30 44 -153 -132 26
-44 -17 -285 -42 -62 31 11 -81 20 38
-137 -288 -52 -280 21 -198 -27 -237 39 14
10 10
9999 50 50
-189 -194 2 42 2 -0 24 -187 -141 9
7 11 50 -115 -50 -297 -142 -265 -273 50
-112 36 -31 -155 46 -13 -62 -249 -147 -97
-6 -49 -67 47 -106 33 -1 29 -170 -157
-202 3 -83 -26 -129 -18 -59 -285 -171 -112
-269 -136 10 -161 -220 -213 -164 -180 28 1
-34 -298 -144 8 -14 -85 11 -199 -0 -229
40 -155 -300 -171 -274 16 31 -51 7 -182
-205 -130 -120 -208 -294 -177 -211 -17 -199 3
49 20 -102 -155 -250 20 -6 -35 -11 -128
10 10
9999 50 50
-266 -182 -300 -93 -218 -160 -262 -197 -120 -89
-148 -7 -27 -245 -157 -235 -210 -229 -109 -297
-249 -133 -108 -236 -146 -119 -40 -212 -161 -4
-105 -0 -102 -0 -175 -221 -12 -45 -55 -229
-217 -4 -134 -40 -65 -196 -255 -2 -109 -298
-11 -193 -247 -152 -106 -286 -103 -261 -172 -284
-245 -68 -161 -108 -139 -70 -208 -105 -123 -165
-93 -193 -143 -57 -180 -163 -98 -75 -83 -198
-156 -21 -268 -159 -237 -252 -227 -35 -22 -77
-209 -53 -222 -144 -32 -277 -257 -280 -224 -111
10 10
9999 50 50
-20 47 -264 16 40 3 -143 22 -212 -292
31 -176 25 -214 -262 34 -270 -234 37 15
-30 -83 29 -58 -194 -130 -149 -215 39 -74
18 37 6 -58 -75 -256 -129 -295 -197 -170
32 -90 -153 -103 12 35 -280 24 -118 -235
13 24 -167 38 25 12 37 33 5 28
46 11 12 -276 37 29 40 -91 24 18
41 -40 44 -174 22 -77 -169 -234 -150 42
7 36 -31 -207 -127 28 -119 -72 44 24
4 -163 -174 -194 32 -157 -185 -172 33 -100
10 10
9999 50 50
-21 49 -58 -51 -62 50 -100 -32 -258 47
-156 45 -280 22 -261 -178 -49 -184 -107 20
43 34 -55 16 -275 -123 -175 -87 -107 3
23 -158 26 35 -154 46 -235 -122 28 -16
14 -155 -9 21 16 2 7 36 -77 50
16 -22 -168 -290 -90 -15 5 49 -273 -56
-48 -287 -173 -34 30 -122 -180 -146 -244 -82
-34 -253 -138 36 -160 -107 -76 -221 -124 34
-217 -34 -156 -87 -147 10 -43 22 -136 -164
-294 -107 -38 -139 38 -241 -201 -254 -135 -255
10 10
9999 50 50
-245 -186 -5 -174 -171 -227 -256 -224 -20 -217
-164 -70 -44 -235 -47 -34 -184 -184 32 -242
-138 -204 -51 -208 -55 -143 -2 -2 46 -288
-26 -134 -247 -24 -124 -246 -117 -233 -191 -36
-201 -96 -122 -208 -94 -143 -252 -270 -285 -250
-30 -8 -56 -259 -187 -81 -243 -257 -190 -129
-270 -295 -126 -110 -79 -182 -151 -10 -239 -39
-177 -153 -189 -206 -29 -150 -77 -115 -192 -244
-146 -300 -130 -290 -269 -0 -289 -20 -53 -257
-37 -90 -287 -268 -180 -253 -177 17 12 -272
10 10
9999 50 50
-241 -83 -180 -282 4 -59 -273 20 -261 49
-131 -184 28 -20 -14 -208 20 -180 44 -98
-79 -66 -101 -126 -43 -96 -133 -250 -261 48
-227 -87 34 -2 -11 -70 -147 -62 -79 -210
-201 -276 -26 -86 -239 -25 -150 -202 -161 -45
-270 -103 50 -123 2 17 -173 -39 -178 -248
-22 -75 -21 -49 -186 17 -74 -121 28 -240
-89 -296 29 -269 -63 -36 -291 -70 -82 -1
-232 -145 10 -183 -164 -47 -184 -82 -108 -115
-4 23 -9 -298 -257 -151 -45 -290 -66 -264
10 10
9999 50 50
-117 -254 -32 35 -283 -193 -56 18 -232 4
26 -47 35 13 -171 -154 -99 -120 12 -182
-135 -86 14 -245 -10 -87 -191 -177 4 12
50 -70 -137 39 36 48 14 -169 42 46
-199 12 -45 -46 -191 -130 -273 13 47 42
33 -2 35 -237 -299 -261 15 34 -160 38
-219 14 22 -149 -88 -161 -112 -163 34 -48
-181 -87 1 -8 23 -218 33 24 -259 50
49 -236 -95 -292 -185 -12 -56 -145 36 -204
-235 -37 36 45 -41 30 47 -263 -78 2
10 10
9999 50 50
-46 -106 -257 -109 -207 -15 -14 -90 43 -202
-56 -21 -209 -127 30 -194 -10 1 39 13
-150 -45 -241 -189 8 -69 31 -112 -203 -62
-281 -241 -189 -221 -289 -152 -62 -104 -153 26
-193 -104 -103 -12 6 -89 -25 7 -133 -165
-282 39 -170 -230 -108 -43 -213 44 -102 -267
-233 -253 10 -67 -152 -153 -19 -38 -207 -216
-277 -168 -256 25 -258 32 -92 -257 -257 2
10 41 -71 -133 -299 10 -272 -266 -90 -110
-209 -223 -27 13 -67 -140 -265 -2 -180 -161
10 10
9999 50 50
24 -56 24 -185 -246 -39 -260 25 -159 29
-177 8 -181 -102 -204 -207 -93 -206 -245 -7
-72 1 -169 -228 -14 11 28 -88 -196 -104
16 23 29 -225 -12 23 -293 -179 7 -81
5 -278 -78 15 43 5 -205 28 -111 -165
36 -233 -279 -157 -224 -31 -7 -137 -8 -19
29 34 23 -275 35 -13 42 35 35 -44
4 -279 -79 -208 -79 -218 -33 -194 18 -64
40 37 -193 -127 -80 10 32 6 -142 37
-161 -102 -103 -73 -142 -44 -43 -143 -197 14
10 10
9999 50 50
-199 -194 -256 27 -208 41 42 -237 -80 -171
-209 -255 -154 -86 -91 16 -186 -135 38 -22
-248 -94 -26 -228 -108 -82 -179 -47 41 -197
39 20 -144 -220 -257 41 40 25 -286 -20
-223 -279 -238 12 -157 24 -220 36 -40 50
-50 1 -260 -273 -79 -152 25 -76 14 11
-229 -8 -68 -284 -110 6 -156 -244 -251 28
-198 -63 -255 -255 -209 -145 19 34 -219 -246
-7 -95 -276 -9 -165 -173 -135 -8 -259 -155
6 -111 11 -291 -8 26 -125 30 3 40
10 10
9999 50 50
34 -153 35 -243 -97 -73 18 -159 28 -236
-33 -255 30 -135 -283 -55 47 -235 -193 -170
1 -248 -8 -193 -258 -118 -8 9 13 23
50 -240 -202 7 30 -201 -167 40 -113 28
25 -69 -106 42 -48 -193 32 -62 35 16
-138 -123 45 -22 -11 -15 -165 -73 -183 9
-3 -230 -258 -284 -79 -113 -117 -120 29 15
-191 -43 -163 -68 6 -118 -88 -296 -262 34
-29 4 -175 -43 -67 44 -260 -83 -227 -299
-54 -283 -221 34 49 44 -146 -205 -177 23
10 10
9999 50 50
-124 -213 17 36 -285 -87 46 46 -275 -157
-152 -51 -216 -45 -50 -160 -199 50 39 -234
-140 -72 -38 -190 -148 -196 -118 -274 -77 -236
-247 -231 -156 -30 -34 -32 -99 -163 -147 -249
-39 -164 -286 44 -260 29 5 -148 -205 -87
-10 -58 -85 -184 -36 -168 -271 -190 -88 -112
-204 -227 -210 13 -80 -49 -20 7 -36 -21
-47 -87 -132 -4 -274 -192 37 2 48 -283
-179 -258 43 15 -102 -261 19 -59 -36 -34
-171 -42 28 -61 17 -32 -206 -36 -164 -61
10 10
9999 50 50
-55 21 -253 -236 -58 -83 15 -160 -283 -283
-285 -266 -120 -20 -163 -41 5 -29 -115 -147
-259 -75 -240 4 -92 -179 -205 -105 -225 15
-298 35 -293 -75 -171 -174 8 41 1 -150
-263 -287 -118 -278 -59 41 -9 -68 20 -80
-235 -128 -253 -73 13 -2 -116 -280 -147 -222
-201 -12 -141 -274 -219 -93 -54 33 -214 49
-197 -271 -269 -116 14 -45 33 14 -198 31
-278 -85 -203 -276 -0 -48 -63 49 -5 -26
-112 -89 -277 -34 -129 -281 36 -110 -1 -166
10 10
9999 50 50
-22 -182 30 -265 40 19 48 -183 40 -76
-261 15 27 47 11 1 -118 2 -214 36
-62 -267 29 14 7 27 -220 18 15 -174
-4 6 -90 46 -271 30 16 -300 -48 18
-122 46 -122 -246 8 44 -82 -221 17 36
-119 11 48 -171 -77 -75 28 -229 -7 -295
2 -135 27 -41 -125 14 -143 43 -153 -36
-241 26 35 -266 -52 30 -219 24 -237 -7
-200 -58 -60 -34 10 -17 11 -56 20 -70
-85 20 44 -106 43 39 -206 -160 -297 17
10 10
9999 50 50
-232 -148 -51 -144 -157 -178 -23 -180 -38 -148
-235 -86 -44 -93 -175 -178 -196 16 -224 20
-85 -146 -201 7 -238 -9 -182 -204 -186 -289
-289 -126 39 -165 -52 -227 -83 -48 -70 6
-296 -3 26 -161 -206 -104 -289 -57 -267 -90
-184 -290 -35 -128 -282 -189 -55 -136 -158 -47
-151 -274 -257 -274 -23 -211 36 -131 -150 -23
16 -292 -121 -27 -240 -112 -264 -9 -83 -77
-261 -220 47 -37 -217 -182 -186 -147 -286 47
-44 -198 -211 -54 -237 -203 28 -266 -161 14
10 10
9999 50 50
-53 -167 -182 -87 -59 -119 -13 -218 -186 -90
-112 -286 -229 -199 -85 -99 -97 -294 -197 -7
-277 -60 -135 -66 -108 -58 -291 -258 -246 -289
-122 -196 -173 -266 -183 -224 -211 -226 -32 -75
-28 -54 -229 -1 -166 -209 -48 -51 -18 -284
-116 -58 -151 -259 -41 -18 -91 -298 -123 -149
-100 -291 -243 -266 -275 -86 -31 -77 -198 -215
-14 -20 -149 -28 -300 -23 -266 -150 -123 -290
-288 -252 -175 -166 -38 -45 -184 -108 -77 -269
-182 -284 -270 -148 -291 -29 -30 -53 -91 -209
10 10
9999 50 50
-190 16 -11 22 27 20 45 -156 5 29
-248 43 6 20 -144 -216 14 7 21 -222
-58 22 -170 -43 15 -243 24 -89 6 1
22 28 -266 23 27 -208 -168 -205 31 -242
4 49 -111 -258 18 -133 41 -71 26 -252
39 -5 -179 -71 30 12 48 -164 15 49
4 -21 12 -28 -286 25 -57 -175 21 -196
-140 -289 -203 -75 17 -270 -253 -287 -184 15
-115 45 -9 1 -10 38 41 8 44 44
-171 46 -202 -97 -81 -238 -295 -117 39 -63
10 10
9999 50 50
27 -143 -40 -131 28 -149 49 -223 26 -110
-37 -141 -101 -88 -146 -136 35 -210 -292 -54
-204 37 -0 -110 -159 20 22 -127 38 -238
-4 24 -80 -239 46 -23 50 -137 -72 -126
-70 -190 -164 20 -110 -275 30 -260 -265 -39
-54 -72 22 -211 -233 -207 46 -192 40 -21
-280 -11 -75 -245 -291 16 -131 13 -143 -283
-16 -166 -83 -214 30 -214 3 21 7 -64
11 -267 -238 -233 20 -257 -296 -3 -157 31
-116 21 -296 3 -65 -103 -298 10 -142 -221
10 10
9999 50 50
-254 -153 8 -167 -29 -161 -245 -297 -90 -67
2 -47 31 -247 -105 -47 -217 -144 23 -289
-175 19 -277 -79 -253 -220 12 -110 -41 -257
-161 -193 -63 -86 -32 -262 -166 -271 -184 -10
-276 -156 -17 -189 -293 -125 -246 -48 39 -95
1 -194 -155 -4 -221 -283 -138 -141 -213 -297
-253 -141 -283 -48 -225 -212 -124 19 -137 -264
-89 -264 4 -135 -233 -228 -191 22 -98 -98
-192 -268 -31 -116 -253 -2 -256 -80 -92 7
-249 -43 -134 -285 -179 -152 -257 -8 -225 38
10 10
9999 50 50
-244 -234 -25 -135 -142 -191 -49 -26 -232 -166
36 4 -271 -34 1 -221 -84 -190 -78 -166
29 -55 -298 -193 -99 -154 -96 -63 -24 -141
4 -10 -232 41 1 8 -285 -56 -52 -3
31 47 -117 -112 -91 35 -153 -284 -147 31
-229 -241 38 -158 -90 -67 -35 -294 8 8
19 -82 -275 -272 -274 -219 -142 -40 19 -92
-233 2 -277 -163 -0 -266 42 -200 -30 -272
-65 -57 -154 35 10 19 50 -49 -84 -176
46 -183 -162 26 -48 -80 37 -32 39 -206
0 0
