61 67
29 79
263 277
193 503
269 277
179 487
73 331
233 233
61 137
241 271
127 409
229 281
271 307
73 281
229 367
193 199
61 67
47 53
103 257
211 263
179 349
139 149
131 307
103 229
233 331
197 283
283 283
197 347
313 313
109 137
127 479
263 347
281 307
257 277
241 263
173 181
137 431
251 271
83 109
181 257
163 199
229 317
271 311
269 313
151 191
293 307
97 101
311 313
271 313
233 347
181 313
131 197
83 197
191 311
271 347
181 269
229 367
89 89
211 211
131 193
313 317
127 157
239 359
263 293
127 181
211 211
223 227
173 389
83 83
179 337
271 271
149 233
167 353
199 241
97 251
41 43
139 193
229 263
179 223
103 107
277 317
241 263
151 241
97 127
113 587
47 271
67 101
157 223
197 239
239 349
241 251
157 157
37 61
193 193
229 239
233 233
227 349
257 373
263 349
61 353
193 263
61 61
79 83
157 269
241 353
227 229
223 439
103 109
61 239
107 269
131 263
113 113
37 59
239 277
37 71
163 167
257 337
67 139
101 127
257 257
283 311
281 311
67 151
149 461
109 293
101 173
101 131
241 241
241 257
193 241
181 269
157 479
257 347
59 113
313 313
131 347
83 487
307 307
179 179
151 263
233 397
131 491
229 233
251 271
43 67
179 197
307 311
149 191
167 191
163 281
179 389
103 107
41 47
281 331
313 317
211 227
149 569
151 173
263 337
89 173
97 101
107 131
293 307
277 313
23 29
271 317
233 241
227 293
79 83
197 227
151 239
241 269
131 379
131 223
149 157
241 373
109 127
109 181
83 199
283 311
193 353
293 313
293 293
97 97
89 751
139 601
43 127
113 359
137 233
239 251
229 251
41 139
163 179
103 113
151 181
89 113
19 31
101 167
271 271
173 347
103 347
113 131
163 193
293 337
181 269
277 313
23 31
223 353
241 293
263 281
113 163
37 109
61 137
197 239
139 173
307 307
107 739
233 257
223 307
271 311
281 307
137 263
113 113
131 733
269 307
127 571
293 307
107 109
113 389
199 313
139 701
277 283
193 373
71 1151
229 307
163 193
101 127
73 199
11 23
167 173
263 269
257 383
173 439
37 41
43 1741
233 251
67 263
83 89
157 271
67 73
181 191
151 193
73 173
229 401
179 269
109 563
211 439
307 311
149 233
191 337
293 317
251 317
269 281
227 233
229 233
181 251
197 433
73 193
251 317
29 73
79 103
43 1481
199 421
137 167
239 359
193 271
181 379
199 239
233 271
211 251
131 139
43 139
139 167
197 431
131 383
229 241
3 5
227 401
193 419
73 79
227 229
131 173
167 193
229 239
239 293
127 727
191 223
269 307
241 307
211 367
227 251
263 271
281 317
197 331
157 353
193 491
127 137
229 229
181 193
101 173
199 211
47 71
181 181
223 373
269 269
157 317
181 379
223 263
211 263
179 191
167 431
181 197
181 499
211 211
151 167
283 293
163 191
227 293
131 137
257 367
127 251
199 223
227 409
37 523
181 461
163 163
149 593
109 139
277 281
197 223
137 137
181 257
211 281
31 37
97 197
229 241
137 457
241 293
251 373
227 353
307 311
233 281
277 277
23 137
307 307
79 821
257 257
257 283
29 59
97 167
211 223
239 311
151 223
43 61
257 257
263 263
239 313
239 337
73 83
251 359
103 103
113 139
277 281
269 293
271 307
277 307
191 491
179 233
173 269
263 263
149 151
59 61
67 137
193 193
79 83
211 311
199 241
41 89
151 263
41 89
103 149
149 271
163 239
179 433
137 367
59 173
157 379
281 281
163 353
157 193
313 313
107 167
61 269
181 409
239 251
67 263
53 1039
109 281
67 67
229 229
223 241
251 251
179 197
151 617
109 229
131 151
19 23
127 139
227 251
173 193
271 277
103 631
67 103
241 379
229 379
233 347
59 431
103 241
103 179
197 277
263 283
223 257
157 401
151 613
241 241
277 277
199 211
113 563
139 167
113 443
59 701
113 113
173 179
241 241
167 179
37 419
59 193
229 239
271 349
113 179
283 337
19 73
281 281
149 373
251 347
113 241
277 277
43 71
227 397
151 389
241 383
103 397
193 199
191 349
97 197
61 359
181 499
131 199
229 271
149 163
97 967
283 311
113 139
101 103
277 349
191 271
167 197
241 271
179 389
89 677
89 89
191 347
67 97
229 239
59 181
227 227
47 103
113 151
239 281
263 263
131 181
233 379
269 307
223 353
97 103
43 43
167 457
113 113
89 89
79 409
131 271
89 89
107 317
79 1069
257 353
163 191
263 349
179 269
163 317
101 173
19 19
199 283
43 53
151 337
131 181
73 103
151 157
257 277
137 269
191 241
311 311
23 67
193 283
127 137
67 73
79 83
107 919
229 229
229 229
199 229
257 257
223 251
151 173
43 199
53 59
181 181
163 283
83 109
223 223
227 353
89 103
89 137
139 197
181 227
163 163
167 569
47 197
83 197
223 367
17 79
137 137
101 547
223 431
97 181
257 281
239 397
191 521
103 151
109 199
241 241
53 197
157 157
179 179
179 409
277 317
101 127
233 241
193 277
241 337
211 439
127 479
127 131
43 127
127 139
59 1283
223 443
193 199
163 173
149 191
197 197
53 397
137 137
233 241
181 227
173 263
127 139
173 179
29 41
271 277
229 271
149 167
181 229
229 229
223 307
67 661
41 41
191 193
107 587
239 241
211 229
157 211
83 1097
199 199
139 331
193 251
41 557
131 157
131 719
97 503
131 191
59 83
47 71
179 433
173 449
137 229
137 439
173 257
97 251
239 331
137 239
167 193
79 317
167 181
127 137
103 433
83 997
73 491
109 431
269 307
223 317
191 193
199 239
127 223
103 151
139 653
193 199
53 53
263 271
241 277
281 337
157 163
227 229
193 257
257 317
151 311
227 353
73 677
263 263
281 311
211 457
281 347
257 257
199 229
281 293
89 107
283 283
71 103
67 919
307 307
251 349
199 199
211 211
151 509
263 277
199 223
173 179
97 397
223 223
277 277
227 359
233 373
101 131
67 349
229 239
313 313
193 197
199 359
293 293
193 197
271 337
229 271
199 251
227 277
107 137
199 199
149 601
181 223
229 241
199 199
193 211
53 367
23 23
179 197
79 199
233 241
103 433
239 307
191 367
109 149
127 137
211 331
83 89
149 499
163 173
263 263
107 157
293 317
281 317
211 239
293 313
167 181
193 317
53 59
193 419
251 257
257 283
151 181
101 131
211 233
59 59
257 313
97 137
103 277
179 313
107 109
127 157
269 307
263 349
67 67
257 271
181 467
251 359
107 421
239 311
307 307
19 43
251 359
193 199
59 149
131 137
131 139
139 173
163 199
53 73
257 313
269 353
149 271
97 137
257 257
89 101
107 257
241 241
227 421
227 269
167 167
149 157
271 317
223 443
131 241
293 307
97 317
139 139
109 109
43 107
137 191
47 73
211 467
131 661
151 167
157 179
79 479
241 281
43 503
277 313
139 643
193 199
263 263
101 167
97 449
109 139
197 283
293 317
71 257
263 337
107 173
157 467
193 257
251 257
233 271
197 223
269 281
233 233
137 223
229 257
29 29
137 157
233 233
31 853
107 197
281 311
241 283
229 257
131 541
283 283
31 37
263 349
97 101
167 347
97 97
229 317
163 179
233 307
293 293
157 367
83 83
29 223
271 277
251 251
131 139
191 227
139 139
263 271
283 317
229 257
113 113
173 257
179 211
293 331
257 317
149 379
173 431
137 163
199 199
233 383
181 227
173 467
191 311
149 353
127 131
127 127
53 367
11 47
137 419
157 271
103 137
131 149
157 397
167 193
113 331
173 569
61 239
241 281
197 269
137 467
61 61
257 337
127 139
163 163
61 1163
113 661
131 179
181 199
97 317
193 241
167 257
73 331
179 271
163 239
223 271
107 131
31 1283
229 271
211 229
251 293
263 353
89 211
113 269
163 283
127 127
313 313
107 127
181 197
139 241
113 173
283 349
59 73
139 167
181 199
131 701
97 173
53 229
311 311
229 313
181 193
199 277
199 241
257 277
97 113
149 271
179 197
163 409
97 109
109 109
173 443
191 337
163 269
293 311
251 251
283 317
313 313
271 271
241 257
241 383
97 97
89 97
139 149
107 709
223 307
163 389
173 307
137 251
151 157
53 59
97 97
131 181
151 223
131 409
211 211
73 487
137 643
181 467
73 157
139 349
263 283
53 73
103 277
239 373
167 307
233 251
113 227
131 191
211 271
181 229
173 223
283 307
277 281
113 443
157 251
7 127
227 433
131 647
113 131
103 569
41 761
79 103
229 229
101 239
103 107
19 149
229 251
163 587
19 59
229 239
83 199
101 151
167 193
149 197
197 271
43 53
137 307
149 157
89 389
59 83
239 257
47 53
101 101
293 331
43 479
229 241
239 313
167 167
257 257
109 139
109 211
79 103
157 359
293 307
137 709
89 251
271 281
269 317
61 149
101 257
61 673
19 19
71 1153
307 313
67 67
149 227
59 223
101 149
89 727
197 461
79 137
181 233
61 67
223 443
181 193
137 277
163 193
283 337
83 151
281 307
283 293
83 197
137 181
139 151
37 149
163 179
109 113
271 271
137 277
211 211
73 181
241 241
137 499
167 347
251 257
283 283
131 523
283 331
211 269
29 37
163 439
67 97
59 67
283 283
41 1097
241 241
257 383
211 439
227 257
47 67
157 359
227 227
109 139
173 229
239 359
37 101
29 577
149 419
223 337
193 241
211 277
197 239
157 251
173 439
199 257
211 211
157 311
233 307
71 353
149 197
293 293
197 379
67 103
139 163
251 379
223 223
163 281
199 283
137 223
173 193
227 281
251 271
193 353
103 107
293 307
199 223
29 97
131 163
107 149
5 617
191 479
41 137
173 433
223 229
223 271
271 317
89 89
283 349
167 181
127 139
197 233
211 347
181 181
127 191
173 263
107 251
139 349
233 269
229 337
131 211
79 167
197 251
307 313
233 367
113 113
83 89
257 257
197 349
149 197
193 229
307 307
223 229
257 373
157 433
163 251
233 239
107 113
241 313
73 307
199 337
151 197
137 431
229 277
103 181
151 179
157 317
73 73
151 239
61 269
139 173
173 211
139 173
307 307
31 601
269 307
191 443
83 103
157 193
113 131
97 149
257 337
131 229
211 233
223 263
239 293
271 313
191 367
239 307
167 457
271 313
47 53
211 229
199 211
101 607
181 181
293 317
127 151
173 401
241 331
229 317
109 157
181 317
191 281
139 139
199 397
109 127
293 331
149 151
269 269
31 373
233 233
173 251
257 367
97 227
277 293
211 409
167 257
311 311
227 229
211 367
229 229
179 223
227 257
241 269
241 269
151 151
223 257
179 271
227 401
281 349
67 67
97 193
199 199
173 181
251 281
157 439
163 167
293 293
71 73
71 547
163 347
173 173
277 281
107 197
67 127
97 293
241 271
103 107
193 419
131 151
199 239
293 307
191 401
151 463
193 197
53 523
181 233
127 613
149 179
269 293
163 179
107 257
193 353
53 103
157 307
139 167
257 353
199 263
157 331
199 373
79 173
97 127
211 211
269 317
127 547
157 379
137 211
193 419
251 359
41 269
137 157
139 199
233 251
241 251
257 257
163 167
167 173
149 349
163 313
181 523
163 163
151 239
197 281
61 61
191 191
191 317
127 389
233 257
73 131
223 443
227 433
47 53
167 271
5 61
191 227
137 139
167 331
263 373
137 139
163 281
199 239
293 331
241 389
103 137
179 181
293 293
239 239
199 223
251 359
197 367
227 241
293 307
59 601
163 163
233 269
211 251
199 251
137 157
293 293
191 313
163 233
127 131
179 439
179 223
151 421
293 307
293 311
199 257
89 157
211 331
149 607
179 281
241 241
79 79
229 269
151 151
193 367
73 431
223 317
191 191
229 277
179 211
241 241
269 271
211 443
199 211
251 271
229 257
229 311
151 281
179 349
157 283
251 269
241 317
131 163
173 569
139 139
179 191
73 431
157 191
211 211
191 353
211 269
241 281
131 179
59 79
109 557
41 83
251 251
277 283
79 151
149 397
101 461
151 157
157 349
179 233
229 277
89 89
241 353
263 269
97 293
227 359
157 347
89 97
103 149
197 199
167 277
167 317
281 317
227 293
19 1693
139 257
37 107
139 349
263 263
269 353
227 281
277 277
107 311
19 37
83 101
229 401
31 67
211 421
263 263
179 557
199 241
283 293
211 211
151 293
167 227
223 313
263 337
199 239
229 229
113 233
211 223
149 359
227 227
113 113
197 199
277 283
107 113
67 1091
193 193
241 241
269 271
257 257
269 311
239 307
229 277
271 307
197 223
181 191
61 109
211 211
97 97
137 457
199 433
167 251
167 173
67 103
53 61
173 449
139 173
233 293
137 229
71 251
163 163
71 89
263 271
257 293
277 283
163 211
263 271
211 401
43 43
283 313
257 263
229 239
61 137
127 139
283 293
197 379
47 439
167 421
109 257
151 293
131 347
167 197
37 47
277 293
113 149
131 197
23 31
127 313
191 281
107 181
293 307
47 107
229 269
97 619
283 313
163 281
101 269
197 197
241 307
67 563
127 439
199 211
109 263
271 307
157 193
281 337
283 293
241 337
233 241
191 317
137 223
257 331
263 271
101 101
89 797
109 223
251 251
89 523
173 227
11 11
127 157
229 229
229 337
139 197
157 271
179 191
233 281
131 163
179 503
149 359
269 347
211 233
313 317
211 233
139 293
113 139
151 157
229 239
53 113
239 281
137 163
149 163
151 467
233 233
241 307
149 149
251 317
269 271
239 389
149 151
127 127
199 211
197 317
23 31
157 211
7 79
83 89
293 293
193 283
173 229
251 379
271 349
151 251
223 277
307 311
211 283
103 103
269 293
227 233
179 433
191 241
227 373
271 311
89 547
293 311
293 313
83 97
127 293
83 167
269 293
113 263
257 337
271 293
283 283
251 367
83 83
263 263
79 83
59 677
281 311
199 233
229 251
157 401
229 331
131 193
73 431
109 271
101 541
281 313
137 311
103 127
113 347
103 229
223 313
53 61
181 191
97 929
197 197
127 487
173 277
193 349
157 193
173 223
227 431
211 443
131 397
197 211
97 97
67 1367
113 379
211 229
227 349
107 173
257 313
107 149
109 307
179 223
227 241
151 389
283 313
163 227
149 167
191 193
109 139
257 271
173 269
241 251
137 191
131 223
37 59
281 347
199 499
167 193
179 241
233 233
179 197
149 149
193 257
97 179
193 479
313 317
307 307
149 389
199 383
181 283
151 167
137 163
31 113
181 317
257 337
181 397
59 163
79 467
113 599
307 307
211 211
239 313
43 47
151 223
47 97
313 317
211 347
79 1033
239 293
227 397
211 211
191 331
41 41
157 577
151 349
269 269
229 283
127 619
101 223
127 241
173 307
191 509
229 257
137 311
109 149
79 313
241 281
211 233
79 101
283 283
113 113
199 439
67 619
181 181
197 383
251 311
251 347
107 181
101 127
229 271
313 313
191 191
73 83
131 181
181 463
229 251
283 313
47 149
157 181
109 137
277 277
167 173
149 197
139 223
277 337
251 293
109 137
277 277
29 347
109 307
139 593
163 251
139 599
151 353
223 241
103 107
263 293
199 233
293 313
251 257
251 311
271 349
43 67
191 311
263 263
101 311
149 151
101 419
229 229
269 337
173 193
181 449
251 383
251 251
107 107
149 337
89 97
269 281
269 281
67 199
241 269
157 269
109 127
293 317
47 359
109 181
97 101
227 283
197 239
223 367
179 211
97 659
113 113
67 101
251 311
163 199
139 149
271 281
163 173
173 307
43 131
179 421
181 263
107 223
157 421
269 277
101 397
113 349
107 491
167 211
103 179
227 337
103 367
227 281
101 103
103 197
257 271
157 163
149 409
103 233
173 191
151 157
211 433
139 607
131 131
139 331
107 173
211 263
97 181
139 241
97 653
313 313
167 181
89 101
211 449
307 307
211 389
167 251
41 461
199 443
173 197
149 271
151 313
163 263
89 127
139 349
113 593
137 317
113 127
163 227
191 347
137 233
151 281
137 379
269 293
47 53
257 257
179 181
151 283
223 223
223 223
157 359
257 379
103 103
71 157
37 179
131 193
109 229
181 409
107 349
229 229
179 487
73 593
157 157
109 127
197 197
233 307
83 409
151 313
103 383
127 157
227 229
241 353
229 317
223 241
233 313
157 157
103 167
227 349
103 127
311 311
131 233
167 167
173 347
229 367
307 307
5 5
71 401
239 383
139 619
191 311
167 271
179 293
149 257
181 181
163 199
227 421
113 733
181 193
313 317
263 353
179 197
283 293
179 191
29 311
157 317
131 179
127 661
199 487
199 199
89 97
181 227
227 307
211 367
139 151
157 193
167 241
37 101
113 127
101 173
283 283
193 257
193 373
211 233
101 173
127 181
311 311
149 191
269 313
173 229
191 241
179 269
199 211
197 313
43 47
31 1951
269 311
257 317
127 137
229 281
191 353
211 229
281 311
229 241
131 283
47 47
179 233
139 659
191 349
167 197
223 317
269 311
67 67
97 101
199 211
157 157
29 617
101 227
61 61
227 367
197 239
193 193
167 421
271 271
43 293
197 277
131 131
163 163
139 139
59 97
233 331
293 293
277 293
83 97
193 199
269 277
67 89
37 43
269 307
199 367
157 251
139 139
41 233
193 223
61 67
151 337
79 83
131 397
271 353
149 149
157 233
157 317
167 383
251 311
193 317
11 29
157 373
193 503
293 313
257 359
229 257
53 349
211 223
277 281
181 181
67 1213
229 239
167 347
59 71
307 317
293 307
101 149
241 241
23 157
197 293
233 313
281 311
83 89
131 223
67 73
251 383
173 367
103 613
211 229
41 101
139 167
271 359
241 241
223 307
269 307
173 193
73 491
199 443
79 883
229 277
157 547
61 67
293 293
73 163
103 883
73 127
29 31
229 401
211 331
131 137
263 337
197 443
223 331
19 107
197 409
263 379
313 313
13 7691
13 7691
