6 2
10 5 34 10 43 17 77 25 65 47 42 56 59 63 53 65 17 71 86 79 62
9 3 61 7 72 24 81 28 54 57 12 58 93 73 91 84 63 90 38
9 4 24 30 50 60 96 61 89 73 68 94 10 95 24 98 39 99 92
8 2 97 6 5 10 48 32 62 56 52 60 84 64 50 87 42
8 20 52 22 84 24 17 38 34 43 92 91 99 94 47 97 6
8 5 27 27 43 34 57 50 93 58 61 68 100 69 22 72 59
6 3
0
9 150 471 313 513 367 694 379 555 404 607 488 50 524 461 781 192 787 719
9 151 267 194 837 205 985 327 544 401 531 679 117 684 714 827 960 887 57
9 29 18 113 542 156 625 166 123 292 774 360 637 630 317 918 861 941 76
10 118 312 177 326 303 25 343 585 497 655 772 525 833 270 843 243 914 886 988 730
9 76 625 138 944 350 226 387 682 546 918 685 65 780 280 859 849 987 196
25 11
7 110 448 271 47 280 347 309 655 626 119 811 103 891 194
10 66 92 101 622 148 96 303 574 360 814 383 982 405 655 730 633 816 169 838 443
7 30 318 178 162 250 927 357 808 413 831 586 725 641 67
8 41 287 107 950 289 556 328 333 382 750 483 974 584 955 918 352
9 42 990 104 261 281 85 321 177 541 854 555 67 755 791 796 971 972 193
10 32 207 99 753 200 348 265 964 302 375 398 754 434 526 659 842 669 252 762 668
9 169 739 405 634 582 865 698 628 734 611 780 98 866 761 910 730 919 856
10 66 644 68 784 109 390 128 533 133 233 210 515 256 512 376 739 549 417 570 803
9 115 469 144 489 373 642 450 866 538 404 657 844 734 377 828 884 944 425
7 73 98 174 849 284 147 305 481 444 903 536 210 640 711
10 17 986 133 403 134 596 151 581 494 417 607 283 683 904 742 212 868 406 891 574
9 7 202 115 34 303 79 466 1000 623 522 649 505 748 407 807 906 935 105
10 66 24 338 165 379 272 385 573 475 265 547 738 602 20 626 220 666 77 686 859
8 38 216 148 217 572 301 639 590 806 313 877 522 897 220 906 247
10 20 269 92 892 138 91 205 683 267 206 384 36 411 623 526 708 858 146 889 404
10 54 764 90 416 176 83 221 301 277 388 340 69 415 225 553 951 572 662 649 757
9 7 294 20 150 219 914 339 406 505 750 627 194 717 838 830 209 981 337
4 358 791 397 666 488 95 975 783
9 108 996 232 635 361 455 370 688 458 457 476 424 516 721 527 355 901 170
8 13 99 98 499 115 615 152 760 330 488 394 59 533 498 822 98
9 15 653 29 936 242 359 354 626 364 697 529 798 673 66 838 994 868 121
0
9 47 628 84 876 185 147 283 979 401 573 513 970 602 490 803 751 915 809
5 477 97 511 337 617 508 758 868 791 18
10 39 599 183 619 213 385 380 559 413 346 709 440 718 908 801 500 842 385 991 195
100 0
6 205 508 207 174 409 509 561 765 683 480 949 29
3 52 770 436 571 781 173
10 43 254 124 239 366 397 463 100 613 223 651 530 665 975 810 523 839 825 903 167
7 235 108 350 882 355 938 608 880 698 943 876 302 931 654
2 234 564 986 494
1 945 229
1 172 953
5 186 791 217 829 248 822 683 269 715 147
10 57 840 254 81 356 331 400 495 534 487 555 958 660 695 677 649 844 618 937 243
3 34 65 324 345 629 41
4 150 645 398 582 933 229 951 911
7 209 147 344 403 426 575 671 309 782 85 867 927 980 997
7 113 930 226 362 552 863 592 83 648 994 848 874 900 629
10 61 335 92 122 162 331 343 732 449 447 468 926 563 404 704 112 971 412 988 74
6 411 236 762 17 780 392 925 594 949 725 1000 547
7 4 227 330 414 560 103 764 503 854 22 858 421 870 143
1 235 552
5 112 819 182 928 382 987 421 318 767 968
4 183 978 218 133 487 968 652 797
5 312 308 427 526 465 895 704 97 791 760
5 154 989 249 761 743 887 827 861 989 263
5 77 157 122 346 355 891 381 518 467 951
4 303 695 305 674 619 236 743 965
9 13 983 258 464 577 613 581 351 729 398 770 414 855 813 926 281 930 268
4 26 815 150 784 152 451 928 203
10 38 501 55 548 224 131 289 442 362 942 557 653 675 992 907 708 956 728 1000 469
8 18 341 97 763 266 817 463 906 516 175 637 71 762 789 861 644
2 527 182 624 653
3 334 112 491 707 622 827
9 134 625 156 377 193 960 309 428 323 19 418 80 505 770 539 605 778 538
8 303 138 317 497 331 620 451 909 591 312 633 447 680 631 876 99
5 21 664 305 998 560 438 765 745 842 702
10 66 924 239 539 248 213 320 401 337 23 357 864 521 398 522 68 651 746 710 926
10 26 479 94 457 336 544 350 419 360 69 714 491 742 131 926 914 959 283 969 972
1 366 510
8 211 537 402 720 422 424 529 434 661 836 765 716 827 228 886 970
6 19 56 31 770 153 428 155 545 723 787 918 258
5 115 308 147 826 235 556 392 771 684 572
7 307 830 344 242 605 704 717 959 784 414 862 452 893 846
5 9 680 237 948 413 794 801 761 917 956
4 80 292 514 177 576 686 855 985
8 174 844 309 284 467 528 597 852 624 319 716 287 895 821 987 282
10 69 226 212 240 456 858 493 835 502 257 563 935 588 145 602 378 721 306 974 57
4 66 976 208 610 365 706 722 222
8 49 639 154 746 173 437 283 553 340 620 372 506 784 752 800 581
2 456 586 801 711
10 46 868 67 492 90 313 303 645 324 613 414 649 570 868 802 826 838 924 863 146
4 33 786 211 643 312 495 418 155
1 321 598
5 73 324 93 498 847 767 851 903 858 1
1 22 776
2 398 321 834 983
2 381 58 475 300
3 351 285 473 265 777 736
2 64 469 581 587
10 92 651 113 134 136 276 209 993 235 970 282 272 293 480 320 545 401 466 610 764
2 419 891 843 749
4 143 590 847 693 891 479 959 767
5 136 733 261 858 334 811 505 686 576 720
8 160 660 300 362 318 772 523 371 530 513 610 807 648 612 771 875
1 615 42
3 469 662 715 838 990 466
6 322 392 482 521 589 792 640 467 784 427 912 760
10 31 851 134 219 168 897 213 640 351 187 401 75 411 517 609 122 760 240 768 474
8 100 243 157 920 168 623 232 555 419 696 493 332 738 889 864 939
1 111 306
9 30 392 77 674 174 480 329 14 347 276 531 34 691 143 761 578 831 544
10 13 332 87 939 158 580 176 552 330 618 498 396 617 278 840 933 867 203 947 153
5 374 480 388 411 494 286 606 103 918 781
3 78 417 550 368 927 861
8 82 338 362 967 366 762 371 741 416 770 440 141 444 819 634 823
9 67 954 130 524 287 285 597 441 724 678 735 837 853 325 875 752 948 812
1 235 14
6 138 627 200 777 239 709 349 848 891 984 984 545
1 358 537
8 40 331 212 172 248 504 298 52 306 767 389 525 768 144 928 296
4 373 848 417 513 501 391 710 259
3 127 326 451 633 682 384
4 329 406 744 528 960 166 979 507
7 65 669 92 680 258 227 281 72 373 401 414 506 910 131
3 268 167 386 432 944 94
3 768 912 917 967 923 295
6 226 679 253 457 365 104 430 720 431 528 544 198
6 25 320 40 299 433 725 564 603 662 854 715 421
1 571 103
1 536 240
1 118 744
4 234 586 872 736 892 977 897 599
9 17 143 58 579 78 461 266 590 339 710 406 263 623 690 817 857 843 299
4 71 31 822 972 837 987 865 879
3 345 306 478 600 901 794
7 65 250 172 933 378 69 379 669 431 985 546 195 668 81
4 468 804 692 888 753 35 906 792
8 113 663 297 28 376 115 508 760 754 121 778 751 861 155 931 31
3 150 495 219 660 737 145
5 34 850 107 560 396 606 790 435 879 164
2 69 593 552 940
4 174 633 303 251 397 776 821 454
8 125 282 498 712 520 359 543 511 554 261 760 345 904 855 983 926
6 20 245 132 964 245 309 344 159 570 595 792 525
150 0
10 1 980 5 972 8 999 11 994 12 988 17 972 24 971 25 990 26 980 30 982
10 975 984 977 975 978 979 982 985 984 985 991 976 994 977 997 1000 999 976 1000 993
10 1 993 2 974 4 996 7 980 8 978 11 985 12 994 13 985 18 995 24 994
10 971 986 972 983 976 981 977 994 978 989 985 994 986 975 987 989 989 971 996 990
10 4 992 7 993 12 977 14 991 20 988 22 994 25 978 26 980 27 983 28 978
10 976 986 980 982 981 985 982 999 984 984 987 988 988 975 995 992 997 996 999 987
10 1 981 3 995 5 992 10 980 16 999 19 975 21 975 25 974 26 993 29 978
10 972 973 974 974 977 977 981 999 985 997 986 976 988 986 990 974 991 973 992 991
10 3 979 4 999 5 996 6 994 7 984 10 989 13 993 14 971 18 998 28 971
10 971 994 972 996 977 993 980 975 985 974 986 988 988 985 990 990 993 986 996 978
10 2 990 5 988 7 989 10 982 11 980 17 979 18 976 20 979 25 979 27 987
10 972 995 978 989 979 985 981 971 982 996 987 996 994 997 995 989 997 990 999 992
10 3 990 8 1000 9 975 10 976 12 982 18 986 19 987 22 976 26 975 27 978
10 972 993 973 988 974 990 976 972 977 983 980 1000 985 983 988 991 995 991 998 983
10 2 998 8 978 10 994 11 998 12 993 15 976 19 971 21 999 25 985 28 971
10 972 996 975 973 977 987 980 987 983 981 985 982 990 989 993 986 994 980 999 986
10 1 972 2 996 3 975 5 987 8 989 11 972 16 998 18 994 22 990 29 999
10 976 979 980 996 983 983 985 974 990 979 992 999 993 974 997 991 998 972 999 989
10 1 997 2 988 4 996 6 991 7 994 8 980 12 985 14 972 19 977 30 980
10 974 996 976 977 981 983 984 982 985 975 986 972 989 979 993 974 995 979 997 982
10 9 994 10 994 11 995 18 987 19 988 22 996 27 988 28 990 29 983 30 989
10 973 977 976 990 978 997 979 996 982 990 984 985 985 996 989 974 995 971 1000 980
10 2 990 6 971 7 974 8 982 14 997 17 995 20 981 21 995 22 995 24 977
10 972 973 980 984 982 981 984 1000 986 993 988 985 991 986 994 997 999 983 1000 979
10 2 980 7 977 8 983 10 978 15 994 17 993 20 994 24 995 27 985 28 990
10 972 981 974 997 976 981 982 986 987 975 988 980 990 995 991 992 998 981 999 983
10 2 997 3 989 5 994 10 982 14 998 15 984 18 991 21 1000 26 971 29 979
10 971 999 972 972 974 980 976 993 981 988 983 974 985 983 989 996 993 998 995 973
10 3 977 7 987 8 983 14 984 16 986 18 971 26 980 27 988 28 999 30 987
10 972 998 973 989 978 983 981 986 982 987 991 977 994 979 995 983 996 995 997 991
10 2 973 3 993 12 985 13 995 15 997 16 971 18 995 20 981 23 994 28 988
10 972 981 973 984 976 995 977 1000 980 988 983 1000 985 995 992 989 994 982 995 982
10 1 980 4 996 9 981 13 999 18 971 21 987 22 1000 24 972 25 975 27 972
10 971 986 973 991 976 995 980 996 989 985 991 977 993 992 997 998 998 972 1000 984
10 2 980 12 979 14 993 15 1000 17 993 18 974 19 986 22 994 23 976 26 986
10 975 994 978 977 979 973 980 981 984 990 986 985 988 982 989 973 990 992 991 981
10 6 1000 10 982 11 975 15 976 18 975 23 972 24 991 28 986 29 974 30 971
10 976 986 979 971 980 980 984 972 986 986 987 976 990 973 991 993 993 980 998 979
10 5 991 6 988 8 1000 10 991 17 998 20 982 21 986 23 977 25 995 26 998
10 973 984 974 1000 976 995 981 977 984 978 985 981 988 986 989 997 990 973 993 979
10 1 976 3 972 7 983 10 988 14 973 22 974 23 973 24 997 29 973 30 975
10 971 982 973 993 974 990 975 993 976 978 978 993 979 982 981 988 983 991 996 1000
10 1 977 9 1000 10 999 12 990 15 975 16 987 17 986 18 1000 19 988 26 972
10 971 995 974 987 979 976 985 987 987 999 991 971 992 997 995 981 997 999 1000 984
10 5 998 8 979 11 998 12 994 16 991 19 983 21 978 22 976 25 995 28 979
10 971 978 981 985 983 980 984 998 989 994 990 981 991 983 998 997 999 995 1000 984
10 7 981 9 972 16 986 20 984 21 984 23 971 25 981 26 989 27 996 30 993
10 972 994 975 993 986 984 989 992 990 980 992 977 994 981 996 982 997 999 998 984
10 4 976 13 998 14 999 16 973 20 975 22 974 23 992 24 987 25 983 26 981
10 972 999 973 986 974 991 978 999 980 979 982 976 984 1000 989 996 994 992 997 988
10 4 971 9 989 14 989 16 997 18 981 20 978 21 979 22 991 24 997 27 1000
10 981 981 983 980 984 991 985 974 986 982 988 994 992 987 998 971 999 980 1000 987
10 3 988 4 995 13 973 15 972 17 988 18 986 23 999 24 977 27 984 28 1000
10 973 972 982 973 984 996 985 979 988 979 989 989 993 993 994 978 995 982 1000 981
10 2 977 5 994 15 974 16 987 19 980 20 992 21 971 22 999 28 981 29 990
10 973 972 976 977 978 993 982 976 983 975 986 997 987 976 988 984 996 979 997 995
10 1 971 2 979 3 972 10 986 15 987 16 977 18 984 21 990 22 989 28 972
10 971 994 974 998 979 982 980 1000 982 996 986 998 988 987 994 988 996 974 1000 996
10 5 991 6 991 7 989 11 974 12 980 14 996 20 975 24 985 26 995 27 989
10 975 990 978 994 981 982 984 989 988 998 989 976 991 979 995 974 996 984 997 989
10 3 992 4 995 8 972 10 983 11 1000 12 1000 20 976 23 997 25 992 28 971
10 971 980 972 986 973 973 978 972 982 971 983 979 991 999 993 983 997 983 998 990
10 2 982 4 991 6 987 8 984 12 993 15 973 21 973 27 971 28 994 29 980
10 972 986 974 979 975 982 978 993 982 989 983 975 985 989 989 975 992 997 994 977
10 2 982 3 986 4 986 8 984 13 1000 14 989 16 990 21 975 23 971 27 977
10 976 991 978 990 981 976 985 991 987 990 988 981 989 974 993 998 998 977 1000 991
10 2 982 4 980 6 993 12 985 21 992 22 979 24 1000 25 986 27 991 30 996
10 973 975 974 988 987 974 991 987 992 980 993 983 994 983 997 975 999 971 1000 975
10 3 995 7 977 12 971 13 975 14 981 17 977 18 995 19 995 23 988 30 991
10 972 989 974 989 978 998 984 975 985 987 986 985 991 988 993 981 994 982 999 996
10 2 993 4 981 5 986 7 989 9 984 10 976 20 995 21 980 24 1000 26 981
10 971 999 975 978 976 999 978 995 986 973 988 986 991 971 994 999 995 980 997 989
10 1 973 6 984 8 985 9 984 12 984 16 974 20 975 22 997 23 971 25 981
10 975 996 976 998 978 986 983 997 984 978 986 982 989 983 991 991 994 998 1000 979
10 2 993 5 981 10 974 14 978 15 983 17 977 18 999 25 992 27 978 28 975
10 971 988 975 982 979 991 982 992 985 985 988 981 993 987 995 978 997 1000 999 973
10 3 980 6 995 7 971 9 979 14 985 15 986 18 988 19 971 22 984 25 985
10 972 988 975 972 976 991 982 994 984 998 985 972 992 1000 996 990 997 998 1000 990
10 2 992 4 984 7 972 8 990 11 984 18 973 21 980 22 986 27 976 29 984
10 974 971 978 986 979 984 985 990 987 996 990 984 992 989 993 995 995 971 996 990
10 3 980 9 986 10 976 18 978 19 998 22 994 25 972 27 980 28 998 30 982
10 972 988 978 997 983 998 984 996 985 988 986 980 987 994 988 991 990 971 993 996
10 3 980 4 992 8 989 9 999 11 996 13 999 21 977 22 990 23 987 27 973
10 972 993 973 992 974 987 975 993 981 990 983 972 988 999 989 991 994 975 998 982
10 3 985 6 994 8 971 10 987 13 975 15 995 17 983 20 973 22 993 26 999
10 973 998 975 997 982 990 983 980 985 986 986 978 990 991 993 998 995 981 996 978
10 8 985 9 993 11 982 13 996 14 990 15 978 17 986 23 972 25 981 27 999
10 978 984 979 983 985 990 986 999 988 1000 989 971 990 998 996 983 999 982 1000 997
10 2 984 6 971 7 987 11 991 18 971 20 985 21 998 26 982 27 990 28 987
10 972 976 982 980 984 971 988 993 991 990 992 984 993 979 997 984 998 984 1000 987
10 4 992 5 993 6 990 7 996 8 988 18 986 19 998 24 991 25 995 29 1000
10 972 987 973 1000 974 979 977 999 980 982 984 972 990 991 991 983 996 1000 999 981
10 3 980 7 980 8 981 17 999 19 981 20 986 26 994 27 982 28 992 29 995
10 971 971 975 977 976 975 990 986 992 978 994 971 996 973 997 981 998 983 1000 993
10 4 996 13 987 14 976 16 1000 19 996 20 992 23 981 24 976 26 995 30 977
10 975 996 977 978 978 996 980 973 982 990 985 989 990 989 991 988 993 1000 995 990
10 2 988 6 976 8 979 11 990 22 999 25 990 26 979 27 992 29 974 30 1000
10 972 990 981 989 985 977 989 988 992 975 993 994 994 973 995 978 996 985 1000 997
10 3 986 7 989 10 993 11 982 12 977 13 971 17 982 19 977 20 972 26 997
10 971 995 977 991 980 995 982 984 983 993 986 1000 988 990 993 987 995 990 997 975
10 1 975 4 998 5 990 6 976 13 989 14 999 15 971 16 979 17 992 27 988
10 971 1000 972 1000 973 998 975 981 980 975 983 993 988 980 992 981 997 981 1000 978
10 6 992 11 971 12 991 16 983 20 1000 25 986 26 989 27 981 28 975 29 979
10 973 983 982 1000 984 976 985 983 987 979 988 986 989 988 993 994 994 989 997 987
10 2 983 10 998 12 976 13 996 14 992 15 979 17 998 18 993 19 980 21 984
10 971 998 977 989 978 995 982 997 986 987 988 995 993 981 994 990 996 988 997 974
10 1 990 7 975 12 976 14 973 15 971 17 983 22 978 27 981 28 988 30 971
10 971 1000 973 972 976 985 978 978 987 971 988 972 989 985 990 980 993 998 997 975
10 2 997 10 986 15 972 17 976 18 971 22 987 23 983 24 991 27 997 30 981
10 971 984 972 994 973 997 974 979 980 994 982 988 985 992 989 988 993 979 1000 983
10 2 985 4 975 5 978 6 992 8 973 9 979 12 996 13 987 24 994 30 994
10 973 993 974 995 976 984 977 988 986 975 988 974 995 983 996 982 997 990 999 996
10 1 998 3 991 4 971 6 994 7 981 13 994 17 987 28 994 29 980 30 993
10 973 974 975 991 978 996 980 972 984 976 988 972 991 980 998 999 999 986 1000 999
10 3 978 6 999 7 976 8 998 11 1000 14 988 20 981 22 975 25 973 26 986
10 973 989 975 988 981 1000 982 1000 984 973 987 973 988 994 989 994 998 981 1000 972
10 8 997 9 990 16 979 17 973 18 977 19 993 20 989 23 987 29 986 30 981
10 971 973 972 985 974 987 976 977 978 983 980 991 989 978 992 983 998 980 1000 985
10 3 998 5 975 14 973 17 980 19 991 23 983 24 975 25 985 27 989 28 996
10 973 978 977 996 981 984 984 980 985 993 988 973 992 983 993 990 996 994 999 990
10 3 991 7 983 11 975 12 997 17 990 24 978 25 980 26 996 28 977 29 988
10 971 996 972 983 981 997 984 997 985 974 986 976 990 999 994 973 995 986 999 973
10 3 973 5 976 10 977 15 977 16 986 17 992 19 984 21 990 23 980 25 977
10 973 972 975 977 976 980 977 989 983 978 984 974 986 980 992 985 993 985 1000 994
10 2 996 6 972 11 972 17 977 18 979 21 975 22 985 25 993 29 988 30 986
10 974 988 975 974 978 979 982 973 984 994 988 985 989 984 991 994 996 976 997 993
10 1 971 6 981 8 999 9 990 11 990 12 999 16 978 18 978 24 990 30 980
10 971 985 972 996 979 984 981 987 985 988 986 987 989 990 992 986 998 988 1000 1000
10 4 971 6 995 9 997 10 988 11 999 12 981 13 990 14 979 16 978 28 1000
10 971 984 972 998 973 998 974 993 977 995 994 996 995 976 996 988 998 983 999 984
10 2 989 3 986 6 983 7 983 12 999 15 979 17 997 21 999 25 997 29 992
10 972 995 975 972 979 981 980 980 982 999 983 984 985 972 991 992 998 987 1000 984
10 1 971 6 999 7 972 13 999 14 991 16 985 17 980 18 989 23 994 26 987
10 975 988 978 971 981 986 982 989 987 986 990 989 992 976 993 975 994 987 997 979
10 2 981 3 990 4 979 12 987 18 989 22 972 24 974 26 999 27 982 30 990
10 972 984 976 979 982 995 985 994 986 993 988 973 989 971 990 971 991 993 998 990
10 2 985 6 984 10 971 12 996 15 983 18 976 21 998 22 971 24 995 28 997
10 971 977 972 981 973 976 977 973 979 982 980 982 984 981 987 989 988 1000 998 999
10 6 972 9 993 10 992 15 986 17 995 18 992 20 994 21 991 23 993 28 987
10 977 983 978 972 981 977 985 997 986 971 991 999 993 991 995 987 999 998 1000 977
10 7 979 8 999 10 995 12 987 20 971 22 974 23 989 26 981 27 979 29 975
10 973 981 976 997 977 974 981 993 984 996 989 998 994 986 997 996 998 989 999 1000
10 6 980 7 977 15 972 18 975 19 977 21 984 24 982 26 983 29 971 30 999
10 973 990 979 987 981 978 982 984 986 971 988 999 992 977 998 992 999 972 1000 983
10 6 995 7 979 10 983 11 987 14 984 20 996 23 994 27 979 28 989 29 973
10 971 978 974 989 976 992 980 977 983 976 987 995 989 981 993 971 996 977 1000 980
10 6 987 8 993 14 973 16 977 17 975 18 981 22 973 23 975 25 978 30 979
10 971 985 974 972 980 989 981 979 983 979 987 985 988 977 989 980 992 990 997 987
10 1 997 10 988 12 973 13 994 14 974 16 979 19 985 20 988 25 981 26 979
10 972 984 977 986 979 987 984 975 986 972 987 994 991 992 992 983 995 971 998 973
100 40
10 125 132 131 600 233 617 302 867 421 786 445 455 640 490 708 376 860 267 956 448
9 18 798 40 963 93 996 231 661 409 358 447 486 568 801 706 806 804 28
10 56 96 318 554 500 334 599 794 613 147 643 765 702 187 806 275 914 324 970 19
10 226 994 230 966 323 709 367 437 581 684 764 905 859 918 887 653 912 238 914 599
9 69 788 174 842 175 657 197 326 233 263 343 406 606 232 640 701 847 502
10 20 536 163 100 222 335 253 440 437 919 448 991 477 134 553 356 814 504 882 199
10 18 942 272 989 290 641 312 804 431 511 517 25 774 640 864 600 924 593 993 352
10 161 678 179 59 219 827 298 764 468 545 507 951 522 345 604 661 656 738 979 851
10 84 697 315 279 377 569 487 717 537 228 554 786 622 8 712 720 816 8 898 958
10 58 841 93 659 281 976 337 267 508 955 527 138 741 639 765 27 876 785 999 942
9 17 408 140 724 149 101 178 389 308 127 394 488 580 824 605 713 813 895
9 114 82 171 454 172 481 295 259 474 362 497 9 608 226 789 92 873 215
10 119 820 292 453 306 721 366 726 376 218 421 271 487 544 549 220 579 563 743 360
10 87 195 309 183 372 103 685 717 798 665 840 818 971 790 973 150 978 806 990 887
10 111 605 265 972 422 117 461 908 634 471 672 210 887 941 938 957 939 462 955 433
7 37 434 73 441 125 921 418 904 900 709 902 136 907 870
5 137 585 230 513 268 279 667 153 708 118
10 148 300 197 336 286 462 319 197 341 619 442 205 489 643 813 455 957 680 976 906
9 193 325 198 859 204 955 331 955 440 765 653 22 713 778 744 216 773 766
10 48 176 210 368 382 342 431 824 446 183 566 657 589 321 677 245 774 500 988 451
7 2 28 174 213 453 750 601 456 791 768 924 783 973 457
10 39 890 211 332 572 283 618 333 640 398 789 902 849 752 855 855 864 172 908 629
10 11 840 192 244 229 28 287 683 334 303 359 267 415 547 679 595 867 45 930 276
10 1 166 11 918 48 205 293 242 478 621 492 764 607 849 809 414 906 526 911 364
9 98 627 162 714 196 329 231 149 266 797 575 924 820 335 830 609 840 351
10 65 495 164 703 186 934 262 838 420 932 487 763 497 96 723 133 794 186 844 637
8 328 51 440 647 530 701 640 90 668 245 744 216 802 240 820 385
9 64 640 242 466 297 625 417 158 440 944 523 345 853 970 964 709 1000 208
4 113 450 439 732 507 648 924 440
9 164 657 219 130 377 350 424 927 463 125 495 243 621 310 752 769 818 239
9 226 197 425 795 426 949 456 591 471 790 676 896 703 192 829 71 955 82
10 262 151 374 813 466 418 508 164 541 674 762 840 825 170 832 120 918 867 942 379
9 11 424 111 372 133 21 190 149 199 739 298 161 305 382 476 519 975 965
8 30 212 224 470 273 329 465 948 487 73 763 765 816 520 993 595
9 107 9 160 328 345 305 361 725 450 462 473 231 701 827 749 16 977 340
5 97 184 100 689 150 455 181 504 515 923
9 25 786 180 106 332 595 361 41 463 644 481 984 576 572 683 946 713 850
10 83 53 159 820 173 151 177 536 197 96 241 957 386 365 537 111 677 782 997 607
10 166 700 312 838 335 248 386 332 522 869 538 395 620 285 625 636 803 394 945 563
10 57 832 136 419 183 171 305 385 316 778 443 611 546 263 674 269 762 136 844 927
6 145 696 228 217 244 341 318 281 517 326 730 843
10 47 257 80 55 97 106 275 385 293 960 315 215 562 373 928 446 954 917 956 302
10 2 189 140 242 146 967 225 329 271 506 452 79 525 254 668 490 888 729 993 915
10 12 672 167 445 230 324 248 984 373 681 417 288 669 299 717 962 780 4 990 341
10 181 138 192 722 261 734 270 850 356 14 365 748 410 451 518 15 538 357 841 398
7 533 410 535 661 536 50 632 544 729 298 818 589 895 483
10 246 945 263 299 267 894 284 827 294 1 346 305 385 219 411 890 802 90 921 726
10 55 220 71 738 133 435 191 31 492 50 508 967 615 54 676 764 821 5 964 53
9 155 310 156 126 434 453 475 793 594 762 760 584 786 140 848 988 850 425
9 165 314 262 578 312 176 536 403 542 776 647 53 672 516 841 691 901 294
9 91 98 141 608 232 228 321 530 460 662 496 952 698 188 780 530 879 377
10 196 698 274 380 288 659 305 797 441 212 447 897 491 842 529 125 696 184 731 558
10 65 676 359 167 524 348 613 908 649 652 653 951 712 676 797 901 799 582 979 503
9 11 133 17 140 84 621 143 214 389 222 538 836 565 526 697 118 715 992
8 65 304 188 1 287 202 314 186 444 237 689 448 854 450 876 829
10 82 41 147 140 178 293 297 745 465 987 525 402 783 675 877 821 933 972 942 99
9 30 695 125 884 203 443 269 888 446 537 528 101 833 580 913 381 915 487
10 76 636 146 796 299 881 414 3 549 574 860 656 865 147 896 447 900 26 959 956
10 54 884 81 706 221 996 311 101 367 604 410 260 428 519 550 564 829 140 842 696
10 121 611 206 216 221 644 254 38 378 489 515 445 575 958 579 826 687 589 698 239
8 106 761 245 361 281 339 345 855 579 278 689 538 692 196 799 483
10 10 499 79 43 268 341 408 752 495 150 536 320 568 487 669 155 684 897 749 626
10 155 257 226 334 274 228 288 477 416 891 444 145 540 692 746 690 836 727 982 564
10 168 957 443 379 464 468 524 967 631 939 748 736 767 616 864 457 900 154 936 785
10 14 275 121 867 291 452 398 4 421 775 623 964 697 55 723 418 729 825 825 922
10 13 441 363 845 426 101 543 350 594 33 633 98 736 320 763 638 956 445 965 178
7 46 576 100 533 117 471 505 557 527 735 661 480 896 47
8 1 717 10 8 52 754 521 371 545 428 570 960 854 864 880 662
6 122 679 249 86 330 207 385 865 718 29 955 279
7 138 319 377 637 425 858 550 700 698 995 769 290 878 206
10 102 184 112 734 171 231 259 166 436 892 624 578 650 633 700 932 841 213 979 595
10 135 589 300 69 401 755 455 282 468 867 557 76 648 497 908 92 912 231 960 730
10 9 591 260 133 371 189 407 965 448 668 601 808 616 696 689 362 956 967 972 16
7 335 691 423 901 435 688 436 617 458 435 473 813 865 96
7 175 448 203 634 467 153 491 710 633 978 833 205 892 703
10 109 214 185 272 325 73 413 795 486 626 562 703 655 371 671 309 726 890 987 408
9 54 876 246 448 352 691 512 789 585 594 603 505 775 114 794 773 939 701
10 4 884 85 48 247 707 365 385 437 871 733 698 766 548 884 192 944 217 974 255
9 58 241 68 326 123 414 153 643 232 10 279 781 457 927 593 772 962 255
10 34 621 140 777 398 94 478 507 517 4 524 255 735 980 760 925 946 478 996 373
10 96 969 237 149 289 874 322 36 392 338 494 983 507 843 548 915 751 174 774 353
8 15 427 106 3 166 192 208 737 418 884 755 256 777 398 833 756
7 132 37 169 890 352 855 357 188 359 786 444 295 505 485
9 78 446 275 537 295 18 341 423 379 359 599 836 775 780 783 707 949 815
10 37 204 63 920 104 598 150 32 496 378 800 985 807 835 916 122 955 911 960 411
9 115 876 117 725 291 917 316 255 553 787 688 695 832 797 893 178 995 645
9 249 833 260 302 280 612 283 394 370 625 401 398 433 7 509 364 720 666
9 49 481 148 100 173 918 266 136 335 875 590 660 691 579 772 380 962 108
9 50 413 207 293 227 269 355 12 501 333 634 640 663 465 707 192 891 558
9 38 653 77 417 85 462 258 717 305 660 351 902 459 624 632 547 871 635
9 7 158 150 560 194 142 265 234 332 156 460 77 694 693 858 39 889 525
9 219 427 284 528 333 741 374 195 488 171 638 425 690 627 755 238 757 214
9 129 470 236 945 330 88 364 739 371 372 781 324 840 999 857 405 920 425
10 231 367 437 961 515 140 542 825 586 732 698 828 820 591 837 123 846 133 847 979
10 36 56 77 273 88 443 92 431 293 394 329 786 371 471 461 707 563 667 902 537
10 30 417 59 654 88 936 89 582 182 185 387 949 440 582 442 829 948 837 997 662
7 20 386 27 686 510 800 512 92 644 303 701 228 967 955
9 80 91 191 699 193 54 262 198 390 77 526 612 569 871 760 242 890 15
10 109 97 125 553 163 325 430 719 586 424 766 160 778 108 800 188 819 587 954 72
7 233 418 299 178 628 757 658 255 732 774 861 308 877 608
150 60
9 251 745 289 38 380 298 398 665 456 133 459 465 699 635 704 890 881 756
10 272 190 329 528 401 846 411 363 581 35 783 867 859 240 940 637 959 956 976 668
9 75 474 253 509 307 888 524 180 560 969 579 351 728 545 731 512 762 855
9 226 558 233 892 374 409 608 810 690 88 739 978 851 82 959 485 989 260
10 17 756 43 784 183 213 202 719 260 525 280 353 294 550 534 470 734 881 796 814
9 44 774 205 595 398 764 453 533 496 137 545 889 684 568 706 592 716 900
10 32 54 94 667 138 162 223 21 360 266 435 212 485 987 535 707 702 799 997 524
7 105 751 188 76 312 550 567 406 721 1 803 878 843 801
9 154 881 178 562 216 723 248 94 249 176 443 166 468 324 832 961 863 857
9 39 124 79 752 297 1 363 424 525 988 576 667 609 250 824 196 989 151
6 46 391 437 24 480 666 554 763 630 864 789 672
8 144 795 218 203 292 783 462 900 472 564 688 572 723 502 882 122
9 10 234 35 992 39 418 93 898 277 16 582 826 781 300 813 477 985 574
7 113 468 208 742 272 961 484 759 504 892 524 60 592 556
10 106 778 161 365 171 530 185 909 459 265 473 384 528 130 534 261 589 876 846 24
10 33 151 59 160 93 546 313 549 460 419 492 688 856 529 869 316 927 351 986 862
10 188 382 227 808 229 795 385 410 464 575 524 635 538 873 605 619 635 539 981 706
9 47 546 81 528 222 684 397 385 467 940 594 254 758 952 907 431 924 249
10 220 222 301 327 310 997 340 616 348 447 400 836 590 817 655 276 700 981 811 302
10 357 82 463 749 663 282 664 434 722 458 759 800 812 477 845 228 935 236 938 950
6 109 311 114 218 323 361 486 708 818 798 841 370
6 159 963 195 645 285 710 775 600 800 566 890 308
10 6 900 12 643 54 662 81 892 128 426 227 871 294 735 407 571 656 785 766 900
5 171 100 477 359 537 645 900 684 971 645
9 98 191 165 502 248 541 264 155 400 201 617 960 624 777 884 912 994 995
9 137 44 163 573 409 997 419 367 498 958 534 915 774 899 858 741 893 59
4 60 566 114 982 173 808 351 859
8 106 779 182 173 208 44 325 898 349 718 591 697 851 651 946 581
7 20 468 429 499 481 433 718 719 805 931 876 541 894 773
4 205 906 400 646 486 543 845 722
8 108 247 435 7 450 818 486 63 556 513 685 680 736 6 951 928
8 58 381 142 656 278 894 285 531 481 911 676 980 703 966 749 453
10 137 219 188 655 222 576 266 985 374 213 484 191 492 134 676 986 831 135 834 349
6 27 408 78 555 257 762 613 7 777 892 798 71
7 12 86 128 328 160 769 271 518 362 973 396 442 929 568
7 241 804 300 239 411 710 458 475 675 714 853 413 910 721
10 123 815 145 270 272 133 305 563 306 686 345 123 486 736 512 89 532 516 969 789
10 31 788 68 505 192 963 197 336 409 11 617 68 651 492 936 978 948 969 992 394
7 193 169 230 584 276 211 281 136 323 405 658 619 702 506
10 95 827 120 722 337 690 443 739 601 861 741 421 819 157 912 394 929 420 950 953
5 230 301 249 456 255 869 374 5 467 936
10 155 849 167 234 276 53 314 172 536 992 569 291 671 130 704 793 832 364 915 534
5 303 204 374 784 378 344 738 959 950 768
9 216 309 240 129 273 993 562 232 719 194 741 31 742 357 912 504 961 762
6 126 861 613 749 742 508 752 510 791 730 962 932
6 303 973 486 36 524 373 541 279 896 493 982 649
9 28 921 58 540 465 996 596 735 616 915 675 149 720 497 725 525 855 195
10 13 162 148 899 174 924 176 527 329 404 354 216 442 343 491 463 788 122 837 820
10 23 37 90 410 255 723 289 758 419 474 599 914 667 5 791 410 818 984 836 441
9 23 537 63 94 242 943 363 98 460 943 616 915 777 308 794 403 889 884
10 166 266 291 883 365 521 389 887 471 593 514 587 540 170 579 222 729 248 748 308
9 18 968 180 917 276 925 286 461 305 315 387 571 567 653 843 80 885 509
8 15 520 149 429 313 681 504 476 587 79 773 688 804 19 828 49
7 28 915 294 75 334 253 389 889 489 505 742 824 900 527
9 1 422 100 561 186 547 390 754 401 686 613 306 686 414 813 962 910 518
8 70 747 214 800 276 819 303 903 314 401 358 194 546 55 740 353
9 175 534 223 198 285 145 363 843 551 760 567 914 590 469 599 758 869 112
7 97 220 154 791 167 556 290 358 731 569 762 779 998 675
9 23 557 46 65 61 897 301 345 511 77 577 745 692 834 718 697 875 952
10 151 789 245 326 247 201 332 767 620 870 691 90 835 841 853 9 969 562 989 341
10 46 379 70 595 113 4 144 568 234 230 396 674 410 958 700 562 896 177 914 519
9 146 999 173 909 245 415 246 213 334 303 609 722 633 858 772 163 958 686
9 239 451 388 623 455 809 481 945 713 975 785 868 848 117 936 767 948 685
8 117 723 219 940 379 424 384 559 470 956 488 251 843 691 861 753
7 46 874 250 981 282 317 584 463 650 139 745 808 816 49
10 36 807 144 597 530 5 585 122 715 846 727 365 866 627 912 963 933 871 977 598
9 184 443 205 468 211 236 267 793 387 961 612 824 639 415 694 30 742 157
8 69 747 432 220 564 206 600 496 618 172 732 888 742 25 968 703
8 17 984 19 703 354 499 361 172 495 117 506 530 582 573 685 434
8 12 160 273 796 303 483 315 617 426 43 605 775 609 239 700 646
9 14 992 185 800 187 561 209 161 425 669 448 1000 655 187 686 502 838 752
8 70 453 297 642 314 36 499 939 608 606 622 490 694 980 993 667
6 236 131 275 247 291 343 491 51 877 324 952 698
6 456 482 458 488 539 401 865 230 922 745 966 986
9 3 477 64 255 74 116 129 687 431 77 520 226 596 747 600 68 850 444
9 52 502 100 996 366 570 502 328 624 745 629 664 722 40 781 938 984 678
9 91 391 190 428 418 280 534 114 586 316 786 832 843 143 911 374 922 824
10 64 479 75 645 92 714 304 937 536 892 651 911 839 771 880 202 902 838 935 140
8 316 597 321 74 322 245 615 670 620 148 662 252 729 650 846 731
8 20 430 118 887 496 372 547 139 686 719 712 507 952 427 994 490
10 117 749 128 60 234 194 571 635 612 836 712 574 738 604 759 179 769 365 992 209
9 34 878 71 188 192 324 235 186 275 176 353 814 644 995 815 645 866 305
8 85 64 113 644 449 880 451 252 493 88 602 153 606 516 694 301
8 21 102 22 597 155 989 564 458 739 628 776 234 874 455 935 806
10 39 278 75 674 96 401 275 341 374 506 600 38 601 131 622 351 897 529 922 480
9 32 628 102 416 194 493 470 491 673 96 709 279 838 719 865 300 1000 976
10 8 813 147 268 189 171 379 297 425 648 438 878 799 402 925 781 976 911 990 341
9 34 820 547 762 564 980 633 814 719 495 737 157 794 951 854 71 941 316
9 125 619 181 591 186 838 252 18 489 226 497 608 623 243 796 935 823 589
8 79 26 102 252 133 859 270 863 507 703 525 285 590 173 635 215
7 110 334 179 225 520 403 577 551 709 110 848 103 1000 961
10 168 255 238 303 312 135 373 747 693 463 709 234 788 722 895 206 929 558 977 721
9 75 898 191 399 317 30 357 959 671 305 724 465 918 349 950 986 980 924
9 53 218 115 914 253 840 452 300 476 838 509 235 520 834 570 82 897 874
10 5 792 10 883 37 141 277 303 411 284 460 27 579 129 782 795 875 794 985 201
9 54 699 294 401 308 678 656 86 770 471 775 445 786 925 810 189 993 733
9 216 29 277 904 329 49 344 453 384 376 516 577 630 33 716 746 908 32
9 8 946 22 783 376 927 510 512 559 806 616 381 646 787 734 689 865 471
9 15 928 22 316 38 513 267 683 367 972 436 779 801 723 868 984 974 124
8 33 300 224 565 484 971 583 441 663 247 707 337 801 479 947 913
10 10 447 343 484 463 698 484 584 633 324 814 674 821 461 835 836 851 532 886 454
10 81 456 377 678 417 408 435 391 457 341 513 790 518 378 615 674 666 211 760 402
9 173 75 212 758 424 295 565 121 600 776 667 432 860 146 917 970 945 882
4 74 760 270 795 497 932 634 824
7 223 224 255 947 332 301 388 858 515 575 582 161 646 82
5 13 904 57 171 245 212 409 737 681 539
7 64 711 327 267 357 126 426 233 470 995 495 936 879 16
9 77 131 163 910 207 879 261 232 265 853 461 164 759 470 967 270 994 804
7 560 215 576 580 721 18 789 1 915 490 917 887 999 876
8 74 438 84 372 318 679 417 976 753 796 754 469 856 365 939 367
9 84 558 261 867 339 752 459 520 489 426 587 110 654 125 709 927 911 907
9 472 573 644 665 685 300 696 914 716 725 761 865 776 719 889 210 961 929
8 113 192 250 816 433 207 439 791 569 4 601 972 919 795 988 58
8 536 631 571 619 612 115 681 837 884 642 925 359 943 702 998 239
10 30 511 64 913 80 138 231 447 252 113 258 561 398 658 453 549 543 795 736 256
4 105 18 255 182 386 798 663 841
10 107 945 146 432 301 710 566 509 627 996 694 715 730 230 757 824 774 359 992 802
10 214 195 489 172 536 709 552 659 587 828 645 261 696 933 734 607 865 521 999 331
9 97 284 159 969 201 870 226 823 300 858 436 142 566 804 651 305 893 27
9 169 566 307 966 316 443 449 315 452 71 478 409 569 768 692 449 977 904
10 112 134 118 858 204 955 224 544 309 197 432 927 622 660 812 275 853 734 918 948
10 31 731 57 522 113 876 145 629 275 736 296 253 401 726 778 943 853 343 990 178
9 146 544 172 604 445 135 455 638 497 834 549 252 578 216 593 70 761 271
10 44 591 106 141 223 64 303 664 378 877 390 471 483 456 508 491 620 984 954 591
10 116 541 167 530 225 755 400 851 455 383 535 119 756 859 850 15 938 869 987 445
9 8 794 173 368 472 718 530 477 600 806 666 489 944 259 962 18 986 441
10 47 821 89 573 140 821 175 769 425 426 495 356 537 97 539 454 820 490 990 152
9 8 228 10 960 94 608 151 76 278 980 358 12 439 731 673 163 808 981
10 41 849 160 52 443 101 706 468 747 735 752 671 762 233 764 657 842 131 957 92
10 8 627 29 552 377 156 551 108 695 120 738 832 740 186 788 702 902 911 947 682
8 173 27 270 418 329 168 356 109 516 542 606 44 675 839 695 894
10 115 909 136 463 329 151 360 489 443 750 447 662 452 598 557 935 661 308 675 182
10 47 264 227 771 299 451 311 267 510 863 591 890 663 677 679 879 804 844 964 249
8 13 801 79 911 122 279 527 284 601 760 606 605 652 408 802 722
9 50 997 413 519 476 60 522 605 562 527 587 208 699 76 805 260 835 967
8 177 732 232 466 399 601 498 21 589 766 696 34 956 925 977 498
8 143 57 401 731 414 1000 545 481 642 856 664 460 981 262 988 495
10 35 677 142 173 215 103 247 956 368 168 440 839 586 883 652 711 813 623 949 921
10 39 404 198 261 218 292 238 267 246 332 441 282 536 881 899 950 915 728 919 890
8 93 687 259 7 337 173 628 868 689 695 700 633 927 645 970 291
8 99 37 415 976 430 241 616 831 768 434 915 18 918 205 994 753
9 40 924 341 820 510 71 545 117 665 970 667 37 710 312 720 736 964 775
10 96 420 144 224 259 712 277 179 286 818 352 64 381 845 432 172 769 784 838 669
9 74 706 171 249 184 126 206 11 345 626 394 996 460 170 783 313 901 286
8 13 277 286 680 331 680 458 907 478 836 617 841 783 910 971 186
8 158 149 404 490 460 969 476 47 578 759 647 906 656 727 846 157
6 219 966 292 440 352 338 541 233 709 91 721 842
6 211 92 242 310 409 554 447 152 800 194 978 309
8 19 285 40 428 192 154 546 795 551 715 683 511 754 445 987 307
6 442 709 561 984 609 622 661 560 897 570 995 641
100 50
10 168 58 189 367 257 843 384 498 454 858 511 797 520 709 566 793 613 967 688 572
9 124 135 227 358 367 842 384 619 440 13 695 264 822 937 894 730 978 871
10 8 750 61 401 82 672 148 761 702 572 834 312 840 636 866 248 960 824 999 849
8 72 368 98 972 161 16 358 787 415 622 640 627 932 644 938 892
10 55 366 67 908 163 177 261 233 270 215 607 884 673 5 758 532 928 520 944 737
9 170 51 184 50 267 450 370 518 432 905 523 188 550 191 747 466 924 14
9 109 588 191 177 254 505 319 537 349 228 386 511 426 315 513 755 849 669
9 16 481 46 767 211 481 587 858 762 645 870 181 955 117 960 691 965 640
9 130 925 164 939 189 199 299 167 442 680 578 731 790 998 931 87 937 753
9 33 209 93 582 161 590 544 776 634 763 784 799 811 865 900 700 975 795
7 83 247 124 600 293 645 646 323 766 398 800 778 932 156
8 58 919 95 967 388 781 584 848 614 414 804 155 889 989 974 606
9 16 661 70 991 341 221 368 323 529 172 603 450 764 745 785 44 903 130
7 142 189 225 372 244 959 417 644 512 570 710 388 870 852
9 56 937 203 790 446 213 523 448 602 353 755 183 761 640 906 454 979 360
10 63 756 440 533 453 58 504 146 538 785 581 438 650 52 709 136 787 682 847 769
9 17 820 96 151 325 106 342 958 362 256 404 658 456 758 702 640 769 846
9 47 490 58 167 133 214 201 193 209 137 577 85 740 509 776 860 878 965
9 107 85 415 683 437 973 445 203 548 338 574 532 825 948 841 481 852 372
6 150 858 236 622 414 821 434 979 553 882 740 673
6 99 729 254 701 545 132 640 360 940 265 951 93
7 48 283 89 826 436 261 559 882 834 407 921 249 996 207
5 59 880 175 154 227 510 459 125 799 466
10 315 559 405 847 514 458 580 638 808 4 844 466 911 716 923 916 940 26 984 430
9 97 818 148 317 447 162 450 256 459 741 537 24 594 283 618 30 912 793
7 105 72 502 794 738 101 970 69 981 249 996 106 1000 800
8 191 446 222 817 367 220 419 436 464 268 584 532 616 80 971 326
10 63 386 72 180 126 680 614 382 624 486 665 258 776 866 798 56 833 456 923 894
9 16 183 57 2 224 524 276 663 574 761 650 545 663 281 720 824 810 101
10 61 966 279 229 286 77 469 277 522 658 634 264 790 580 806 510 866 974 990 735
6 81 609 570 347 719 562 735 906 920 743 978 802
9 69 6 493 519 681 493 700 135 729 811 731 310 749 869 854 245 889 38
10 11 157 136 197 254 58 388 536 657 193 740 74 889 523 932 441 933 711 976 85
6 34 891 37 754 55 316 809 868 891 975 908 807
10 27 100 74 542 94 965 400 31 593 405 779 452 792 184 936 294 944 4 986 945
10 234 612 329 48 336 612 566 593 612 235 682 789 762 267 868 199 884 522 902 957
10 347 249 414 823 549 882 566 91 608 223 767 156 804 78 926 311 953 408 997 365
10 41 818 96 706 192 278 200 994 207 896 217 485 285 438 393 817 475 502 576 856
7 41 379 89 285 269 748 550 170 615 628 822 969 836 757
8 69 821 210 233 504 258 670 277 671 739 697 386 845 618 983 409
8 43 851 85 136 440 520 483 770 579 121 961 698 970 775 983 28
10 17 796 453 316 499 261 500 838 532 832 670 916 676 665 775 832 883 972 891 930
6 68 363 84 665 550 321 644 972 683 112 885 217
9 86 952 228 605 393 720 431 506 512 92 571 342 808 759 901 586 990 149
10 54 294 79 840 251 361 366 701 411 784 475 823 568 292 810 842 946 603 962 299
10 78 708 139 809 218 547 272 294 649 334 650 820 678 826 943 450 948 806 957 551
10 107 677 119 553 137 865 221 527 222 327 580 808 630 112 824 707 970 857 973 641
10 131 817 138 95 212 216 242 168 331 598 337 344 509 427 756 951 891 757 931 840
10 257 994 258 626 587 871 593 296 623 639 730 341 759 740 770 993 892 294 935 965
5 230 937 354 354 696 966 863 754 913 604
0
9 23 162 118 315 199 422 278 938 385 891 513 225 701 297 716 235 971 220
9 8 628 151 937 159 326 164 8 213 533 244 876 299 140 301 607 898 835
10 10 950 279 85 527 528 598 86 613 827 667 483 734 461 834 854 878 19 882 934
8 1 85 100 577 164 804 399 200 597 586 708 117 930 590 966 808
8 338 459 342 391 698 532 817 312 868 305 890 622 970 114 982 477
9 126 980 243 412 511 119 573 575 718 481 739 882 745 40 863 30 874 309
10 35 452 66 944 100 132 132 387 474 968 511 819 612 34 723 476 959 682 960 52
6 419 687 435 288 594 969 854 144 922 95 938 445
10 204 241 235 275 357 202 645 687 706 503 716 270 748 277 862 453 866 561 996 429
6 59 362 153 351 231 656 243 261 548 362 683 542
8 36 179 37 170 78 779 238 648 509 969 549 270 728 194 842 567
10 246 747 325 349 374 136 548 641 572 161 731 141 864 485 904 554 905 759 957 165
8 174 720 256 309 290 853 685 10 702 289 811 914 845 781 985 384
7 278 908 693 599 785 561 824 640 917 851 933 303 944 138
9 89 861 183 611 199 328 311 257 453 33 584 762 699 248 766 893 787 690
8 67 590 174 184 175 199 372 605 603 452 697 472 859 91 953 134
10 184 790 249 665 435 266 455 430 647 422 648 35 836 56 864 347 927 425 969 78
9 56 657 66 53 203 184 318 328 444 812 587 482 664 837 695 877 988 928
10 164 337 236 433 290 239 414 672 491 650 498 610 503 142 697 990 886 150 990 863
9 41 900 120 556 376 169 459 841 504 295 538 839 623 525 838 255 929 790
10 74 289 197 783 422 699 437 199 544 239 591 456 786 556 878 990 927 820 973 688
7 43 705 173 443 213 687 246 461 647 299 918 414 961 643
8 127 282 171 787 177 479 514 441 586 614 694 256 968 248 972 450
9 7 589 73 775 207 320 227 746 538 524 644 196 852 532 880 446 941 112
9 83 656 132 116 133 563 273 818 344 533 489 348 618 972 691 554 766 610
8 36 688 178 822 306 154 614 270 652 306 788 256 857 350 937 568
8 49 258 73 865 274 363 508 704 779 497 887 502 895 206 980 697
9 27 898 199 990 669 96 725 27 774 205 835 66 936 446 937 804 978 624
10 17 413 272 188 350 991 437 128 539 692 827 366 943 913 953 772 972 54 981 431
7 158 420 212 971 511 618 515 1 757 591 796 653 830 565
8 24 29 53 333 149 269 253 225 280 806 656 905 713 792 927 300
8 176 518 183 800 220 316 434 836 645 148 694 299 764 597 995 136
10 95 998 278 773 391 885 439 625 445 654 654 668 658 446 665 78 690 804 807 435
10 133 162 216 35 383 870 452 728 477 632 553 489 684 848 737 69 777 258 939 684
9 34 106 99 791 274 43 680 712 703 641 745 452 847 864 951 57 997 341
8 117 639 149 983 218 411 356 934 448 635 458 796 466 959 560 194
10 15 466 89 891 115 1000 123 111 142 717 603 725 719 730 759 314 881 385 939 817
7 191 517 467 91 475 821 537 341 601 300 736 452 998 850
9 377 557 412 779 511 529 534 781 552 840 655 239 682 204 696 714 980 666
9 67 253 469 815 597 537 740 894 786 780 846 512 856 441 862 99 882 421
9 16 524 284 292 524 160 620 851 663 434 772 73 855 836 879 937 893 586
8 178 285 625 349 650 50 738 262 773 287 778 842 806 308 981 700
10 69 320 200 442 355 128 383 604 402 855 498 597 566 208 584 968 828 49 935 401
9 120 66 158 723 460 76 481 662 533 699 544 505 846 32 869 127 992 91
5 392 143 397 618 584 138 713 684 827 983
6 47 246 115 46 500 452 613 268 714 530 877 899
10 200 520 370 569 393 252 406 194 500 320 520 907 596 262 605 206 750 457 877 949
9 139 526 195 277 201 611 304 812 434 343 482 529 864 195 985 126 988 294
5 225 51 381 507 592 939 740 809 819 559
150 60
5 157 990 381 599 493 487 705 496 706 246
7 167 952 272 637 360 624 465 863 631 984 665 254 778 35
8 165 466 195 677 207 292 283 792 416 976 608 40 894 689 959 941
4 163 958 408 250 621 435 949 197
9 328 637 347 285 568 23 597 258 644 387 659 447 867 410 876 346 942 88
8 211 361 399 51 457 677 506 225 607 50 695 144 792 219 919 817
7 171 535 220 406 287 204 342 266 888 767 906 429 976 713
10 47 201 294 686 319 642 354 303 355 839 417 608 479 611 592 696 722 261 929 304
5 94 3 325 473 646 251 674 875 675 359
9 217 229 305 480 370 452 375 14 445 289 461 847 659 402 663 160 993 563
10 41 985 279 196 280 660 298 436 370 679 439 689 452 318 555 172 694 709 854 861
4 153 149 655 294 808 527 953 900
4 69 325 393 22 724 240 953 126
3 261 99 466 794 959 325
1 824 847
5 504 260 647 541 758 596 782 923 928 981
4 45 904 120 947 223 638 572 460
4 654 196 680 205 710 185 723 754
4 301 784 470 347 714 205 737 852
9 21 848 70 338 151 699 190 504 323 164 393 233 553 125 664 582 858 128
9 265 505 314 340 348 161 379 384 428 732 584 625 691 818 694 802 736 49
5 31 809 181 533 202 993 377 419 606 942
8 2 262 23 283 260 644 374 588 698 622 703 523 720 130 832 179
9 64 291 264 90 275 149 278 962 382 616 612 56 659 446 910 768 987 853
6 6 423 192 233 239 455 568 688 679 772 914 873
4 406 950 563 672 780 531 826 580
2 129 832 559 960
7 114 674 170 436 241 840 347 865 689 959 801 111 888 989
10 91 68 119 598 274 225 351 497 451 468 650 491 667 486 677 430 884 421 985 284
9 359 757 402 510 534 755 598 240 605 261 646 644 741 246 862 218 963 575
7 53 396 58 989 127 382 410 27 492 63 755 389 814 953
5 118 815 392 3 632 732 821 452 840 195
8 17 346 80 686 302 499 350 830 384 764 616 552 700 606 809 823
4 17 840 439 323 601 84 855 767
8 117 852 122 793 236 567 288 134 397 535 458 460 928 371 988 582
8 106 787 109 876 127 589 282 661 313 588 434 980 901 240 952 740
2 592 591 962 411
6 42 748 291 181 371 952 708 375 803 684 830 818
2 76 710 732 49
7 213 260 261 234 403 741 730 208 770 130 860 849 898 585
8 51 633 289 479 308 321 384 334 437 212 571 260 593 254 779 441
9 125 608 214 500 237 82 344 522 479 934 608 9 697 685 792 98 853 748
3 27 6 514 570 977 218
10 49 931 129 210 303 187 368 235 460 360 498 689 595 758 823 878 845 685 958 927
7 38 774 469 683 544 309 689 834 730 505 845 666 859 865
7 394 888 402 381 503 17 560 714 763 368 805 912 950 803
10 13 195 47 737 69 802 74 400 155 340 195 326 304 406 550 810 568 447 690 664
6 69 602 162 444 470 156 676 607 764 774 929 102
10 37 76 76 346 228 569 315 108 323 403 416 693 453 73 833 709 896 823 908 101
2 301 340 315 597
9 210 524 291 904 380 706 539 731 550 657 707 792 720 511 804 261 912 625
7 145 491 414 112 484 376 522 449 545 648 618 773 733 876
3 156 261 406 974 433 137
8 98 475 253 510 259 375 390 200 870 652 943 761 950 311 997 537
0
10 135 976 155 289 163 858 532 531 581 462 649 687 706 726 734 561 751 901 913 592
5 157 552 389 522 573 542 706 942 870 74
3 80 356 794 884 819 58
6 129 948 145 903 157 6 791 731 873 788 964 743
4 152 575 352 966 526 756 705 821
6 22 258 39 278 261 488 626 806 830 785 990 503
10 55 127 209 963 246 894 305 769 308 971 471 118 525 670 590 637 682 390 944 341
6 124 328 304 661 320 957 336 317 801 675 945 411
5 443 162 689 41 855 660 886 388 974 362
9 12 282 92 484 140 257 223 524 239 935 421 585 730 995 806 35 960 638
9 37 179 120 465 163 562 245 848 251 739 275 403 434 866 633 654 971 239
4 174 343 278 160 518 643 687 695
10 383 652 500 160 606 428 622 473 736 898 812 564 835 644 889 102 976 396 977 30
7 219 485 271 672 344 690 519 248 612 820 911 690 928 542
4 248 652 350 899 721 754 733 335
8 117 162 147 635 174 854 635 152 657 588 712 721 733 560 800 605
8 47 627 414 477 444 341 491 955 677 764 678 361 816 270 982 851
10 25 812 74 27 228 932 324 877 414 965 528 422 563 387 615 794 676 185 751 348
9 61 733 516 962 627 444 740 50 748 824 800 174 946 670 974 668 996 289
8 167 29 256 973 282 764 362 27 498 870 501 795 506 589 975 537
4 139 247 487 1000 658 18 737 101
5 31 351 229 925 619 513 677 426 964 273
2 107 835 319 637
9 57 816 139 968 344 568 496 373 544 50 715 119 736 362 752 897 848 296
8 93 258 94 230 115 697 173 303 185 863 691 284 836 120 958 301
3 140 446 653 794 809 310
5 15 810 97 453 315 599 325 857 377 765
6 253 811 338 818 479 535 523 389 778 38 820 88
2 344 721 551 721
4 51 577 799 487 803 178 987 582
8 71 307 123 888 183 759 392 414 420 619 436 468 869 40 993 528
5 197 783 361 812 547 5 640 269 662 812
7 37 171 186 35 219 754 622 55 654 784 862 647 997 362
5 101 987 275 2 440 830 504 253 967 344
8 37 81 224 300 367 815 401 150 402 35 411 55 653 9 882 78
3 172 16 515 914 880 88
5 36 869 214 854 358 830 513 894 926 169
4 39 775 371 838 755 626 946 517
9 203 163 433 932 454 629 603 34 643 155 860 842 916 216 963 454 965 528
7 8 677 204 760 540 928 701 677 714 354 773 392 888 900
6 117 964 377 627 413 112 516 894 594 499 963 410
10 98 28 154 209 373 391 502 422 534 572 628 311 789 73 901 790 942 486 947 921
7 166 135 493 233 592 466 813 680 826 46 893 916 934 830
7 285 637 487 42 528 356 531 756 594 519 597 506 731 169
6 136 926 350 199 382 766 389 272 461 645 904 521
1 115 232
8 26 862 140 505 237 679 529 308 620 67 663 154 978 664 1000 901
1 554 351
9 20 755 171 399 174 689 390 363 588 390 595 681 671 202 804 887 906 502
10 117 740 124 246 284 673 343 332 439 31 578 794 608 873 700 820 809 133 869 273
7 296 57 327 713 390 843 425 990 672 169 788 669 981 860
7 67 358 252 299 299 404 516 875 913 526 918 491 938 191
3 310 425 453 327 548 953
6 18 64 103 995 210 790 345 189 590 634 974 172
6 126 103 172 40 537 299 619 969 768 749 945 384
8 170 999 214 513 253 475 349 768 394 561 540 437 590 850 769 611
8 152 881 318 123 364 959 525 732 534 319 578 400 592 582 711 348
6 190 176 221 845 360 655 384 19 841 980 907 751
7 144 517 248 772 281 230 296 786 579 76 877 242 880 79
7 253 436 428 511 496 51 516 897 574 156 712 872 749 540
7 42 777 156 298 201 471 501 948 693 479 743 88 906 127
8 11 868 20 173 180 689 245 860 538 770 672 927 725 342 898 526
7 175 729 341 574 358 574 534 44 630 671 678 76 693 50
10 35 429 112 80 184 387 248 489 309 165 577 796 773 986 837 945 864 505 924 10
5 358 443 705 143 730 491 901 557 985 995
8 155 121 167 76 202 129 250 270 435 939 539 287 617 921 790 540
3 131 566 146 933 524 51
10 10 59 35 792 157 550 177 287 280 632 292 546 312 503 358 680 651 75 765 339
5 69 458 117 234 211 136 802 115 937 187
10 40 330 387 278 465 241 649 861 690 54 804 765 867 548 868 408 894 536 917 755
8 47 605 211 622 532 687 671 730 753 363 970 776 988 229 991 431
9 2 711 131 136 194 811 278 778 743 962 844 446 892 324 906 143 994 944
5 86 384 164 323 203 890 228 232 384 791
6 68 3 378 834 382 995 551 347 702 523 864 173
2 422 964 442 538
7 81 554 101 266 299 548 518 361 800 523 907 816 925 141
4 196 121 490 970 513 529 949 792
7 271 191 398 340 410 453 477 331 860 615 904 703 970 104
8 302 245 414 581 468 91 600 657 783 102 786 158 829 83 886 941
10 19 115 33 359 126 259 162 108 436 234 512 192 563 986 829 453 971 490 983 68
5 61 329 202 194 342 950 393 975 565 373
6 210 614 347 539 380 961 441 433 571 116 878 260
9 59 345 126 54 353 769 447 559 573 740 607 658 694 365 751 827 898 389
7 94 404 178 803 198 506 449 807 487 999 496 687 514 850
9 256 17 281 156 291 217 324 47 502 905 532 703 539 442 679 39 968 467
8 175 333 192 162 248 893 379 15 540 408 555 425 599 406 931 77
9 144 103 208 250 235 830 282 634 591 466 800 344 817 802 823 752 856 71
2 606 518 736 622
6 254 37 355 694 442 846 535 596 538 29 803 100
10 1 527 193 163 200 565 333 517 529 825 575 960 636 716 762 414 903 268 997 119
4 210 138 346 1000 351 295 748 387
8 113 94 133 155 261 262 468 945 644 59 708 89 792 60 989 765
10 33 868 139 748 242 661 268 113 269 255 430 203 540 487 632 878 822 546 973 231
2 133 929 359 484
6 83 763 98 776 234 358 479 164 639 311 759 78
150 75
0
10 5 460 105 313 205 289 305 936 405 706 505 69 605 393 705 942 805 650 905 274
10 9 269 109 330 209 870 309 848 409 535 509 922 609 770 709 516 809 735 909 112
10 13 764 113 672 213 167 313 525 413 119 513 163 613 753 713 953 813 454 913 493
10 17 563 117 913 217 806 317 203 417 849 517 863 617 624 717 593 817 157 917 273
10 21 866 121 777 221 602 321 87 421 624 521 488 621 8 721 746 821 356 921 742
10 25 857 125 119 225 765 325 23 425 996 525 883 625 537 725 100 825 188 925 990
10 29 945 129 750 229 254 329 102 429 305 529 454 629 964 729 928 829 46 929 120
10 33 552 133 263 233 896 333 505 433 349 533 872 633 344 733 357 833 617 933 699
10 37 450 137 473 237 170 337 215 437 847 537 517 637 97 737 383 837 968 937 284
10 41 724 141 912 241 386 341 977 441 13 541 42 641 431 741 977 841 969 941 476
10 45 96 145 872 245 739 345 344 445 376 545 439 645 215 745 719 845 795 945 831
10 49 770 149 245 249 655 349 291 449 811 549 853 649 807 749 907 849 235 949 774
10 53 543 153 310 253 686 353 280 453 286 553 50 653 321 753 68 853 26 953 641
10 57 896 157 474 257 512 357 986 457 817 557 887 657 424 757 31 857 957 957 571
10 61 213 161 726 261 167 361 867 461 16 561 977 661 719 761 174 861 883 961 305
10 65 948 165 777 265 966 365 985 465 56 565 251 665 34 765 376 865 671 965 412
10 69 16 169 566 269 885 369 527 469 551 569 53 669 765 769 326 869 83 969 722
10 73 896 173 647 273 447 373 62 473 513 573 815 673 38 773 583 873 988 973 273
10 77 239 177 935 277 49 377 204 477 271 577 457 677 806 777 305 877 832 977 476
10 81 716 181 200 281 393 381 952 481 78 581 295 681 4 781 843 881 621 981 438
10 85 916 185 516 285 84 385 714 485 930 585 948 685 528 785 967 885 530 985 516
10 89 591 189 120 289 802 389 640 489 323 589 73 689 448 789 128 889 729 989 279
10 93 956 193 796 293 830 393 348 493 747 593 908 693 643 793 102 893 102 993 263
10 97 539 197 369 297 130 397 974 497 82 597 59 697 921 797 610 897 378 997 802
10 1 477 101 968 201 921 301 630 401 959 501 243 601 702 701 406 801 722 901 782
10 5 37 105 677 205 929 305 866 405 377 505 675 605 125 705 371 805 128 905 578
10 9 985 109 18 209 946 309 114 409 991 509 28 609 525 709 263 809 989 909 902
10 13 64 113 817 213 221 313 984 413 446 513 180 613 578 713 500 813 937 913 300
10 17 281 117 973 217 328 317 210 417 191 517 56 617 236 717 667 817 426 917 716
10 21 245 121 762 221 733 321 542 421 228 521 724 621 921 721 752 821 986 921 261
10 25 5 125 402 225 77 325 577 425 385 525 523 625 756 725 963 825 22 925 45
10 29 614 129 302 229 17 329 941 429 863 529 559 629 349 729 451 829 226 929 774
10 33 166 133 822 233 536 333 898 433 715 533 763 633 973 733 636 833 866 933 311
10 37 896 137 222 237 712 337 973 437 798 537 448 637 847 737 554 837 410 937 868
10 41 950 141 375 241 521 341 318 441 316 541 736 641 877 741 16 841 186 941 454
10 45 789 145 351 245 627 345 676 445 248 545 341 645 790 745 573 845 328 945 655
10 49 883 149 224 249 876 349 594 449 548 549 26 649 41 749 394 849 931 949 803
10 53 613 153 880 253 177 353 133 453 197 553 844 653 868 753 73 853 859 953 405
10 57 878 157 1000 257 755 357 504 457 27 557 355 657 845 757 817 857 927 957 524
10 61 823 161 809 261 747 361 51 461 754 561 646 661 76 761 146 861 391 961 6
10 65 300 165 3 265 885 365 829 465 488 565 433 665 24 765 707 865 506 965 883
10 69 112 169 383 269 234 369 218 469 239 569 612 669 572 769 83 869 428 969 498
10 73 606 173 603 273 658 373 705 473 5 573 763 673 702 773 432 873 909 973 93
10 77 789 177 560 277 447 377 25 477 388 577 286 677 457 777 412 877 993 977 962
10 81 646 181 456 281 697 381 879 481 673 581 935 681 842 781 245 881 369 981 270
10 85 94 185 326 285 224 385 752 485 382 585 228 685 866 785 84 885 11 985 774
10 89 528 189 799 289 686 389 326 489 823 589 73 689 612 789 279 889 836 989 956
10 93 593 193 481 293 411 393 641 493 711 593 435 693 575 793 553 893 31 993 295
10 97 174 197 125 297 620 397 397 497 228 597 354 697 976 797 445 897 789 997 338
10 1 571 101 316 201 136 301 256 401 993 501 310 601 328 701 604 801 588 901 516
10 5 559 105 532 205 996 305 321 405 172 505 707 605 108 705 98 805 611 905 138
10 9 392 109 784 209 614 309 364 409 532 509 193 609 69 709 859 809 638 909 857
10 13 196 113 208 213 524 313 331 413 815 513 516 613 640 713 494 813 120 913 579
10 17 9 117 30 217 463 317 5 417 703 517 986 617 63 717 810 817 84 917 673
10 21 299 121 827 221 456 321 265 421 542 521 339 621 809 721 610 821 197 921 798
10 25 818 125 392 225 5 325 341 425 74 525 171 625 857 725 65 825 665 925 976
10 29 995 129 673 229 357 329 457 429 677 529 59 629 795 729 91 829 220 929 878
10 33 763 133 871 233 56 333 570 433 487 533 950 633 908 733 295 833 911 933 456
10 37 93 137 729 237 847 337 449 437 69 537 272 637 620 737 925 837 336 937 284
10 41 252 141 331 241 308 341 609 441 139 541 337 641 19 741 933 841 427 941 591
10 45 162 145 542 245 461 345 218 445 111 545 947 645 519 745 371 845 593 945 429
10 49 178 149 685 249 157 349 25 449 486 549 226 649 296 749 105 849 502 949 984
10 53 740 153 106 253 314 353 47 453 714 553 452 653 383 753 84 853 385 953 810
10 57 674 157 898 257 351 357 486 457 115 557 813 657 784 757 633 857 535 957 729
10 61 414 161 713 261 413 361 570 461 89 561 898 661 147 761 736 861 354 961 1
10 65 719 165 93 265 106 365 32 465 140 565 171 665 836 765 874 865 254 965 572
10 69 35 169 280 269 469 369 385 469 117 569 936 669 550 769 253 869 568 969 436
10 73 981 173 333 273 148 373 745 473 903 573 236 673 643 773 401 873 972 973 348
10 77 401 177 42 277 441 377 506 477 74 577 932 677 676 777 261 877 157 977 282
10 81 832 181 192 281 913 381 652 481 928 581 29 681 587 781 477 881 281 981 507
10 85 913 185 613 285 839 385 412 485 358 585 93 685 1000 785 1000 885 494 985 323
10 89 699 189 894 289 364 389 139 489 752 589 789 689 422 789 779 889 49 989 579
10 93 60 193 232 293 770 393 972 493 884 593 697 693 353 793 822 893 526 993 633
10 97 328 197 790 297 246 397 519 497 201 597 955 697 611 797 200 897 954 997 104
10 1 522 101 652 201 350 301 886 401 143 501 101 601 674 701 564 801 879 901 75
10 5 494 105 291 205 658 305 263 405 262 505 541 605 312 705 966 805 715 905 837
10 9 951 109 42 209 626 309 548 409 912 509 826 609 502 709 523 809 378 909 455
10 13 978 113 899 213 458 313 327 413 136 513 952 613 427 713 162 813 868 913 658
10 17 236 117 361 217 948 317 893 417 976 517 561 617 786 717 287 817 879 917 500
10 21 475 121 829 221 893 321 100 421 376 521 805 621 277 721 877 821 679 921 6
10 25 683 125 656 225 905 325 492 425 983 525 392 625 444 725 761 825 553 925 663
10 29 770 129 140 229 23 329 69 429 385 529 998 629 982 729 170 829 636 929 860
10 33 21 133 110 233 688 333 265 433 561 533 63 633 421 733 838 833 291 933 99
10 37 843 137 973 237 107 337 99 437 464 537 441 637 491 737 259 837 553 937 395
10 41 921 141 323 241 535 341 944 441 743 541 919 641 293 741 724 841 440 941 281
10 45 583 145 460 245 390 345 622 445 76 545 951 645 684 745 497 845 140 945 974
10 49 947 149 334 249 298 349 405 449 785 549 762 649 845 749 627 849 20 949 398
10 53 21 153 293 253 72 353 907 453 588 553 814 653 825 753 880 853 538 953 264
10 57 160 157 472 257 75 357 902 457 94 557 503 657 204 757 129 857 351 957 343
10 61 103 161 297 261 28 361 400 461 54 561 812 661 513 761 898 861 438 961 885
10 65 647 165 811 265 177 365 70 465 717 565 764 665 884 765 894 865 995 965 773
10 69 157 169 507 269 596 369 584 469 408 569 689 669 86 769 611 869 818 969 436
10 73 305 173 272 273 84 373 684 473 23 573 137 673 848 773 888 873 387 973 637
10 77 772 177 33 277 447 377 948 477 103 577 164 677 63 777 338 877 409 977 57
10 81 462 181 565 281 563 381 57 481 500 581 322 681 98 781 937 881 284 981 915
10 85 724 185 588 285 538 385 808 485 624 585 912 685 296 785 471 885 799 985 34
10 89 107 189 922 289 419 389 554 489 221 589 873 689 69 789 283 889 210 989 477
10 93 340 193 671 293 393 393 254 493 79 593 245 693 576 793 176 893 181 993 859
10 97 442 197 905 297 799 397 331 497 64 597 422 697 243 797 711 897 892 997 393
10 1 745 101 998 201 315 301 163 401 903 501 535 601 35 701 323 801 818 901 596
10 5 799 105 509 205 618 305 544 405 762 505 696 605 788 705 337 805 224 905 320
10 9 196 109 665 209 576 309 346 409 996 509 639 609 767 709 238 809 702 909 658
10 13 982 113 798 213 7 313 296 413 312 513 910 613 183 713 698 813 584 913 352
10 17 293 117 735 217 860 317 262 417 278 517 973 617 957 717 417 817 662 917 180
10 21 736 121 209 221 197 321 664 421 554 521 192 621 302 721 320 821 781 921 355
10 25 329 125 762 225 152 325 335 425 410 525 815 625 596 725 944 825 512 925 180
10 29 295 129 804 229 914 329 506 429 65 529 191 629 830 729 374 829 959 929 491
10 33 905 133 46 233 699 333 101 433 709 533 604 633 644 733 363 833 923 933 776
10 37 717 137 251 237 890 337 221 437 938 537 299 637 35 737 533 837 594 937 547
10 41 64 141 240 241 702 341 977 441 745 541 119 641 519 741 926 841 844 941 477
10 45 417 145 100 245 875 345 467 445 553 545 583 645 71 745 196 845 945 945 345
10 49 972 149 14 249 948 349 861 449 586 549 885 649 511 749 620 849 769 949 456
10 53 518 153 833 253 695 353 572 453 161 553 791 653 690 753 680 853 716 953 885
10 57 508 157 132 257 984 357 382 457 951 557 536 657 965 757 373 857 84 957 261
10 61 69 161 55 261 626 361 16 461 267 561 211 661 252 761 129 861 183 961 373
10 65 584 165 700 265 205 365 630 465 271 565 365 665 420 765 312 865 396 965 135
10 69 548 169 904 269 619 369 532 469 285 569 569 669 67 769 601 869 293 969 150
10 73 214 173 361 273 556 373 839 473 729 573 174 673 50 773 980 873 654 973 232
10 77 352 177 589 277 283 377 908 477 218 577 906 677 625 777 637 877 569 977 372
10 81 772 181 117 281 275 381 742 481 648 581 912 681 310 781 66 881 864 981 954
10 85 568 185 77 285 314 385 475 485 268 585 394 685 649 785 669 885 374 985 302
10 89 900 189 77 289 891 389 534 489 337 589 460 689 439 789 313 889 97 989 8
10 93 684 193 220 293 124 393 311 493 961 593 123 693 222 793 622 893 540 993 437
10 97 575 197 107 297 866 397 240 497 582 597 133 697 634 797 582 897 801 997 359
10 1 235 101 52 201 787 301 125 401 937 501 123 601 937 701 376 801 787 901 33
10 5 735 105 471 205 252 305 210 405 133 505 212 605 684 705 706 805 833 905 223
10 9 142 109 759 209 330 309 7 409 998 509 263 609 491 709 983 809 844 909 643
10 13 341 113 78 213 46 313 480 413 555 513 983 613 954 713 491 813 358 913 741
10 17 875 117 444 217 563 317 126 417 653 517 695 617 689 717 336 817 400 917 873
10 21 910 121 893 221 631 321 239 421 900 521 980 621 853 721 742 821 963 921 696
10 25 385 125 655 225 126 325 430 425 134 525 32 625 764 725 88 825 522 925 121
10 29 180 129 396 229 916 329 742 429 873 529 920 629 788 729 561 829 607 929 539
10 33 785 133 517 233 431 333 415 433 107 533 682 633 746 733 960 833 424 933 60
10 37 7 137 160 237 67 337 132 437 589 537 552 637 163 737 353 837 991 937 36
10 41 825 141 170 241 783 341 93 441 263 541 655 641 12 741 402 841 567 941 619
10 45 940 145 351 245 135 345 371 445 117 545 593 645 52 745 215 845 552 945 475
10 49 274 149 911 249 634 349 340 449 394 549 575 649 892 749 557 849 279 949 882
10 53 944 153 455 253 404 353 727 453 547 553 666 653 733 753 559 853 68 953 300
10 57 529 157 359 257 2 357 15 457 729 557 471 657 607 757 133 857 685 957 511
10 61 607 161 310 261 421 361 593 461 2 561 814 661 519 761 245 861 722 961 797
10 65 478 165 18 265 603 365 881 465 744 565 150 665 899 765 476 865 60 965 318
10 69 127 169 940 269 676 369 481 469 954 569 757 669 951 769 912 869 889 969 987
10 73 422 173 847 273 648 373 194 473 439 573 649 673 360 773 309 873 893 973 81
10 77 105 177 371 277 98 377 60 477 603 577 193 677 561 777 853 877 21 977 620
10 81 522 181 499 281 911 381 550 481 979 581 864 681 306 781 281 881 127 981 546
10 85 267 185 549 285 392 385 915 485 742 585 183 685 915 785 453 885 491 985 160
10 89 534 189 948 289 530 389 983 489 7 589 484 689 176 789 567 889 689 989 548
10 93 538 193 210 293 46 393 448 493 759 593 25 693 663 793 64 893 657 993 789
0
0 0
