10 5
8 9
30 4 5 6
30 5 5 5
50 10 3 3 3 10
70 4 4 5 7 7 9
120 3 3 4 5 6 8 8 8 10 10
55 10 8 3 4 5
59 3 3 3 3 3 3 3 3 3 3
71 3 3 3 3 3 3 3 3 3 3 3 3
72 3 3 3 3 3 3 3 3 3 3 3 3
130 3 3 3 4 5 6 7 8 9 10 10 10
138 3 4 5 6 7 8 9 10 3 4 5 6
120 3 4 5 6 7 8 9 10 3 4 5 6
150 3 10 3 10 3 10 3 10 3 10 3 10
130 3 10 3 10 3 10 3 10 3 10 3 10
200 3 10 4 10 5 10 6 10 7 10 8 10
168 3 10 4 10 5 10 6 10 7 10 8 10
1000 3 4 4 5 5 6 7 8 8 9 9 10
10 3 4 4 5 5 6 7 8 8 9 9 10
100 3 3 3 3 4 4 4 4 5 5 5 5
94 3 3 3 3 4 4 4 4 5 5 5 5
