3 2 30 3 26 226
9 0 18 3 20 118
5 5 12 2 15 203
7 4 19 2 22 197
7 4 24 4 17 209
62 25 35 197 106 961
30 21 126 5 138 742
28 142 57 28 35 905
18 93 23 114 19 860
33 22 86 113 2 586
104 12 26 50 156 907
4 55 151 105 65 582
1 24 109 7 168 849
13 9 36 62 35 455
0 99 72 171 18 993
3 63 199 122 136 770
67 31 155 22 6 796
70 10 5 175 87 901
10 5 127 171 135 521
21 84 90 138 67 815
40 44 192 63 39 898
12 1 63 159 106 536
17 45 124 81 57 873
14 38 63 130 145 890
48 46 82 95 36 822
27 60 181 28 45 1000
12 100 61 96 94 758
2 52 63 51 157 583
7 42 34 0 98 689
93 28 19 77 19 995
34 43 138 146 197 901
75 27 10 88 21 820
12 129 139 161 4 994
5 89 162 21 92 728
62 45 2 4 176 882
21 32 147 140 87 930
11 24 90 103 188 740
25 4 175 58 169 981
43 122 29 114 15 966
22 111 121 6 137 895
25 13 96 193 86 735
10 16 177 63 104 987
5 26 85 64 193 819
3 88 50 48 2 577
49 49 29 100 1 679
23 14 80 172 125 859
23 5 51 14 78 517
6 96 6 136 51 930
22 5 74 98 178 796
5 93 109 64 87 867
72 50 37 150 1 927
11 58 1 127 91 808
66 36 197 122 36 953
7 15 142 77 106 466
21 52 5 44 107 709
54 27 26 29 37 594
1 75 51 1 80 539
24 79 127 0 67 814
26 70 127 22 53 803
37 10 18 36 87 651
24 122 112 44 10 834
49 55 103 81 15 903
18 75 138 188 61 795
39 47 12 57 170 987
29 21 193 88 35 632
54 26 125 7 24 870
23 6 123 27 20 744
10 68 101 30 18 945
96 15 39 0 36 962
18 49 44 101 190 787
14 10 95 138 101 705
12 22 63 171 4 700
17 19 21 161 136 604
68 35 74 44 32 909
4 169 6 41 64 939
115 9 5 78 12 878
45 11 195 20 81 792
22 33 45 169 69 955
6 46 110 179 177 830
52 15 84 78 145 901
58 44 63 138 7 784
16 85 170 8 27 804
64 41 24 26 58 697
55 17 25 80 84 715
11 116 35 190 17 864
20 43 79 166 64 953
41 56 14 53 103 799
67 65 118 60 5 983
10 11 114 91 81 756
13 56 182 52 22 564
29 60 137 57 23 961
24 57 184 104 127 940
18 27 163 74 40 947
28 7 80 128 157 608
1 25 129 149 10 830
34 10 43 14 0 791
46 45 17 99 3 977
4 115 91 48 73 846
4 68 94 51 46 700
33 89 94 34 2 781
38 67 19 46 9 973
32 7 122 149 184 958
28 29 46 81 36 465
25 54 40 7 155 775
34 31 140 29 24 803
0 0 0 0 0 0
