60 60 1000000000
0 1 2
0 2 2
1 2 1
3 4 2
3 5 2
4 5 1
6 7 2
6 8 2
7 8 1
9 10 2
9 11 2
10 11 1
12 13 2
12 14 2
13 14 1
15 16 2
15 17 2
16 17 1
18 19 2
18 20 2
19 20 1
21 22 2
21 23 2
22 23 1
24 25 2
24 26 2
25 26 1
27 28 2
27 29 2
28 29 1
30 31 2
30 32 2
31 32 1
33 34 2
33 35 2
34 35 1
36 37 2
36 38 2
37 38 1
39 40 2
39 41 2
40 41 1
42 43 2
42 44 2
43 44 1
45 46 2
45 47 2
46 47 1
48 49 2
48 50 2
49 50 1
51 52 2
51 53 2
52 53 1
54 55 2
54 56 2
55 56 1
57 58 2
57 59 2
58 59 1
60 60 1000
0 1 2
0 2 2
1 2 1
3 4 2
3 5 2
4 5 1
6 7 2
6 8 2
7 8 1
9 10 2
9 11 2
10 11 1
12 13 2
12 14 2
13 14 1
15 16 2
15 17 2
16 17 1
18 19 2
18 20 2
19 20 1
21 22 2
21 23 2
22 23 1
24 25 2
24 26 2
25 26 1
27 28 2
27 29 2
28 29 1
30 31 2
30 32 2
31 32 1
33 34 2
33 35 2
34 35 1
36 37 2
36 38 2
37 38 1
39 40 2
39 41 2
40 41 1
42 43 2
42 44 2
43 44 1
45 46 2
45 47 2
46 47 1
48 49 2
48 50 2
49 50 1
51 52 2
51 53 2
52 53 1
54 55 2
54 56 2
55 56 1
57 58 2
57 59 2
58 59 1
0 0 0
