120 120 1000000
0 1 2
0 2 2
1 2 1
3 4 2
3 5 2
4 5 1
6 7 2
6 8 2
7 8 1
9 10 2
9 11 2
10 11 1
12 13 2
12 14 2
13 14 1
15 16 2
15 17 2
16 17 1
18 19 2
18 20 2
19 20 1
21 22 2
21 23 2
22 23 1
24 25 2
24 26 2
25 26 1
27 28 2
27 29 2
28 29 1
30 31 2
30 32 2
31 32 1
33 34 2
33 35 2
34 35 1
36 37 2
36 38 2
37 38 1
39 40 2
39 41 2
40 41 1
42 43 2
42 44 2
43 44 1
45 46 2
45 47 2
46 47 1
48 49 2
48 50 2
49 50 1
51 52 2
51 53 2
52 53 1
54 55 2
54 56 2
55 56 1
57 58 2
57 59 2
58 59 1
60 61 2
60 62 2
61 62 1
63 64 2
63 65 2
64 65 1
66 67 2
66 68 2
67 68 1
69 70 2
69 71 2
70 71 1
72 73 2
72 74 2
73 74 1
75 76 2
75 77 2
76 77 1
78 79 2
78 80 2
79 80 1
81 82 2
81 83 2
82 83 1
84 85 2
84 86 2
85 86 1
87 88 2
87 89 2
88 89 1
90 91 2
90 92 2
91 92 1
93 94 2
93 95 2
94 95 1
96 97 2
96 98 2
97 98 1
99 100 2
99 101 2
100 101 1
102 103 2
102 104 2
103 104 1
105 106 2
105 107 2
106 107 1
108 109 2
108 110 2
109 110 1
111 112 2
111 113 2
112 113 1
114 115 2
114 116 2
115 116 1
117 118 2
117 119 2
118 119 1
0 0 0
