3 3
0 0
8 0
0 8
2 2
4 2
2 4
3 4
0 0
100 0
0 100
25 60
39 52
52 39
60 25
4 8
-100 100
-100 -100
100 -100
100 100
39 52
25 60
-39 52
-25 60
-39 -52
-25 -60
39 -52
25 -60
4 10
0 0
4 0
4 10
0 10
1 1
1 3
1 5
1 7
1 9
3 1
3 3
3 5
3 7
3 9
4 9
0 0
6 0
6 6
0 6
1 1
1 3
1 5
3 1
3 3
3 5
5 1
5 3
5 5
3 3
0 0
10 0
0 10
2 2
4 2
6 2
9 10
-96 47
-94 -85
-41 -94
3 -94
96 -65
94 -19
78 95
-34 88
-94 63
-20 64
-81 17
18 -60
-72 34
-89 2
-34 51
-20 53
-42 -86
-34 -11
-20 -24
3 8
-48 -44
8 -51
90 47
51 14
43 -6
14 -17
72 29
28 -4
-2 -24
12 -42
45 6
6 6
-96 -52
-90 -96
50 -68
96 -37
71 93
-5 31
-62 -68
36 22
31 55
55 9
-43 -65
33 -6
9 7
-98 82
-85 38
-67 -18
-40 -78
50 -93
95 -73
91 6
79 81
-11 92
-58 3
-35 5
24 -35
-74 59
27 87
77 61
-44 -44
3 8
-88 43
95 -16
-64 62
20 20
42 3
75 -8
-46 51
-48 54
-49 54
-74 41
1 19
10 4
-91 -19
-64 -100
18 -93
47 -76
60 -63
70 -38
98 54
-2 90
-86 49
-89 21
-5 -79
35 20
-5 -21
73 -28
3 10
-58 -13
86 -44
19 53
-17 1
-3 -22
6 3
13 6
70 -28
30 -19
59 -17
12 0
-6 -18
17 28
5 6
-57 20
7 -97
63 -63
26 81
-15 88
-14 41
11 -83
2 -49
14 38
6 36
51 -70
10 8
-100 -78
15 -92
55 -94
82 -42
83 -2
79 88
27 100
-59 93
-71 89
-79 61
-14 -14
53 -92
12 -22
-3 -72
-24 -43
69 -15
51 -26
3 -81
9 6
-98 -40
-34 -81
2 -79
55 -75
78 -34
82 6
72 60
-28 88
-95 72
33 11
-28 -16
59 -39
-73 64
19 -64
-42 -69
9 5
-87 -78
7 -99
54 -100
85 -95
83 37
80 53
59 71
-83 29
-85 -16
68 -86
-55 -76
38 -25
-40 27
-15 -91
8 3
-100 -85
3 -99
29 -99
89 -56
96 7
98 54
49 87
-87 85
-3 36
78 25
-50 -24
10 6
-92 72
-91 -38
-60 -75
-34 -81
14 -88
66 -92
70 -86
81 7
71 90
-12 99
22 -73
-67 78
-68 -1
37 57
-82 75
-85 7
4 9
-68 44
42 -41
41 -14
-17 38
-22 21
7 -3
7 -5
9 -1
-31 19
38 -26
20 -8
-6 21
36 -16
7 4
-83 -53
-31 -100
68 -86
100 -80
94 68
80 95
-41 74
92 -77
46 -71
-42 29
24 -6
8 4
-98 7
-96 -58
21 -85
69 -77
48 78
-25 82
-54 74
-92 52
48 -47
-5 -29
-67 -22
-10 -8
8 6
-89 -24
-6 -65
79 -98
96 -72
83 80
50 97
-44 93
-64 82
47 -25
-3 43
94 -69
-59 47
87 -47
-13 46
3 10
-29 -57
52 -41
63 19
54 -28
5 -39
14 -33
28 -30
37 -23
56 -9
12 -38
-12 -44
35 -9
47 -35
4 8
-89 57
-18 -89
23 -4
-15 40
-28 29
2 13
-70 50
-9 22
-36 -50
-41 -27
-23 39
-41 -29
8 3
-74 60
-55 29
-4 -20
76 -51
86 -52
85 25
31 84
-70 76
-16 50
-29 65
27 74
0 0
