9.00000000
11.50000000
11.50000000
1818.18181818
681.81818182
681.81818182
1818.18181818
7142.85714286
2857.14285714
7142.85714286
2857.14285714
7142.85714286
2857.14285714
7142.85714286
2857.14285714
4.00000000
4.00000000
4.00000000
4.00000000
4.00000000
4.00000000
4.00000000
4.00000000
4.00000000
4.00000000
4.00000000
4.00000000
4.00000000
4.00000000
4.00000000
4.00000000
4.00000000
4.00000000
4.00000000
25.50000000
12.00000000
12.50000000
3946.14067626
803.78146918
8157.71363691
1880.10547483
1661.30438076
1552.84078067
4599.74268329
3303.29586928
2486.78186554
3331.29316327
244.08353959
151.33784746
484.72009307
214.36098096
358.70683756
951.09639143
415.61828086
211.07602907
2338.82190834
1743.54877126
1973.96221857
2979.35637628
4218.00212871
5541.80859684
1461.59805901
3773.58245521
9488.97302119
3365.97440673
3375.10074758
3451.13140306
2591.63990722
244.76648387
245.03593679
109.68794008
662.47399084
3.62421811
195.75784693
387.02649576
598.12708762
5052.78104502
8659.62947889
10087.48284777
2499.60662832
1201.22265201
211.09090062
359.79705221
460.49875645
383.03935540
883.18232568
690.17624439
297.16038452
326.98387265
1132.34845608
3410.67676360
841.71527141
3607.76533074
2461.99296234
1303.17802637
1384.17164553
11222.17251899
1167.71792766
2888.86465185
1433.92365454
5115.19016014
5400.15580888
2105.78929856
891.68597937
7048.59814716
5917.92364384
2329.69121526
5128.97874636
2408.61019654
2446.69805085
2581.94960316
3686.17178152
9295.47753090
6315.84322984
2536.55785457
10030.22265842
8447.61773842
13483.15960316
8102.37382296
2818.45450130
6529.87031162
9163.01593813
719.92960678
1123.85581922
420.46316648
147.73249617
126.89822500
231.73266844
531.13871440
218.02158748
331.41968170
396.82017601
190.27328431
1820.74253404
5634.76544228
7532.12034842
12623.87167526
3808.79569283
3349.74095807
6533.48416549
9295.97918361
8607.53091968
6903.56475353
1295.95279308
5065.13975273
1494.20558821
3077.10619277
110.24266007
217.68562591
190.26443762
345.54309658
228.79191091
392.90413221
171.04721709
215.91006027
260.22938665
209.38147269
1275.11659452
1294.00030938
959.01195518
504.52477690
1422.76008551
1281.02620143
235.95025956
343.10981753
5879.39773902
2003.17566295
5678.92659803
