6 5
3
5 4
2 2
1 4
8 10
15
2 3
8 4
3 6
1 8
1 4
6 4
7 6
3 10
4 4
4 9
7 1
5 7
1 10
5 4
1 3
10 12
10
10 5
4 3
7 10
8 2
4 5
7 2
3 8
6 11
2 4
7 3
15 10
25
13 6
10 6
3 10
5 3
12 6
7 1
10 8
1 3
4 8
7 2
10 3
3 1
11 4
3 5
1 9
2 8
1 5
1 2
2 10
4 5
13 2
4 10
15 4
12 10
14 6
16 16
40
9 8
6 2
5 3
1 16
2 4
2 14
9 3
4 8
2 9
1 8
11 7
12 7
1 7
10 10
6 11
6 4
8 14
11 12
16 14
11 10
13 4
8 3
7 16
12 8
15 3
9 4
7 11
1 12
7 4
16 2
2 5
10 4
6 5
15 8
16 4
4 1
2 2
12 15
6 14
11 14
0 0
