160 185.975227
376 1041.706697
944 2119.567568
1287 333.559334
514 169.286667
266 763.027409
481 863.546061
486 1699.666667
412 296.073968
862 420.040816
628 1019.460709
289 357.151918
942 615.277034
597 1274.072682
717 629.319597
113 52.096248
205 83.953064
649 1334.339651
515 4769.469565
665 736.584544
679 670.124862
334 166.826087
1503 394.587031
1181 551.985019
647 1452.831395
231 663.220015
519 420.279720
87 43.476868
585 1833.336842
1000 868.443106
687 193.477477
408 312.489514
654 2819.019684
837 760.591449
512 1671.756018
837 816.784450
461 1318.244489
612 1322.466466
1318 1849.516281
238 271.416000
305 272.777778
822 1079.280000
628 376.945549
1409 466.450154
673 1175.136564
78 530.162637
265 1734.676056
219 74.807453
699 530.370370
835 410.361392
303 2887.613527
225 62.698574
1095 2451.471698
296 1116.144144
83 0.000000
664 336.419036
681 2780.159236
288 1853.431694
502 224.000000
1005 828.331638
1112 2441.700499
609 571.787234
460 944.620101
335 293.696170
355 90.248394
366 1029.007481
6 0.000000
885 1433.076923
261 262.792690
735 1098.206033
443 409.526272
541 209.853336
898 875.616541
684 557.196721
264 842.788879
256 1623.528000
879 953.125000
456 258.371394
715 655.518367
1378 913.199908
1029 227.234017
1185 629.455052
467 3967.888889
379 102.200001
733 2036.000000
187 931.450920
739 654.129630
538 2055.445963
595 1072.433735
958 678.880597
0 0.000000
528 635.666317
61 78.578919
1167 979.231454
695 369.514570
456 246.434783
522 187.033333
1466 942.939198
665 916.489531
259 315.906859
1342 6095.787405
1402 731.762679
121 391.652632
1290 1051.384615
570 432.244604
956 450.219599
390 1494.437500
1250 644.643852
840 1412.769231
200 980.755700
775 1628.757576
292 381.893019
727 1276.720711
482 323.978022
844 272.080430
128 796.510046
195 970.899020
665 367.019014
210 318.059048
332 307.184438
256 118.666667
38 21.460363
657 366.482549
256 2110.615385
465 489.598336
968 926.952756
274 55.673870
790 721.082751
633 1150.395349
160 544.476563
294 117.800000
774 1415.130942
80 21.822476
238 53.326183
262 52.537634
792 366.520582
972 275.980235
383 114.484716
489 423.858049
864 924.380952
78 462.430380
359 93.507358
644 565.139390
195 1531.221198
614 192.722689
695 2477.849166
1255 1237.304348
623 981.379676
389 1068.591772
964 4393.004144
478 101.608445
1054 323.772727
866 1216.213846
794 939.691244
1012 769.239545
359 611.525210
417 899.395833
272 139.734659
580 537.443396
208 228.841962
422 488.984520
316 417.385682
281 3426.713333
350 287.906542
198 980.627204
337 191.244444
1806 1084.814086
500 544.190867
96 66.376068
677 149.810821
1428 801.850483
586 328.885748
309 501.511822
345 96.624365
281 205.673216
472 431.581788
172 506.436464
843 2784.842105
639 2458.779661
296 168.342608
1086 1211.286243
913 475.518499
241 739.672680
127 2531.059385
489 1686.720000
294 279.653793
355 174.839523
571 701.501887
480 716.718367
175 4034.644444
359 165.779390
769 1629.158664
896 551.785714
783 782.322049
283 923.000000
574 1851.896104
573 4470.137931
731 275.075000
128 61.161458
634 450.359551
349 109.324624
384 2075.656690
669 1255.304598
1250 848.550743
341 2469.469613
931 798.107582
311 1180.842562
389 1059.746117
935 2393.615373
238 3478.410714
967 681.560484
418 244.522749
1716 745.296370
428 92.452055
1056 928.400607
883 974.320371
562 12395.153846
344 262.547368
454 721.845896
473 2628.441281
216 1181.355030
675 1103.066667
98 390.796992
467 926.610547
313 147.170984
848 1194.624607
88 6549.837161
221 548.546597
423 2677.711819
546 841.282609
634 271.222826
301 45.957052
391 905.123596
385 130.071429
1008 777.919643
984 754.971464
479 91.502129
463 1286.163907
1442 411.476479
911 1259.521739
143 93.217012
957 2049.046543
599 1424.325581
1023 492.224168
366 2458.692308
909 604.883085
427 81.933649
1105 458.917098
125 56.862573
278 1373.364891
886 1049.866667
1014 718.975919
612 511.895928
331 377.446108
457 278.553769
1114 459.873516
315 1602.742504
292 1537.298780
212 1173.297203
279 809.848816
526 635.368550
352 1349.935484
1252 331.609513
800 640.771816
366 1135.378068
305 3663.625966
999 41265.784553
308 606.005008
877 225.820896
946 585.206150
734 1347.348243
454 472.707207
450 540.424652
1017 1018.296104
1653 585.038230
467 233.600626
751 305.891677
719 588.782609
734 360.218391
556 1537.013423
779 2079.725424
193 969.001267
348 195.599782
491 2779.711934
702 970.291823
377 3682.515120
873 304.941176
1405 592.446735
581 396.880514
1228 248.955600
504 970.442679
122 1398.108696
613 1094.935884
635 361.962025
1202 3346.733649
172 49.193904
355 506.081081
95 1011.145997
712 552.534351
291 173.681691
672 1942.497253
201 123.884058
914 837.098920
900 1244.738023
223 1874.375000
1544 710.112224
1495 701.304183
458 2482.947707
675 137.646128
924 1456.475141
214 273.857360
339 1299.293814
95 2323.883841
1366 748.256921
191 83.796875
928 674.295605
396 83.888889
209 304.075269
416 110.101010
789 639.761733
417 781.312236
417 198.901408
360 947.865801
1515 1054.561062
437 770.018182
184 474.264859
338 192.618834
1294 1300.554346
732 4540.165217
511 861.000000
134 113.780363
621 625.876543
202 415.645914
419 596.033058
257 82.904813
547 335.424242
271 330.295699
856 1568.852439
938 930.800905
442 621.264862
940 1300.581572
290 277.060403
658 661.719895
453 624.082847
486 81.329910
1505 1182.586255
1219 2735.112000
441 818.926412
975 488.403467
1024 356.537037
868 719.495671
595 340.777429
237 105.825682
1028 968.544460
513 580.687985
749 297.625000
825 580.188202
429 1948.495669
175 39.065332
531 18552.675602
305 168.575000
767 270.085652
641 675.587696
751 913.383333
432 291.363636
422 1991.921569
1364 2426.899628
81 93.720000
898 1242.382514
519 888.433213
251 1674.495093
575 490.869081
207 209.702882
354 728.249351
145 44.291845
1128 1000.041316
124 1255.721011
424 201.877193
250 110.978747
178 87.384106
329 181.321309
489 1159.880851
184 3815.035120
764 1328.016751
878 1686.720000
919 791.333822
1198 1694.860706
885 485.400000
1162 1022.883333
915 767.552941
809 214.383148
912 2454.529112
340 1551.104890
1025 304.324864
437 965.824561
1074 734.645396
267 721.771518
967 802.003709
546 725.979460
332 2383.179856
1241 3312.920872
297 969.666394
1037 628.355140
761 1278.873079
604 2290.715447
502 214.536408
454 240.345960
393 1856.028369
167 649.794189
276 440.418251
399 223.879433
334 244.373791
1074 1037.275778
386 92.722480
448 461.949451
1130 768.168675
1215 466.483871
971 472.022593
1009 1021.097913
683 755.762723
553 470.684134
387 554.750000
734 652.788177
199 3757.234957
787 521.611552
725 1134.477955
756 441.596271
949 904.964029
240 313.064431
63 307.170620
611 931.924765
801 202.365027
423 1499.420520
908 557.628087
770 459.090825
588 1213.659091
723 682.450293
961 3299.277826
91 95.103008
115 53.081633
874 1504.074074
1003 458.182713
730 386.572662
567 5011.281818
480 947.830275
117 1030.963325
158 942.500000
570 2119.259542
723 667.936508
438 2263.983146
1089 698.501579
359 3020.647059
180 461.060403
472 1054.900000
892 895.331713
1193 1198.012198
850 403.065294
0 0.000000
991 220.319108
266 1456.450402
607 1168.756926
575 396.686047
523 2074.289720
932 416.599278
210 365.337727
577 409.884615
549 407.407159
1183 1034.613366
1032 290.666667
818 555.851744
364 124.536160
297 181.658635
943 702.561365
404 3039.554217
1000 1268.535840
474 563.277778
1090 2245.379310
377 771.734421
997 476.875000
801 146.310976
985 4426.160124
179 1991.285326
676 1526.207792
979 376.190367
17 430.234445
957 1352.588610
1312 1130.140969
95 343.190117
193 2384.098851
378 749.728155
274 173.353476
391 1804.971379
154 496.579326
214 99.416476
890 1096.612903
283 138.107261
696 893.178737
899 2066.513089
967 2583.024233
589 569.982301
156 65.771316
892 1318.070917
1581 1993.445026
168 419.208394
986 377.506597
164 55.529833
1360 1137.564898
573 1489.694805
169 1859.261905
864 696.987155
867 1180.864078
288 395.415385
901 251.263386
90 99.696644
362 96.542027
877 771.360536
899 337.951787
60 34.750636
228 562.086957
786 802.281782
211 4023.383333
1261 2577.680000
806 643.464797
581 2408.889764
1238 2026.097141
1036 1027.745583
209 101.847877
1135 590.679785
951 424.612054
372 2406.932862
619 2103.703349
337 219.031536
972 797.837224
668 767.736707
1080 267.123172
492 271.303712
928 3044.384082
1107 668.768116
867 483.444444
623 2137.909814
172 1581.578171
542 721.218889
301 501.006027
472 1433.166667
198 511.889893
396 469.621262
729 1608.584829
204 3036.000000
261 1725.870968
1186 1003.143042
671 644.686482
421 197.628362
357 143.749226
269 527.135755
794 184.793814
103 1695.343750
120 33.433985
1488 852.283906
1036 554.430322
312 572.657048
896 649.009016
172 69.551129
891 1158.441926
86 62.441103
571 548.047733
473 267.142857
1016 486.653865
55 0.000000
801 241.222395
248 4992.820313
530 1303.873202
1123 1254.133333
634 402.146266
402 194.174757
1389 948.679577
780 521.754063
1084 821.821772
854 261.106383
695 780.471160
831 696.953371
349 846.509356
235 5067.236842
430 2093.584475
969 832.793409
599 227.909910
288 331.627273
183 379.083832
872 3669.656164
921 270.730769
53 75.827179
869 2837.616438
911 348.003194
681 1905.151618
613 1129.611940
1008 3142.431393
1064 1906.899758
352 4132.911765
219 103.876289
1022 703.325926
714 1043.698705
69 0.000000
852 1000.165925
84 0.000000
462 782.606061
533 1106.704545
972 473.331210
664 1494.617010
825 753.044571
452 76.461203
340 169.181818
291 1247.189889
234 63.404319
203 257.785714
582 169.780701
432 2888.184382
734 623.832197
1313 1146.007854
1352 1432.555556
640 981.039073
1296 1079.692308
1013 864.494037
610 390.204651
258 2159.529412
1123 706.762971
749 270.102030
260 445.447005
611 306.472222
705 546.346939
924 4476.534125
1407 1112.871473
916 1255.284281
776 742.098310
553 448.774775
307 947.648352
566 131.979647
962 949.880952
933 1512.242424
1231 1135.202873
418 507.619580
1394 680.304343
896 297.149252
639 502.890805
364 210.502840
534 784.830459
1220 423.201625
795 2774.285714
871 1063.603549
531 1194.372671
305 165.582314
837 1057.980066
1059 1068.089583
1129 524.923077
336 1059.688621
576 167.634538
569 771.129870
1148 858.764007
642 572.015047
992 4566.862257
678 482.123711
764 686.481236
163 4509.064000
889 641.782851
1017 1713.025210
511 147.843630
1278 1482.272727
683 952.967742
354 255.453330
852 2292.428243
537 734.001817
1355 1293.859372
1021 689.438587
150 134.377622
949 762.903114
391 594.485988
997 1929.418033
970 1673.182446
848 396.322222
378 824.783599
468 159.721805
1328 798.182692
71 55.292354
490 1227.742331
345 476.377933
650 1267.339286
1022 5839.058824
1100 923.223758
367 389.457965
328 2820.962963
379 264.337130
542 731.665306
238 1012.317618
828 380.990615
228 613.390276
428 318.471698
321 3681.012793
693 804.104724
1132 809.621723
80 0.000000
164 152.767296
380 139.100077
1366 3388.821972
956 322.679030
368 2916.250000
668 756.630273
445 595.223505
571 1404.527430
639 589.593172
967 657.850467
286 73.953202
276 126.929231
320 1212.750655
427 2275.909091
877 1023.375033
386 67.940817
643 440.943878
137 64.743060
361 158.210084
547 1796.166284
854 1437.726225
952 3181.117137
466 1081.034146
417 313.798165
798 596.245698
306 116.718606
169 1107.902622
31 462.054054
194 46.820783
91 83.683516
188 266.923100
300 1766.587343
333 374.725042
697 999.413793
1399 558.902462
298 90.316151
1167 925.496292
720 845.005236
615 2590.286219
595 226.847953
1128 455.063212
305 1192.281454
804 1507.610008
977 696.328678
1030 1887.699525
502 1107.066667
894 244.814390
1005 594.671361
96 213.004038
1342 1712.831169
1021 1242.089356
355 1052.373225
85 96.648000
314 575.842520
80 2879.140496
146 4510.481481
476 394.616397
283 186.351801
553 322.542941
319 157.027759
976 419.798742
1525 435.420147
252 116.386606
586 527.206349
252 1014.009917
513 446.458333
502 1537.043478
813 1515.944403
233 370.638783
750 825.410615
327 124.653782
914 1123.778626
1139 230.347287
1104 461.108108
567 323.102931
958 2115.175495
401 372.269750
543 532.027708
1019 1352.734690
621 2090.769531
843 939.202321
263 104.319234
479 1487.284615
773 610.562584
398 935.461538
465 187.911365
120 2780.936830
1252 1050.934673
282 335.298701
483 275.837157
961 2408.112310
940 1289.752772
654 1053.100361
900 406.689184
899 513.984536
794 3102.190686
883 578.753521
290 886.294036
821 464.475815
1200 640.768657
0 0.000000
502 234.228374
1094 999.105696
465 638.976076
390 977.978873
467 2676.373057
826 535.635258
110 3230.800000
192 873.257294
784 1026.977130
116 1260.804469
1112 2729.209193
613 836.868421
31 28.495133
899 1134.325286
821 385.443038
354 1687.012048
548 1305.698630
240 251.995611
154 5482.104895
1283 655.393013
356 993.078261
555 217.441197
965 1182.107084
407 834.062069
566 381.167604
302 69.130959
1035 816.668421
1183 1887.340000
782 265.469574
718 1098.669656
756 208.411765
637 636.540984
637 629.166291
421 405.878049
340 91.400139
794 642.090395
741 1585.125000
868 1208.548837
825 734.561534
688 826.892925
841 1242.909926
1236 790.320388
0 0.000000
1194 619.292186
926 538.017544
1489 1585.232759
220 497.940762
473 407.832311
430 187.541514
956 1286.321429
226 1196.739612
1442 1651.186755
219 510.444444
211 139.504194
281 1605.000000
415 3002.898444
170 57.538078
716 356.830986
323 112.050436
275 1960.944272
1191 898.967742
1139 910.520385
1040 931.935484
459 639.630178
869 1346.988222
962 211.975877
1144 786.315353
958 984.693924
680 1178.199025
67 755.232558
493 297.730592
1040 1301.152512
290 2139.452991
592 343.054286
656 1952.785388
795 542.854553
799 108.675085
579 1565.754060
90 205.135135
1254 316.617822
183 1795.578947
770 163.604878
77 22.595708
520 537.649022
481 1010.108108
421 109.691235
769 2132.533370
1064 273.946128
350 929.137255
877 1608.000000
756 728.282360
919 403.605839
779 1888.213151
417 248.027002
245 177.251469
282 3892.025316
843 634.691589
872 385.982244
745 527.251170
239 106.224490
334 73.949017
863 563.993272
0 0.000000
388 474.107668
882 783.300752
413 393.750000
713 326.502072
962 646.632653
133 660.482759
552 821.295069
290 1205.175758
183 1995.368421
198 2544.471545
894 4015.971429
1089 5334.470588
731 4343.761905
295 826.888846
276 2009.527273
388 194.026316
518 1750.895262
1066 323.909382
1027 327.422970
947 171.948498
516 1380.000000
246 2287.389535
631 1882.357009
618 1642.597734
85 19.214178
335 530.465742
328 1197.447552
381 490.100327
139 366.604000
1060 1012.020000
842 1918.863181
310 354.562264
784 507.260442
932 1205.008845
422 1312.381241
293 281.638191
103 1186.190476
509 1343.707395
661 754.072327
487 606.704918
925 774.886632
621 1872.161931
728 1199.236392
5 0.000000
908 1276.670009
375 2107.615385
219 226.562826
967 770.752137
1008 911.309157
500 1890.545039
206 139.153226
908 2706.848375
1037 531.277415
557 679.365517
148 1469.143816
591 4254.000000
563 204.598198
483 133.690280
651 355.874101
383 215.717290
721 340.623280
476 575.671484
844 821.688623
146 46.167010
1009 1326.984127
889 465.096970
824 1371.806928
722 1000.158416
501 918.171344
401 312.082057
1109 703.568286
1285 2254.363571
1344 3606.866667
951 1121.547837
221 169.615832
1128 1599.540966
444 91.662555
427 275.280000
446 535.500000
636 217.561905
289 2091.842105
1545 940.301493
837 168.107287
110 805.383554
1205 2762.647059
1195 309.229261
175 95.465649
1084 691.209040
582 488.800000
1226 949.818036
306 474.311602
538 272.982397
100 593.851077
571 1031.366941
623 1075.125000
898 1431.079670
95 32.761171
957 1368.953271
