1 1 1
1 1
1
7 1 1
1 7
0 0 0 0 0 1 0
1 5 1
1 5
1
0
0
0
0
3 3 5
1 2
2 3
3 1
4 1
5 2
0 0 1
2 3 0
0 4 5
3 3 3
1 4
2 3
3 2
0 0 0
0 1 0
2 3 0
6 5 11
1 1
2 5
3 4
4 1
5 1
6 1
7 2
8 4
9 6
10 3
11 2
1 0 0 0 2 0
3 0 0 0 4 5
0 0 6 0 0 0
0 0 7 0 8 0
0 9 0 10 11 0
4 6 6
1 8
2 4
3 3
4 6
5 2
6 1
0 1 0 0
0 0 0 0
0 0 0 0
0 0 0 2
0 3 0 0
4 5 0 6
6 5 8
1 5
2 1
3 2
4 8
5 6
6 3
7 2
8 3
1 0 0 0 0 0
0 0 0 0 2 3
0 0 4 0 0 0
5 0 0 0 6 0
7 0 0 0 0 8
10 3 8
1 3
2 4
3 3
4 7
5 4
6 6
7 1
8 2
0 1 0 0 2 0 0 0 0 3
0 0 0 0 4 0 0 5 0 0
0 6 0 0 0 0 7 0 0 8
5 5 14
1 1
2 4
3 2
4 1
5 1
6 4
7 1
8 2
9 1
10 1
11 1
12 3
13 1
14 2
1 0 2 0 0
3 4 5 0 6
0 7 0 0 0
8 0 0 9 0
10 11 12 13 14
4 4 4
1 4
2 4
3 4
4 4
0 0 0 0
0 1 2 0
0 3 4 0
0 0 0 0
0 0 0
