10 10 14
1 12
2 16
3 4
4 3
5 12
6 3
7 9
8 4
9 1
10 5
11 2
12 12
13 9
14 8
0 0 0 0 1 0 0 0 0 0
0 2 0 0 0 0 0 0 0 0
0 0 0 0 3 0 0 4 0 0
0 0 0 0 0 0 0 0 0 5
0 0 0 0 0 0 0 0 0 0
0 0 6 0 7 0 8 0 0 0
0 0 0 0 0 0 9 0 0 0
0 0 0 0 0 0 0 10 0 0
0 0 0 0 0 11 0 0 0 0
0 12 13 0 0 0 0 0 14 0
10 9 8
1 10
2 20
3 25
4 6
5 6
6 9
7 10
8 4
0 0 0 0 0 0 0 0 0 0
0 0 0 0 0 0 0 0 1 0
0 0 0 2 0 0 0 0 0 0
0 0 0 0 0 0 3 0 0 0
0 0 0 0 0 0 0 0 0 0
0 4 0 0 0 0 0 0 0 0
0 0 0 5 0 0 0 0 0 0
0 6 0 0 7 0 0 0 8 0
0 0 0 0 0 0 0 0 0 0
10 10 12
1 15
2 12
3 9
4 6
5 4
6 2
7 6
8 12
9 9
10 5
11 12
12 8
0 0 0 0 0 0 0 0 0 0
0 0 1 0 0 0 2 0 0 0
0 0 0 0 0 0 0 0 0 0
0 0 0 0 0 0 0 3 0 0
0 0 0 0 0 0 0 0 0 0
0 0 0 0 4 0 5 0 6 7
0 0 0 0 0 0 0 0 0 0
0 8 0 9 0 10 0 11 0 0
0 0 0 0 0 0 0 0 0 0
0 0 0 0 0 0 0 0 12 0
10 10 14
1 4
2 3
3 15
4 12
5 15
6 2
7 6
8 2
9 8
10 7
11 4
12 6
13 6
14 10
1 0 0 0 0 0 0 0 0 0
0 0 0 0 2 0 0 3 0 0
0 0 0 0 0 0 0 0 0 0
0 0 0 0 0 0 4 0 0 0
0 5 0 0 0 0 0 0 0 0
0 0 0 0 6 0 0 7 8 0
0 0 0 0 0 0 0 0 0 9
10 0 11 0 0 12 0 0 0 0
0 0 13 0 0 0 0 14 0 0
0 0 0 0 0 0 0 0 0 0
10 10 3
1 50
2 15
3 35
0 0 0 0 0 0 0 0 0 0
0 0 0 0 0 0 0 0 0 0
0 0 1 0 0 0 0 0 0 0
0 0 0 0 0 0 0 0 0 0
0 0 0 0 0 0 0 0 0 0
0 0 0 0 0 0 0 0 2 0
0 0 0 0 0 0 0 0 0 0
0 0 0 0 0 0 0 0 0 0
0 3 0 0 0 0 0 0 0 0
0 0 0 0 0 0 0 0 0 0
10 10 1
1 100
0 0 0 0 0 0 0 0 0 0
0 0 0 0 0 0 0 0 0 0
0 0 0 0 0 0 0 0 0 0
0 0 0 0 0 0 0 0 0 0
0 0 0 0 0 0 0 0 0 0
0 0 0 0 0 0 0 0 0 0
0 0 0 0 0 0 0 0 0 0
0 0 1 0 0 0 0 0 0 0
0 0 0 0 0 0 0 0 0 0
0 0 0 0 0 0 0 0 0 0
0 0 0

