1 1 1
1 1
1
7 1 1
1 7
0 0 0 0 0 1 0
1 5 1
1 5
1
0
0
0
0
3 3 5
1 2
2 3
3 1
4 1
5 2
0 0 1
2 3 0
0 4 5
3 3 3
1 4
2 3
3 2
0 0 0
0 1 0
2 3 0
6 5 11
1 1
2 5
3 4
4 1
5 1
6 1
7 2
8 4
9 6
10 3
11 2
1 0 0 0 2 0
3 0 0 0 4 5
0 0 6 0 0 0
0 0 7 0 8 0
0 9 0 10 11 0
4 6 6
1 8
2 4
3 3
4 6
5 2
6 1
0 1 0 0
0 0 0 0
0 0 0 0
0 0 0 2
0 3 0 0
4 5 0 6
6 5 8
1 5
2 1
3 2
4 8
5 6
6 3
7 2
8 3
1 0 0 0 0 0
0 0 0 0 2 3
0 0 4 0 0 0
5 0 0 0 6 0
7 0 0 0 0 8
10 3 8
1 3
2 4
3 3
4 7
5 4
6 6
7 1
8 2
0 1 0 0 2 0 0 0 0 3
0 0 0 0 4 0 0 5 0 0
0 6 0 0 0 0 7 0 0 8
5 5 14
1 1
2 4
3 2
4 1
5 1
6 4
7 1
8 2
9 1
10 1
11 1
12 3
13 1
14 2
1 0 2 0 0
3 4 5 0 6
0 7 0 0 0
8 0 0 9 0
10 11 12 13 14
4 4 4
1 4
2 4
3 4
4 4
0 0 0 0
0 1 2 0
0 3 4 0
0 0 0 0
10 10 14
1 12
2 16
3 4
4 3
5 12
6 3
7 9
8 4
9 1
10 5
11 2
12 12
13 9
14 8
0 0 0 0 1 0 0 0 0 0
0 2 0 0 0 0 0 0 0 0
0 0 0 0 3 0 0 4 0 0
0 0 0 0 0 0 0 0 0 5
0 0 0 0 0 0 0 0 0 0
0 0 6 0 7 0 8 0 0 0
0 0 0 0 0 0 9 0 0 0
0 0 0 0 0 0 0 10 0 0
0 0 0 0 0 11 0 0 0 0
0 12 13 0 0 0 0 0 14 0
10 9 8
1 10
2 20
3 25
4 6
5 6
6 9
7 10
8 4
0 0 0 0 0 0 0 0 0 0
0 0 0 0 0 0 0 0 1 0
0 0 0 2 0 0 0 0 0 0
0 0 0 0 0 0 3 0 0 0
0 0 0 0 0 0 0 0 0 0
0 4 0 0 0 0 0 0 0 0
0 0 0 5 0 0 0 0 0 0
0 6 0 0 7 0 0 0 8 0
0 0 0 0 0 0 0 0 0 0
10 10 12
1 15
2 12
3 9
4 6
5 4
6 2
7 6
8 12
9 9
10 5
11 12
12 8
0 0 0 0 0 0 0 0 0 0
0 0 1 0 0 0 2 0 0 0
0 0 0 0 0 0 0 0 0 0
0 0 0 0 0 0 0 3 0 0
0 0 0 0 0 0 0 0 0 0
0 0 0 0 4 0 5 0 6 7
0 0 0 0 0 0 0 0 0 0
0 8 0 9 0 10 0 11 0 0
0 0 0 0 0 0 0 0 0 0
0 0 0 0 0 0 0 0 12 0
10 10 14
1 4
2 3
3 15
4 12
5 15
6 2
7 6
8 2
9 8
10 7
11 4
12 6
13 6
14 10
1 0 0 0 0 0 0 0 0 0
0 0 0 0 2 0 0 3 0 0
0 0 0 0 0 0 0 0 0 0
0 0 0 0 0 0 4 0 0 0
0 5 0 0 0 0 0 0 0 0
0 0 0 0 6 0 0 7 8 0
0 0 0 0 0 0 0 0 0 9
10 0 11 0 0 12 0 0 0 0
0 0 13 0 0 0 0 14 0 0
0 0 0 0 0 0 0 0 0 0
10 10 3
1 50
2 15
3 35
0 0 0 0 0 0 0 0 0 0
0 0 0 0 0 0 0 0 0 0
0 0 1 0 0 0 0 0 0 0
0 0 0 0 0 0 0 0 0 0
0 0 0 0 0 0 0 0 0 0
0 0 0 0 0 0 0 0 2 0
0 0 0 0 0 0 0 0 0 0
0 0 0 0 0 0 0 0 0 0
0 3 0 0 0 0 0 0 0 0
0 0 0 0 0 0 0 0 0 0
10 10 1
1 100
0 0 0 0 0 0 0 0 0 0
0 0 0 0 0 0 0 0 0 0
0 0 0 0 0 0 0 0 0 0
0 0 0 0 0 0 0 0 0 0
0 0 0 0 0 0 0 0 0 0
0 0 0 0 0 0 0 0 0 0
0 0 0 0 0 0 0 0 0 0
0 0 1 0 0 0 0 0 0 0
0 0 0 0 0 0 0 0 0 0
0 0 0 0 0 0 0 0 0 0
10 10 14
1 14
2 16
3 4
4 3
5 12
6 3
7 9
8 4
9 1
10 5
11 2
12 12
13 9
14 8
0 0 0 0 1 0 0 0 0 0
0 2 0 0 0 0 0 0 0 0
0 0 0 0 3 0 0 4 0 0
0 0 0 0 0 0 0 0 0 5
0 0 0 0 0 0 0 0 0 0
0 0 6 0 7 0 8 0 0 0
0 0 0 0 0 0 9 0 0 0
0 0 0 0 0 0 0 10 0 0
0 0 0 0 0 11 0 0 0 0
0 12 13 0 0 0 0 0 14 0
10 9 8
1 10
2 20
3 25
4 6
5 6
6 11
7 10
8 2
0 0 0 0 0 0 0 0 0 0
0 0 0 0 0 0 0 0 1 0
0 0 0 2 0 0 0 0 0 0
0 0 0 0 0 0 3 0 0 0
0 0 0 0 0 0 0 0 0 0
0 4 0 0 0 0 0 0 0 0
0 0 0 5 0 0 0 0 0 0
0 6 0 0 7 0 0 0 8 0
0 0 0 0 0 0 0 0 0 0
10 10 13
1 15
2 12
3 9
4 6
5 4
6 2
7 6
8 12
9 9
10 5
11 11
12 1
13 8
0 0 0 0 0 0 0 0 0 0
0 0 13 0 0 0 12 0 0 0
0 0 0 0 0 0 0 0 0 0
0 0 0 0 0 0 0 9 0 0
0 0 0 0 0 0 0 0 0 0
0 0 0 0 6 0 4 0 2 6
0 0 0 0 0 0 0 0 0 0
0 12 0 9 0 5 0 11 0 0
1 0 0 0 0 0 0 0 0 0
0 0 0 0 0 0 0 0 8 0
10 10 15
1 4
2 3
3 15
4 12
5 14
6 2
7 6
8 2
9 8
10 7
11 4
12 6
13 6
14 10
15 1
1 0 0 0 0 0 0 0 0 0
0 0 0 0 2 0 0 3 0 0
0 0 0 0 0 0 0 0 0 0
0 0 0 0 0 0 4 0 0 0
0 5 0 0 0 0 0 0 0 0
0 0 0 0 6 0 0 7 8 0
0 0 0 0 0 0 0 0 0 9
10 0 11 0 0 12 0 0 0 0
0 0 13 0 0 0 0 14 0 0
15 0 0 0 0 0 0 0 0 0
10 10 4
1 50
2 15
3 1
4 36
0 0 0 0 0 0 0 0 0 0
0 0 0 0 0 0 0 0 0 0
0 0 1 0 0 0 0 0 0 0
0 0 0 0 0 0 0 0 0 0
0 0 0 0 0 0 0 0 0 0
0 0 0 0 0 0 0 0 2 0
0 0 3 0 0 0 0 0 0 0
0 0 0 0 0 0 0 0 0 0
0 4 0 0 0 0 0 0 0 0
0 0 0 0 0 0 0 0 0 0
10 10 2
1 2
2 98
0 0 0 0 0 0 0 0 0 0
0 0 0 0 0 0 0 0 0 0
0 0 0 0 0 0 0 0 0 0
0 0 0 0 0 0 0 0 0 0
0 0 0 1 0 0 0 0 0 0
0 0 0 0 0 0 0 0 0 0
0 0 0 0 0 0 0 0 0 0
0 0 2 0 0 0 0 0 0 0
0 0 0 0 0 0 0 0 0 0
0 0 0 0 0 0 0 0 0 0
1 1 1
1 1
1
7 1 1
1 7
0 0 0 0 0 1 0
1 5 1
1 5
1
0
0
0
0
3 3 5
1 2
2 3
3 1
4 1
5 2
0 0 1
2 3 0
0 4 5
3 3 3
1 4
2 3
3 2
0 0 0
0 1 0
2 3 0
6 5 11
1 1
2 5
3 4
4 1
5 1
6 1
7 2
8 4
9 6
10 3
11 2
1 0 0 0 2 0
3 0 0 0 4 5
0 0 6 0 0 0
0 0 7 0 8 0
0 9 0 10 11 0
4 6 6
1 8
2 4
3 3
4 6
5 2
6 1
0 1 0 0
0 0 0 0
0 0 0 0
0 0 0 2
0 3 0 0
4 5 0 6
6 5 8
1 5
2 1
3 2
4 8
5 6
6 3
7 2
8 3
1 0 0 0 0 0
0 0 0 0 2 3
0 0 4 0 0 0
5 0 0 0 6 0
7 0 0 0 0 8
10 3 8
1 3
2 4
3 3
4 7
5 4
6 6
7 1
8 2
0 1 0 0 2 0 0 0 0 3
0 0 0 0 4 0 0 5 0 0
0 6 0 0 0 0 7 0 0 8
5 5 14
1 1
2 4
3 2
4 1
5 1
6 4
7 1
8 2
9 1
10 1
11 1
12 3
13 1
14 2
1 0 2 0 0
3 4 5 0 6
0 7 0 0 0
8 0 0 9 0
10 11 12 13 14
4 4 4
1 4
2 4
3 4
4 4
0 0 0 0
0 1 2 0
0 3 4 0
0 0 0 0
10 10 14
1 12
2 16
3 4
4 3
5 12
6 3
7 9
8 4
9 1
10 5
11 2
12 12
13 9
14 8
0 0 0 0 1 0 0 0 0 0
0 2 0 0 0 0 0 0 0 0
0 0 0 0 3 0 0 4 0 0
0 0 0 0 0 0 0 0 0 5
0 0 0 0 0 0 0 0 0 0
0 0 6 0 7 0 8 0 0 0
0 0 0 0 0 0 9 0 0 0
0 0 0 0 0 0 0 10 0 0
0 0 0 0 0 11 0 0 0 0
0 12 13 0 0 0 0 0 14 0
10 9 8
1 10
2 20
3 25
4 6
5 6
6 9
7 10
8 4
0 0 0 0 0 0 0 0 0 0
0 0 0 0 0 0 0 0 1 0
0 0 0 2 0 0 0 0 0 0
0 0 0 0 0 0 3 0 0 0
0 0 0 0 0 0 0 0 0 0
0 4 0 0 0 0 0 0 0 0
0 0 0 5 0 0 0 0 0 0
0 6 0 0 7 0 0 0 8 0
0 0 0 0 0 0 0 0 0 0
10 10 12
1 15
2 12
3 9
4 6
5 4
6 2
7 6
8 12
9 9
10 5
11 12
12 8
0 0 0 0 0 0 0 0 0 0
0 0 1 0 0 0 2 0 0 0
0 0 0 0 0 0 0 0 0 0
0 0 0 0 0 0 0 3 0 0
0 0 0 0 0 0 0 0 0 0
0 0 0 0 4 0 5 0 6 7
0 0 0 0 0 0 0 0 0 0
0 8 0 9 0 10 0 11 0 0
0 0 0 0 0 0 0 0 0 0
0 0 0 0 0 0 0 0 12 0
10 10 14
1 4
2 3
3 15
4 12
5 15
6 2
7 6
8 2
9 8
10 7
11 4
12 6
13 6
14 10
1 0 0 0 0 0 0 0 0 0
0 0 0 0 2 0 0 3 0 0
0 0 0 0 0 0 0 0 0 0
0 0 0 0 0 0 4 0 0 0
0 5 0 0 0 0 0 0 0 0
0 0 0 0 6 0 0 7 8 0
0 0 0 0 0 0 0 0 0 9
10 0 11 0 0 12 0 0 0 0
0 0 13 0 0 0 0 14 0 0
0 0 0 0 0 0 0 0 0 0
10 10 3
1 50
2 15
3 35
0 0 0 0 0 0 0 0 0 0
0 0 0 0 0 0 0 0 0 0
0 0 1 0 0 0 0 0 0 0
0 0 0 0 0 0 0 0 0 0
0 0 0 0 0 0 0 0 0 0
0 0 0 0 0 0 0 0 2 0
0 0 0 0 0 0 0 0 0 0
0 0 0 0 0 0 0 0 0 0
0 3 0 0 0 0 0 0 0 0
0 0 0 0 0 0 0 0 0 0
10 10 1
1 100
0 0 0 0 0 0 0 0 0 0
0 0 0 0 0 0 0 0 0 0
0 0 0 0 0 0 0 0 0 0
0 0 0 0 0 0 0 0 0 0
0 0 0 0 0 0 0 0 0 0
0 0 0 0 0 0 0 0 0 0
0 0 0 0 0 0 0 0 0 0
0 0 1 0 0 0 0 0 0 0
0 0 0 0 0 0 0 0 0 0
0 0 0 0 0 0 0 0 0 0
10 10 14
1 14
2 16
3 4
4 3
5 12
6 3
7 9
8 4
9 1
10 5
11 2
12 12
13 9
14 8
0 0 0 0 1 0 0 0 0 0
0 2 0 0 0 0 0 0 0 0
0 0 0 0 3 0 0 4 0 0
0 0 0 0 0 0 0 0 0 5
0 0 0 0 0 0 0 0 0 0
0 0 6 0 7 0 8 0 0 0
0 0 0 0 0 0 9 0 0 0
0 0 0 0 0 0 0 10 0 0
0 0 0 0 0 11 0 0 0 0
0 12 13 0 0 0 0 0 14 0
10 9 8
1 10
2 20
3 25
4 6
5 6
6 11
7 10
8 2
0 0 0 0 0 0 0 0 0 0
0 0 0 0 0 0 0 0 1 0
0 0 0 2 0 0 0 0 0 0
0 0 0 0 0 0 3 0 0 0
0 0 0 0 0 0 0 0 0 0
0 4 0 0 0 0 0 0 0 0
0 0 0 5 0 0 0 0 0 0
0 6 0 0 7 0 0 0 8 0
0 0 0 0 0 0 0 0 0 0
10 10 13
1 15
2 12
3 9
4 6
5 4
6 2
7 6
8 12
9 9
10 5
11 11
12 1
13 8
0 0 0 0 0 0 0 0 0 0
0 0 13 0 0 0 12 0 0 0
0 0 0 0 0 0 0 0 0 0
0 0 0 0 0 0 0 9 0 0
0 0 0 0 0 0 0 0 0 0
0 0 0 0 6 0 4 0 2 6
0 0 0 0 0 0 0 0 0 0
0 12 0 9 0 5 0 11 0 0
1 0 0 0 0 0 0 0 0 0
0 0 0 0 0 0 0 0 8 0
10 10 15
1 4
2 3
3 15
4 12
5 14
6 2
7 6
8 2
9 8
10 7
11 4
12 6
13 6
14 10
15 1
1 0 0 0 0 0 0 0 0 0
0 0 0 0 2 0 0 3 0 0
0 0 0 0 0 0 0 0 0 0
0 0 0 0 0 0 4 0 0 0
0 5 0 0 0 0 0 0 0 0
0 0 0 0 6 0 0 7 8 0
0 0 0 0 0 0 0 0 0 9
10 0 11 0 0 12 0 0 0 0
0 0 13 0 0 0 0 14 0 0
15 0 0 0 0 0 0 0 0 0
10 10 4
1 50
2 15
3 1
4 36
0 0 0 0 0 0 0 0 0 0
0 0 0 0 0 0 0 0 0 0
0 0 1 0 0 0 0 0 0 0
0 0 0 0 0 0 0 0 0 0
0 0 0 0 0 0 0 0 0 0
0 0 0 0 0 0 0 0 2 0
0 0 3 0 0 0 0 0 0 0
0 0 0 0 0 0 0 0 0 0
0 4 0 0 0 0 0 0 0 0
0 0 0 0 0 0 0 0 0 0
10 10 2
1 2
2 98
0 0 0 0 0 0 0 0 0 0
0 0 0 0 0 0 0 0 0 0
0 0 0 0 0 0 0 0 0 0
0 0 0 0 0 0 0 0 0 0
0 0 0 1 0 0 0 0 0 0
0 0 0 0 0 0 0 0 0 0
0 0 0 0 0 0 0 0 0 0
0 0 2 0 0 0 0 0 0 0
0 0 0 0 0 0 0 0 0 0
0 0 0 0 0 0 0 0 0 0
0 0 0
