1
1 1 1 1 1 1 1
1
1
1
1
1
2 1 1
2 3 5
2 4 5
2 1 1
2 1 1
2 3 3
1 2 2 2 2 2
3 3 3 3 4 5
9 9 6 10 8 8
9 9 7 10 8 8
9 9 7 10 11 11
4 1 1 2
4 1 1 2
4 1 1 2
4 1 1 2
4 3 3 3
4 5 5 6
1 1 1 1 1 3
5 5 4 4 2 3
5 5 4 4 6 8
5 5 4 4 6 8
7 7 4 4 6 8
1 1 1 2 2 2 2 3 3 3
4 4 4 4 4 4 4 5 5 8
6 6 6 6 6 6 7 5 5 8
1 2 2 2 2
3 4 5 6 6
3 7 12 6 6
8 8 12 9 14
10 11 12 13 14
1 1 2 2
1 1 2 2
3 3 4 4
3 3 4 4
2 2 2 2 1 1 1 1 1 1
2 2 2 2 1 1 1 1 1 1
2 2 2 2 3 3 8 4 4 4
2 2 2 2 3 3 8 5 5 5
12 12 6 7 7 7 8 5 5 5
12 12 6 7 7 7 8 5 5 5
12 12 6 7 7 7 9 5 5 5
12 12 13 13 13 10 10 10 10 10
12 12 13 13 13 11 14 14 14 14
12 12 13 13 13 11 14 14 14 14
2 2 2 2 2 1 1 1 1 1
2 2 2 2 2 1 1 1 1 1
2 2 2 2 2 3 3 3 3 3
2 2 2 2 2 3 3 3 3 3
4 4 4 5 5 3 3 3 3 3
4 4 4 5 5 3 3 3 3 3
6 6 6 5 5 3 3 3 3 3
6 6 6 7 7 7 7 7 8 8
6 6 6 7 7 7 7 7 8 8
1 1 1 1 1 2 2 2 2 7
1 1 1 1 1 2 2 2 2 7
1 1 1 1 1 2 2 2 2 7
3 3 3 3 3 3 3 3 3 7
8 8 4 4 4 10 5 5 6 7
8 8 4 4 4 10 5 5 6 7
8 8 9 9 9 10 11 11 11 11
8 8 9 9 9 10 11 11 11 11
8 8 9 9 9 10 11 11 11 11
8 8 12 12 12 12 12 12 12 12
1 1 1 1 2 3 3 3 3 3
10 5 5 5 2 3 3 3 3 3
10 5 5 5 2 3 3 3 3 3
10 5 5 5 4 4 4 4 4 4
10 5 5 5 4 4 4 4 4 4
10 5 5 5 6 6 7 7 8 8
10 11 11 12 12 12 7 7 9 9
10 11 11 12 12 12 7 7 9 9
13 13 13 14 14 14 14 14 9 9
13 13 13 14 14 14 14 14 9 9
1 1 1 1 1 1 1 1 1 1
1 1 1 1 1 1 1 1 1 1
1 1 1 1 1 1 1 1 1 1
1 1 1 1 1 1 1 1 1 1
1 1 1 1 1 1 1 1 1 1
3 3 3 3 3 3 3 2 2 2
3 3 3 3 3 3 3 2 2 2
3 3 3 3 3 3 3 2 2 2
3 3 3 3 3 3 3 2 2 2
3 3 3 3 3 3 3 2 2 2
1 1 1 1 1 1 1 1 1 1
1 1 1 1 1 1 1 1 1 1
1 1 1 1 1 1 1 1 1 1
1 1 1 1 1 1 1 1 1 1
1 1 1 1 1 1 1 1 1 1
1 1 1 1 1 1 1 1 1 1
1 1 1 1 1 1 1 1 1 1
1 1 1 1 1 1 1 1 1 1
1 1 1 1 1 1 1 1 1 1
1 1 1 1 1 1 1 1 1 1
NA
NA
NA
NA
NA
NA
1
1 1 1 1 1 1 1
1
1
1
1
1
2 1 1
2 3 5
2 4 5
2 1 1
2 1 1
2 3 3
1 2 2 2 2 2
3 3 3 3 4 5
9 9 6 10 8 8
9 9 7 10 8 8
9 9 7 10 11 11
4 1 1 2
4 1 1 2
4 1 1 2
4 1 1 2
4 3 3 3
4 5 5 6
1 1 1 1 1 3
5 5 4 4 2 3
5 5 4 4 6 8
5 5 4 4 6 8
7 7 4 4 6 8
1 1 1 2 2 2 2 3 3 3
4 4 4 4 4 4 4 5 5 8
6 6 6 6 6 6 7 5 5 8
1 2 2 2 2
3 4 5 6 6
3 7 12 6 6
8 8 12 9 14
10 11 12 13 14
1 1 2 2
1 1 2 2
3 3 4 4
3 3 4 4
2 2 2 2 1 1 1 1 1 1
2 2 2 2 1 1 1 1 1 1
2 2 2 2 3 3 8 4 4 4
2 2 2 2 3 3 8 5 5 5
12 12 6 7 7 7 8 5 5 5
12 12 6 7 7 7 8 5 5 5
12 12 6 7 7 7 9 5 5 5
12 12 13 13 13 10 10 10 10 10
12 12 13 13 13 11 14 14 14 14
12 12 13 13 13 11 14 14 14 14
2 2 2 2 2 1 1 1 1 1
2 2 2 2 2 1 1 1 1 1
2 2 2 2 2 3 3 3 3 3
2 2 2 2 2 3 3 3 3 3
4 4 4 5 5 3 3 3 3 3
4 4 4 5 5 3 3 3 3 3
6 6 6 5 5 3 3 3 3 3
6 6 6 7 7 7 7 7 8 8
6 6 6 7 7 7 7 7 8 8
1 1 1 1 1 2 2 2 2 7
1 1 1 1 1 2 2 2 2 7
1 1 1 1 1 2 2 2 2 7
3 3 3 3 3 3 3 3 3 7
8 8 4 4 4 10 5 5 6 7
8 8 4 4 4 10 5 5 6 7
8 8 9 9 9 10 11 11 11 11
8 8 9 9 9 10 11 11 11 11
8 8 9 9 9 10 11 11 11 11
8 8 12 12 12 12 12 12 12 12
1 1 1 1 2 3 3 3 3 3
10 5 5 5 2 3 3 3 3 3
10 5 5 5 2 3 3 3 3 3
10 5 5 5 4 4 4 4 4 4
10 5 5 5 4 4 4 4 4 4
10 5 5 5 6 6 7 7 8 8
10 11 11 12 12 12 7 7 9 9
10 11 11 12 12 12 7 7 9 9
13 13 13 14 14 14 14 14 9 9
13 13 13 14 14 14 14 14 9 9
1 1 1 1 1 1 1 1 1 1
1 1 1 1 1 1 1 1 1 1
1 1 1 1 1 1 1 1 1 1
1 1 1 1 1 1 1 1 1 1
1 1 1 1 1 1 1 1 1 1
3 3 3 3 3 3 3 2 2 2
3 3 3 3 3 3 3 2 2 2
3 3 3 3 3 3 3 2 2 2
3 3 3 3 3 3 3 2 2 2
3 3 3 3 3 3 3 2 2 2
1 1 1 1 1 1 1 1 1 1
1 1 1 1 1 1 1 1 1 1
1 1 1 1 1 1 1 1 1 1
1 1 1 1 1 1 1 1 1 1
1 1 1 1 1 1 1 1 1 1
1 1 1 1 1 1 1 1 1 1
1 1 1 1 1 1 1 1 1 1
1 1 1 1 1 1 1 1 1 1
1 1 1 1 1 1 1 1 1 1
1 1 1 1 1 1 1 1 1 1
NA
NA
NA
NA
NA
NA
