2 2 2 2 1 1 1 1 1 1
2 2 2 2 1 1 1 1 1 1
2 2 2 2 3 3 8 4 4 4
2 2 2 2 3 3 8 5 5 5
12 12 6 7 7 7 8 5 5 5
12 12 6 7 7 7 8 5 5 5
12 12 6 7 7 7 9 5 5 5
12 12 13 13 13 10 10 10 10 10
12 12 13 13 13 11 14 14 14 14
12 12 13 13 13 11 14 14 14 14
2 2 2 2 2 1 1 1 1 1
2 2 2 2 2 1 1 1 1 1
2 2 2 2 2 3 3 3 3 3
2 2 2 2 2 3 3 3 3 3
4 4 4 5 5 3 3 3 3 3
4 4 4 5 5 3 3 3 3 3
6 6 6 5 5 3 3 3 3 3
6 6 6 7 7 7 7 7 8 8
6 6 6 7 7 7 7 7 8 8
1 1 1 1 1 2 2 2 2 7
1 1 1 1 1 2 2 2 2 7
1 1 1 1 1 2 2 2 2 7
3 3 3 3 3 3 3 3 3 7
8 8 4 4 4 10 5 5 6 7
8 8 4 4 4 10 5 5 6 7
8 8 9 9 9 10 11 11 11 11
8 8 9 9 9 10 11 11 11 11
8 8 9 9 9 10 11 11 11 11
8 8 12 12 12 12 12 12 12 12
1 1 1 1 2 3 3 3 3 3
10 5 5 5 2 3 3 3 3 3
10 5 5 5 2 3 3 3 3 3
10 5 5 5 4 4 4 4 4 4
10 5 5 5 4 4 4 4 4 4
10 5 5 5 6 6 7 7 8 8
10 11 11 12 12 12 7 7 9 9
10 11 11 12 12 12 7 7 9 9
13 13 13 14 14 14 14 14 9 9
13 13 13 14 14 14 14 14 9 9
1 1 1 1 1 1 1 1 1 1
1 1 1 1 1 1 1 1 1 1
1 1 1 1 1 1 1 1 1 1
1 1 1 1 1 1 1 1 1 1
1 1 1 1 1 1 1 1 1 1
3 3 3 3 3 3 3 2 2 2
3 3 3 3 3 3 3 2 2 2
3 3 3 3 3 3 3 2 2 2
3 3 3 3 3 3 3 2 2 2
3 3 3 3 3 3 3 2 2 2
1 1 1 1 1 1 1 1 1 1
1 1 1 1 1 1 1 1 1 1
1 1 1 1 1 1 1 1 1 1
1 1 1 1 1 1 1 1 1 1
1 1 1 1 1 1 1 1 1 1
1 1 1 1 1 1 1 1 1 1
1 1 1 1 1 1 1 1 1 1
1 1 1 1 1 1 1 1 1 1
1 1 1 1 1 1 1 1 1 1
1 1 1 1 1 1 1 1 1 1
