13
14
15
16
17
10000000
9999999
9999998
9999997
9999996
7550825
8538284
4284638
6285314
6063259
9535849
9470057
1600745
5812074
9336036
2267339
8889096
8219879
4422368
4142875
3903079
5138694
4046300
9316677
3439816
4641614
1144923
6072667
1803662
5429192
1137870
9518104
1164877
5494295
8342937
9994523
1738654
4117418
9560430
5957201
3929025
5966469
6599870
2527517
4027302
7048959
3632961
8656248
2233345
7150
7062037
274158
3529885
1666683
250605
8731298
4385509
1362146
1498207
1703365
8292012
4660362
4480344
7204480
7118519
3189794
280692
2762114
5282589
8680739
6779739
3583207
5297581
9279968
8216562
7838591
7594080
8389497
5292536
6201605
6858093
4794757
9736082
9997788
8353132
2506919
8084441
2575877
814252
7717854
2653762
6182988
8088995
8352289
25605
7402904
1907213
5927249
2275011
1042036
274318
9515665
317167
1706385
2344853
8942982
8200657
2896139
3359285
9334412
1045602
1282156
5854721
9170341
8654594
357605
9862065
4583905
4483136
4658952
6367809
53143
1184778
2677705
3274133
199327
2166627
6851657
3629902
129028
122871
3632871
1878661
5671698
9813336
8041674
9935929
7598430
6512633
2249292
6074685
4641908
4669977
5962939
1584851
8586049
7363807
5140976
4325974
1418875
2051287
8614420
2201064
2809647
7296027
160268
2810448
8836417
2998496
9627173
6838399
1775239
8204085
1733830
2423824
284593
6019282
6396652
9742585
8054050
6095473
9563983
7942666
4915289
3705227
8799790
7535427
5802495
671520
2210145
6864715
3748801
2679353
3393106
5915454
7115754
5612887
8180970
4251141
5142265
6010537
2247823
2970906
9695651
2093033
2703334
3563518
5999383
9022244
3386314
5862115
1301040
599046
202545
7555854
7212841
3925728
1550209
162936
7928795
2837296
5216709
1567636
4851653
8798384
3707006
6626704
940800
3057537
6998089
8974350
5547152
5321547
9883721
3411115
5180344
4997178
1303993
7239529
3746345
6625414
9878192
7782633
5862282
2154313
4926353
5560570
5160726
6650269
309849
2632814
4743363
9986930
1429966
3000472
213712
6364153
7937389
9287361
511339
8550781
1302744
1579702
9309286
8267403
6874310
1455691
5485764
1159976
4537889
444487
2479650
1103013
4792786
6426564
6511240
5583221
1668401
8176415
1592759
3854609
6169281
1796134
6130154
9408692
9750562
8764852
6377074
1701317
6620927
9152336
2118126
8644105
1058072
7948275
9448554
4292197
7162102
7922341
8257932
2940127
2161700
8470768
1470487
9606559
4994025
9293780
1668879
2725744
6060404
9693504
4895234
8093976
8272350
3284982
3658963
5246303
9392033
3175030
6946199
8725158
4653127
2601243
3217185
3818721
5653048
4332306
4991262
712907
5226664
7703956
5111268
2307305
920147
4254949
1667835
9485186
355074
9334123
7720542
6234131
726312
2887903
5061833
5415082
2584751
5626280
5421215
6707889
3500311
2264086
2623186
9759699
9993157
2638528
2172621
1055874
9004243
5914346
541595
9622950
2118881
1793908
925478
7542834
7914345
2396666
5283783
5498349
8127023
8779524
7880663
6062533
4324950
7351987
7578012
5329006
3453850
960071
6900461
8078318
9622002
7043529
6729178
1192299
5530672
946326
4750983
7088337
9825596
6855130
8064034
1616367
6749595
3652939
2679921
6489617
2969782
421630
4210041
548838
9669281
4193717
8423906
8561002
6311701
8004040
6363602
6940908
4401012
7846608
3076069
5034196
3732798
6210158
7464444
948102
6459739
6945475
2069395
1841796
3731823
6179512
5569874
4696536
8538069
6478183
8630274
5809401
1369263
4679664
1745337
6266578
6304613
1529475
1178615
8272341
2913558
135191
888594
4723421
9643821
9183445
4694860
1294454
3895126
9460818
4356201
8774563
774370
6698995
9772789
1610151
9632005
4011228
5202353
9054739
9010555
9078940
2742810
5736664
1264089
1354914
6818422
3139175
1710757
1593209
4651056
3008487
1706464
6201933
4185501
6296593
5813694
3166
5186228
3513100
21500
8455460
7097353
9975058
4900279
6598932
848063
4998525
8462259
874969
8684318
7559173
4552829
4470442
9270863
1187347
238707
870765
726314
7897133
7625074
2429236
3618648
1634319
7477357
7463973
1084321
360991
9674294
3879047
8688942
8111093
5052729
3447843
2622438
3385992
7949630
8252130
1056581
8934142
2219832
1878304
5260525
373182
587493
9912809
3051093
1558233
115592
6533607
9502820
1270666
4410240
7921297
7085123
8371175
2826277
5997063
3860838
7900194
9520307
1833457
7050555
1523866
1441223
875575
818206
2973879
8688240
6396516
2288341
6330675
3273183
7023588
1234901
4695075
2801867
4921447
7647993
6773770
7368922
7023469
6934816
7771152
6055444
9522382
7566285
2377422
5946464
1894964
6484524
9242025
5397046
532728
3638541
4657663
2136218
7004830
7759838
6001828
2440211
9736067
6889865
2759249
4577615
1791425
6033728
3637984
891416
4810350
7315287
4491543
656508
8535630
5434292
8573943
7594128
9253888
6501879
4463818
2699631
1457919
5232844
1010856
8736065
5734867
750074
1520100
7700447
5928568
6713998
8284079
3714733
6201597
1164258
2589058
4992804
7723072
113102
3771342
9218941
6141877
4280780
2829944
3217916
2642526
5106672
3589019
7473488
6202521
9867105
6788501
7639042
5517859
8446881
5030001
6045390
2991882
6101710
2373398
9966501
6602945
4033799
4634854
3004771
5726967
5057890
4408699
5892256
6850618
4467025
3184741
9587761
7748429
3337690
1294787
1340814
5721468
4396501
4160839
9235199
1148689
3248075
5326295
9786305
3965405
1312143
4014678
5463175
8562696
1272859
189884
4169260
5472203
7191851
3116614
8184864
6858887
4317288
9824423
2401868
8396361
759364
3477748
6952638
6277078
4302008
3263286
9916024
4775194
3054986
9105810
5381584
6817773
4127318
2962825
7570158
2370127
2704263
8259999
4904722
3109261
2658529
5015537
1228406
8739136
3095611
8972784
9640230
6113580
3633465
8067145
3422826
8729509
1688594
2702139
3053992
3513143
2629825
467423
5650183
776324
4795524
1191495
9246442
9799497
7897203
8540489
2177619
4459078
8046238
8647143
8717137
7796104
9353465
6185978
9748216
9028411
8313564
5261834
2008881
5802470
7384749
6868186
5322003
6560478
9340194
9164235
7790822
4335070
862904
2209843
4797090
8038998
7892676
3441815
759970
4538843
3721819
9253116
8725650
8330425
9427702
5102881
8772753
1180619
5785529
6827507
782649
35113
5240339
963207
9891887
470787
5647615
4330840
9005294
1608353
5798756
522029
8023644
6418236
1533038
2221336
8019740
5763454
211116
2737454
656234
4178846
6531887
2221205
3083803
7812659
9859645
3912718
9560121
448261
2446219
1210075
5131316
9643396
8077828
7228095
5056376
4507451
2413758
3594457
2101222
2389173
209348
4859819
4965232
7710833
1329234
5213427
7435659
4420844
9675056
1961082
1973604
4138905
2270148
4487741
8267367
965586
9856738
7519825
7782941
8789409
7556601
1833650
7588843
4480415
3191478
9781963
6061609
7002370
7916546
2611575
988125
5931962
8818409
5529286
7286952
6661078
333755
6205513
2851182
7813329
2837872
8629893
2397203
2160727
33320
3015653
4678067
7835088
1228833
1126173
9212596
9136778
6806813
2735687
7840339
2127665
5048968
9402368
4826451
1220353
7196991
4576682
6480603
3655942
5671219
484227
2332497
6147434
7968560
1270046
3267983
2614121
3074816
7832649
6632373
3238142
1467074
851055
218128
738272
7862507
1765440
7287242
4008172
9244248
7970256
6584170
8463285
3048320
5661377
9454373
7752353
8477769
6135862
5765358
6194043
728368
712780
5138553
7113642
5255861
8298056
7466480
1182349
2421555
8103634
1196411
5008291
935582
3997737
5594164
7270149
1518416
7322983
4796792
6204469
2264679
7775873
6611007
9527539
9960971
4647635
7720752
3741462
6479414
7956021
866440
4629578
6457668
4564809
8617158
5546408
4195282
179625
2913624
728999
6092511
4672513
8859461
7012144
2954043
4605171
809596
6104397
1771419
3372507
7075089
5488229
6938645
3668703
1036465
7324804
3180337
8120791
1275429
5364193
5587355
2213760
4358349
8287168
2084581
8014989
7333941
7306535
9876116
2010674
1573289
2427820
8011717
6682153
9041346
5894607
9793144
818524
4065508
856949
5910822
976742
8766228
360477
38185
5763370
4021784
4800920
1641680
3333719
4472151
3072253
1116060
5161638
6937595
5239211
7802357
9081998
1875881
4244319
369721
1365157
7490573
9682975
6306564
7084083
3976133
2864391
4497986
519181
1446687
1448207

15
16
17
18
19
20
21
22
23
24
25
26
27
28
29
30
31
32
33
34
35
36
37
38
39
40
41
42
43
44
45
46
47
48
49
50
51
52
53
54
55
56
57
58
59
60
61
62
63
64
65
66
67
68
69
70
71
72
73
74
75
76
77
78
79
80
81
82
83
84
85
86
87
88
89
90
91
92
93
94
95
96
97
98
99
100
101
102
103
104
105
106
107
108
109
110
111
112
113
114
115
116
117
118
119
120
121
122
123
124
125
126
127
128
129
130
131
132
133
134
135
136
137
138
139
140
141
142
143
144
145
146
147
148
149
150
151
152
153
154
155
156
157
158
159
160
161
162
163
164
165
166
167
168
169
170
171
172
173
174
175
176
177
178
179
180
181
182
183
184
185
186
187
188
189
190
191
192
193
194
195
196
197
198
199
200
201
202
203
204
205
206
207
208
209
210
211
212
213
214
215
216
217
218
219
220
221
222
223
224
225
226
227
228
229
230
231
232
233
234
235
236
237
238
239
240
241
242
243
244
245
246
247
248
249
250
251
252
253
254
255
256
257
258
259
260
261
262
263
264
265
266
267
268
269
270
271
272
273
274
275
276
277
278
279
280
281
282
283
284
285
286
287
288
289
290
291
292
293
294
295
296
297
298
299
300
301
302
303
304
305
306
307
308
309
310
311
312
313
314
315
316
317
318
319
320
321
322
323
324
325
326
327
328
329
330
331
332
333
334
335
336
337
338
339
340
341
342
343
344
345
346
347
348
349
350
351
352
353
354
355
356
357
358
359
360
361
362
363
364
365
366
367
368
369
370
371
372
373
374
375
376
377
378
379
380
381
382
383
384
385
386
387
388
389
390
391
392
393
394
395
396
397
398
399
400
401
402
403
404
405
406
407
408
409
410
411
412
413
414
415
416
417
418
419
420
421
422
423
424
425
426
427
428
429
430
431
432
433
434
435
436
437
438
439
440
441
442
443
444
445
446
447
448
449
450
451
452
453
454
455
456
457
458
459
460
461
462
463
464
465
466
467
468
469
470
471
472
473
474
475
476
477
478
479
480
481
482
483
484
485
486
487
488
489
490
491
492
493
494
495
496
497
498
499
500
501
502
503
504
505
506
507
508
509
510
511
512
513
514
515
516
517
518
519
520
521
522
523
524
525
526
527
528
529
530
531
532
533
534
535
536
537
538
539
540
541
542
543
544
545
546
547
548
549
550
551
552
553
554
555
556
557
558
559
560
561
562
563
564
565
566
567
568
569
570
571
572
573
574
575
576
577
578
579
580
581
582
583
584
585
586
587
588
589
590
591
592
593
594
595
596
597
598
599
600
601
602
603
604
605
606
607
608
609
610
611
612
613
614
615
616
617
618
619
620
621
622
623
624
625
626
627
628
629
630
631
632
633
634
635
636
637
638
639
640
641
642
643
644
645
646
647
648
649
650
651
652
653
654
655
656
657
658
659
660
661
662
663
664
665
666
667
668
669
670
671
672
673
674
675
676
677
678
679
680
681
682
683
684
685
686
687
688
689
690
691
692
693
694
695
696
697
698
699
700
701
702
703
704
705
706
707
708
709
710
711
712
713
714
715
716
717
718
719
720
721
722
723
724
725
726
727
728
729
730
731
732
733
734
735
736
737
738
739
740
741
742
743
744
745
746
747
748
749
750
751
752
753
754
755
756
757
758
759
760
761
762
763
764
765
766
767
768
769
770
771
772
773
774
775
776
777
778
779
780
781
782
783
784
785
786
787
788
789
790
791
792
793
794
795
796
797
798
799
800
801
802
803
804
805
806
807
808
809
810
811
812
813
814
815
816
817
818
819
820
821
822
823
824
825
826
827
828
829
830
831
832
833
834
835
836
837
838
839
840
841
842
843
844
845
846
847
848
849
850
851
852
853
854
855
856
857
858
859
860
861
862
863
864
865
866
867
868
869
870
871
872
873
874
875
876
877
878
879
880
881
882
883
884
885
886
887
888
889
890
891
892
893
894
895
896
897
898
899
900
901
902
903
904
905
906
907
908
909
910
911
912
913
914
915
916
917
918
919
920
921
922
923
924
925
926
927
928
929
930
931
932
933
934
935
936
937
938
939
940
941
942
943
944
945
946
947
948
949
950
951
952
953
954
955
956
957
958
959
960
961
962
963
964
965
966
967
968
969
970
971
972
973
974
975
976
977
978
979
980
981
982
983
984
985
986
987
988
989
990
991
992
993
994
995
996
997
998
999
1000
0
