13
13
13
13
13
9973219
9973219
9973219
9973219
9973219
7545919
8519479
4265719
6261379
6056209
9511429
9463249
1592869
5805259
9324439
2266639
8878279
8208919
4415449
4138249
3894049
5074879
4042609
9299449
3437719
4635979
1137889
6066589
1802659
5425759
1126669
9511429
1163719
5484139
8339629
9973219
1727779
4110349
9550399
5938789
3919249
5938789
6595579
2508049
4016569
7045699
3621469
8648839
2225059
5659
7051399
268819
3518329
1659109
247999
8729059
4377679
1360789
1468639
1691869
8281579
4647289
4467019
7201639
7097809
3187609
276049
2761729
5278579
8677399
6760009
3550699
5278579
9276859
8208919
7814299
7583509
8385109
5278579
6201499
6843379
4743709
9733819
9973219
8348539
2499949
8070919
2564329
814069
7703239
2635489
6177889
8070919
8348539
25309
7371649
1904479
5922229
2266639
1027759
268819
9511429
301999
1691869
2342779
8926459
8194939
2893489
3340879
9324439
1043599
1272289
5851429
9165259
8648839
354259
9835759
4579879
4467019
4647289
6359239
51349
1182289
2674549
3243349
195739
2159239
6843379
3621469
122209
122209
3621469
1857679
5651749
9792709
8023669
9933619
7583509
6512089
2248249
6066589
4635979
4660549
5938789
1584439
8576599
7356079
5074879
4316779
1410979
2050339
8604649
2193889
2805169
7286689
157279
2805169
8833249
2990839
9617989
6796639
1764229
8194939
1727779
2423419
276049
6016099
6378139
9739909
8023669
6066589
9550399
7934659
4900459
3690529
8799619
7534609
5774149
666439
2203969
6843379
3741169
2674549
3378049
5908459
7097809
5610469
8178259
4234429
5074879
6005899
2246149
2954689
9640489
2087389
2696929
3550699
5986039
9020989
3378049
5860249
1298119
597679
201829
7545919
7201639
3919249
1540969
157279
7913239
2822719
5205469
1540969
4833139
8773159
3690529
6621289
938059
3047419
6949339
8926459
5527009
5318899
9876109
3400219
5168929
4977439
1298119
7235959
3741169
6621289
9876109
7774309
5860249
2144509
4900459
5527009
5158039
6641359
301999
2614069
4740649
9973219
1410979
2990839
201829
6359239
7934659
9280549
510619
8540509
1298119
1577299
9299449
8248069
6843379
1451839
5484139
1157839
4529389
444349
2478529
1100839
4743709
6419299
6510199
5527009
1659109
8166079
1588759
3854119
6156979
1791739
6106489
9394969
9750079
8748589
6359239
1691869
6616789
9146989
2116579
8623039
1043599
7945039
9446869
4285669
7161859
7913239
8248069
2927809
2159239
8467639
1468639
9600589
4977439
9291649
1659109
2715289
6056209
9640489
4875259
8070919
8248069
3277699
3652939
5239189
9369559
3171739
6945559
8717749
4647289
2596669
3215749
3817819
5651749
4326409
4977439
705169
5205469
7703239
5074879
2303599
907399
4234429
1659109
9479419
354259
9324439
7703239
6213799
715159
2879299
5047129
5382109
2576599
5614159
5417389
6700699
3479899
2262979
2614069
9750079
9973219
2635489
2168659
1043599
8926459
5908459
539509
9617989
2116579
1791739
907399
7541929
7913239
2381089
5278579
5484139
8108539
8773159
7879849
6056209
4316779
7348639
7545919
5327899
3437719
959479
6884749
8070919
9617989
7039849
6727549
1182289
5527009
938059
4743709
7081189
9792709
6843379
8062009
1615849
6740479
3652939
2679499
6484069
2954689
420859
4208629
539509
9640489
4185919
8385109
8557729
6299149
7989469
6359239
6937969
4396789
7846549
3066829
5025079
3727729
6201499
7448479
946669
6438199
6942499
2065579
1837399
3727729
6177889
5527009
4693699
8519479
6474829
8623039
5805259
1368469
4675249
1727779
6261379
6299149
1525969
1173589
8248069
2893489
122209
881479
4707979
9640489
9165259
4693699
1285519
3894049
9446869
4353319
8773159
773029
6692269
9750079
1603339
9627469
3996529
5201299
9020989
8926459
9020989
2731909
5734699
1257079
1352209
6796639
3129619
1691869
1592869
4647289
2990839
1691869
6201499
4174609
6287929
5805259
2089
5184799
3513079
21019
8445979
7081189
9973219
4875259
6595579
845989
4997389
8460589
857959
8677399
7545919
4544209
4467019
9220249
1182289
225349
857959
715159
7882879
7610929
2423419
3593509
1631059
7475389
7448479
1068709
358909
9640489
3854119
8685379
8108539
5047129
3437719
2614069
3378049
7945039
8248069
1043599
8926459
2203969
1857679
5253769
361219
585919
9910759
3047419
1540969
109849
6528679
9494209
1257079
4405699
7913239
7081189
8348539
2822719
5986039
3854119
7882879
9511429
1830349
7045699
1514329
1440589
875269
814069
2954689
8685379
6378139
2266639
6329509
3243349
7016749
1233439
4693699
2790259
4900459
7645669
6760009
7367029
7016749
6925159
7754899
6054289
9511429
7545919
2376169
5938789
1890529
6484069
9220249
5382109
518809
3621469
4647289
2136139
6949339
7754899
5986039
2423419
9733819
6884749
2731909
4575289
1780489
6024049
3621469
889879
4809949
7305379
4487809
654169
8519479
5425759
8573449
7583509
9220249
6501799
4453489
2696929
1451839
5229409
1008859
8729059
5734699
739399
1514329
7681369
5922229
6708859
8281579
3713449
6201499
1163719
2576599
4977439
7703239
109849
3741169
9165259
6136219
4265719
2822719
3215749
2635489
5074879
3586909
7465489
6201499
9835759
6787639
7610929
5499079
8445979
5025079
6024049
2990839
6066589
2362279
9950539
6602209
4032409
4627879
2990839
5698579
5047129
4405699
5860249
6843379
4467019
3171739
9585889
7734829
3328909
1285519
1340329
5698579
4377679
4157899
9220249
1146799
3243349
5318899
9783889
3951559
1298119
3996529
5461999
8561809
1272289
187639
4157899
5465359
7187779
3103279
8183899
6843379
4316779
9792709
2381089
8385109
739399
3467539
6949339
6261379
4300189
3243349
9910759
4743709
3047419
9083029
5327899
6796639
4110349
2954689
7545919
2362279
2696929
8248069
4900459
3103279
2635489
4997389
1228399
8729059
3092569
8926459
9627469
6106489
3621469
8062009
3416059
8729059
1685449
2696929
3047419
3513079
2614069
465169
5614159
773029
4743709
1182289
9220249
9792709
7882879
8519479
2177509
4453489
8023669
8623039
8691589
7774309
9353299
6177889
9744409
9020989
8312419
5261749
2007919
5774149
7371649
6843379
5318899
6556609
9324439
9154969
7774309
4332619
857959
2203969
4796089
8023669
7882879
3437719
739399
4529389
3713449
9220249
8717749
8326609
9426499
5074879
8748589
1173589
5774149
6796639
773029
34849
5239189
959479
9876109
470089
5614159
4326409
8926459
1603339
5774149
518809
7989469
6406579
1525969
2203969
7989469
5760109
201829
2731909
654169
4174609
6528679
2203969
3076399
7806439
9835759
3894049
9550399
444349
2443789
1182289
5074879
9640489
8070919
7201639
5047129
4487809
2413429
3593509
2087389
2381089
201829
4852459
4959049
7703239
1324579
5205469
7433059
4415449
9640489
1959319
1959319
4138249
2266639
4467019
8248069
959479
9835759
7499209
7774309
8773159
7545919
1833529
7583509
4467019
3187609
9778039
6056209
6949339
7913239
2604739
983449
5930929
8799619
5527009
7286689
6655639
326149
6201499
2849689
7806439
2822719
8623039
2381089
2159239
31729
2990839
4675249
7814299
1228399
1122139
9165259
9127639
6796639
2731909
7814299
2116579
5047129
9394969
4809949
1210879
7187779
4575289
6474829
3652939
5651749
477019
2303599
6144379
7961959
1257079
3243349
2614069
3066829
7814299
6631909
3224869
1461409
845989
217369
736369
7861039
1764229
7286689
3996529
9220249
7961959
6582469
8460589
3047419
5651749
9446869
7734829
8467639
6130549
5760109
6193309
715159
705169
5074879
7097809
5253769
8281579
7465489
1182289
2418679
8101789
1182289
4997389
930079
3996529
5527009
7267459
1514329
7316299
4796089
6201499
2262979
7774309
6602209
9511429
9950539
4647289
7703239
3741169
6474829
7945039
857959
4627879
6438199
4561639
8616919
5527009
4185919
171169
2893489
715159
6066589
4660549
8844379
6949339
2952799
4596079
803449
6102919
1764229
3371449
7051399
5484139
6937969
3652939
1027759
7316299
3171739
8108539
1272289
5327899
5527009
2203969
4353319
8281579
2084449
7989469
7328779
7305379
9876109
2007919
1571749
2423419
7989469
6655639
9020989
5892709
9792709
814069
4059199
855739
5908459
976309
8748589
358909
34849
5760109
4016569
4796089
1631059
3328909
4467019
3066829
1100839
5158039
6925159
5239189
7802239
9081889
1857679
4234429
361219
1360789
7483789
9640489
6299149
7081189
3975709
2849689
4487809
518809
1440589
1447009
