10 3
5
10
20
1 2 9 8
2 7 8 5
5 3 2 17
20 1 2 4
-1 -1 -1 -1
10 3
5
10
20
1 2 9 8
2 7 8 5
5 3 2 17
20 1 2 4
-1 -1 -1 -1

5 2
10 
20
1 2 1 15
2 3 2 5
-1 -1 -1 -1

5 2
1
20	
1 2 5 15
2 1 4 5
-1 -1 -1 -1

5 2
20 
20
1 5 1 15
2 3 3 5
-1 -1 -1 -1


5 2
20 
20
1 5 1 15
2 3 3 5
-1 -1 -1 -1


5 2
20 
20
1 5 1 15
2 3 4 5
-1 -1 -1 -1


5 1
15
1 5 1 15
49 5 1 15
-1 -1 -1 -1

2 2
10
10
1 1 2 3
2 2 1 3
-1 -1 -1 -1

100 20
0
23
20
34
2343
2
234
10
90
100
110
120
130
140
150
160
170
180
190
200
1 1 2 20
2 3 100 3
3 4 20 59
4 5 1 34
100 23 24 234
120 23 21 1
123 100 50 2000
-1 -1 -1 -1


0 0
