1 114 38
61 148 71
43 118 185
5183 256 31
471 142 170
157 214 207
171 145 63
479 73 131
159 266 135
205 8 77
39 62 9
452 93 172
304 123 137
409 100 204
199 26 140
237 269 37
7759 170 60
23 70 167
488 277 167
395 236 34
465 52 111
147 319 65
460 37 42
367 60 108
239 332 108
1 211 51
461 44 68
103 28 13
241 2 128
61 130 158
271 278 42
119 258 55
340 179 139
227 24 179
73 269 182
238 327 183
183 326 144
17 24 56
404 261 88
171 115 24
199 200 125
348 137 133
489 157 21
261 77 111
228 11 181
225 332 31
381 290 181
95 298 107
162 343 158
443 125 17
8 81 83
333 244 195
255 322 11
310 343 172
1 1 1
8897 337 210
109 299 108
472 11 79
114 305 22
478 219 71
373 273 164
395 301 59
4008 29 187
499 194 114
142 265 153
209 163 40
302 15 107
133 74 16
389 130 27
158 313 117
37 42 16
9 314 32
116 193 116
417 155 59
27 166 126
411 167 2
109 175 140
230 231 179
479 324 9
101 286 131
230 269 185
133 54 83
373 311 147
478 107 148
300 283 45
2605 302 203
231 260 141
31 292 187
105 338 31
239 156 90
19 288 187
340 227 184
319 345 116
259 120 168
199 116 29
19 252 153
275 91 167
145 159 109
151 190 130
416 255 68
362 175 155
435 317 124
298 203 124
297 61 39
495 149 130
394 277 128
8826 169 68
397 306 149
141 314 77
299 277 30
305 73 13
145 211 110
487 146 199
370 101 1
427 160 149
485 252 15
175 332 78
470 213 182
125 262 54
4793 226 57
1 255 53
439 22 103
137 100 141
11 26 117
407 306 15
125 323 6
311 204 193
273 155 180
417 26 34
397 114 99
353 132 118
169 132 78
399 218 52
189 142 141
309 124 122
507 290 82
413 284 26
335 22 64
433 199 189
155 176 84
419 36 139
196 121 33
417 290 42
179 245 93
41 142 160
386 131 199
305 103 125
235 52 22
266 149 168
131 52 133
341 329 113
447 232 84
377 321 163
2549 230 185
274 233 178
392 33 208
400 31 18
417 188 197
431 228 40
18 197 142
373 54 209
163 78 132
1 1 1
8866 337 210
226 275 139
387 226 83
51 38 11
191 306 193
194 47 201
475 48 10
449 93 132
390 59 25
391 45 33
19 336 124
236 343 182
73 11 83
362 233 9
471 268 176
275 158 44
23 180 171
255 248 32
433 285 192
159 302 102
29 193 26
465 254 209
298 87 110
231 160 5
281 30 6
457 315 210
368 339 112
208 119 1
91 277 152
307 189 208
185 263 205
139 270 105
384 343 100
7 284 115
347 305 162
128 243 178
81 301 45
249 310 138
349 237 191
14 165 28
491 234 13
97 231 90
31 114 31
31 211 85
36 245 76
261 70 81
387 130 198
438 181 129
305 247 135
265 319 63
461 222 27
191 138 192
439 320 60
0 0 0

