38 25 33
18 21 16
280 274 271
134 108 110
156 131 120
421 425 394
5 4 5
565 543 509
6 3 5
981 928 891
650 624 586
447 437 408
159 144 139
817 760 719
24 19 17
238 218 207
13 10 16
270 232 238
414 432 374
90 85 70
109 92 83
15 19 14
56 47 57
98 86 68
723 675 627
118 103 94
219 156 153
24 31 23
245 229 214
94 82 82
2 1 3
180 164 169
250 251 241
63 42 48
3 10 7
267 246 247
259 251 255
51 60 51
89 93 78
297 307 293
344 302 290
17 21 18
357 310 295
46 43 55
181 174 174
4 5 6
217 213 186
864 822 762
58 48 46
279 270 254
42 46 48
95 74 65
605 575 542
110 103 87
61 65 66
47 48 49
72 73 79
490 482 456
19 23 24
4 8 3
128 107 105
363 345 336
361 332 342
140 131 120
161 162 149
51 44 37
417 385 376
6 9 7
11 16 9
37 38 29
15 8 5
48 48 39
231 196 203
242 213 195
260 237 223
175 153 158
320 279 276
541 506 473
18 21 16
161 127 127
318 294 263
430 415 405
32 26 32
671 623 554
76 73 71
152 134 119
101 87 91
400 387 375
109 99 92
240 244 209
133 121 114
88 100 98
197 208 167
185 137 140
95 71 59
0 5 5
51 38 46
103 84 69
101 84 87
46 29 36
