507 424 426
1102 1148 1062
64 61 50
2692 2633 2739
2464 2434 2500
1227 1184 1229
216 238 246
215 169 160
83 94 93
386 378 356
473 487 426
3158 3090 3176
9573 9507 9648
3979 4081 4180
126 151 140
963 885 912
5 5 9
680 732 713
1861 1926 1876
5473 5459 5448
4804 4789 4805
3810 3703 3815
340 361 379
2419 2449 2580
5883 5797 5864
1565 1586 1601
79 74 70
4430 4376 4410
1193 1158 1247
4122 4113 4190
1553 1501 1523
2650 2589 2633
413 403 393
235 259 241
382 341 383
3079 3020 2987
334 344 309
1613 1529 1538
2057 2086 2057
297 324 331
1281 1250 1284
5838 5764 5894
1116 1172 1168
285 290 310
1705 1735 1779
1097 1078 1119
2130 2096 2158
51 44 53
1413 1501 1502
1521 1437 1417
1030 1011 1001
2574 2630 2650
229 220 175
290 293 297
6496 6440 6512
7764 7586 7856
3565 3438 3434
820 815 786
2057 1967 2021
10847 10879 11072
4814 4825 4851
7128 6983 7137
774 803 823
5747 5781 5860
162 145 158
888 822 866
4585 4577 4632
5828 5840 5808
163 180 165
5669 5688 5763
3999 4020 4080
207 219 202
797 817 828
3707 3617 3674
174 190 176
585 586 545
375 387 338
2844 2801 2844
609 576 623
2976 2953 2926
1106 1139 1135
831 860 829
252 254 232
478 492 494
1814 1792 1824
515 478 492
5118 5116 5180
2234 2274 2202
1954 1862 1880
1720 1671 1759
8423 8252 8525
541 571 598
3041 2943 3012
637 563 580
3777 3678 3777
3969 3961 3947
12 13 11
902 884 909
2498 2491 2436
270 281 296
