6
62 4 5
62 6 7
3 0 1
99 0 1
32 4 9
22 0 8
6
70 0 1
57 6 9
35 6 10
35 0 3
14 8 10
2 2 10
9
79 2 4
43 0 8
66 3 9
5 6 10
26 1 5
69 9 10
50 3 10
51 6 10
21 0 4
4
81 0 8
18 1 9
17 0 9
19 2 4
1
93 1 8
3
98 4 5
52 0 5
1 7 9
2
76 7 10
58 0 6
3
37 6 10
12 4 8
85 4 9
5
96 0 5
65 1 7
99 0 7
2 1 8
26 1 7
9
48 5 10
20 3 10
51 3 4
53 8 10
80 3 10
34 4 9
29 6 7
34 0 3
79 4 5
9
55 0 9
98 9 10
80 4 7
9 8 9
62 1 4
85 1 7
4 1 2
99 0 6
68 0 10
2
5 2 3
63 5 8
6
9 2 3
27 6 7
65 1 2
9 1 6
55 5 10
80 3 9
10
64 5 6
90 8 10
7 4 9
96 5 10
85 4 9
94 2 5
18 0 1
54 1 10
8 6 10
81 0 3
2
90 2 7
74 0 10
3
28 4 5
32 5 9
90 1 4
3
37 3 6
77 0 1
37 2 10
7
14 2 7
90 1 7
77 2 9
8 2 4
60 9 10
36 7 8
31 0 5
8
63 5 10
10 9 10
67 1 6
99 1 5
9 4 9
77 4 5
57 1 10
28 5 7
9
77 0 10
99 1 10
21 4 8
2 7 9
20 1 4
7 0 8
37 0 10
16 0 8
65 3 7
2
71 1 2
40 6 9
8
83 3 7
71 3 5
16 3 10
80 4 10
18 2 7
32 1 10
70 6 7
55 0 1
3
69 3 10
38 2 5
20 2 9
4
25 3 9
34 2 7
46 1 3
15 2 7
9
62 3 5
69 2 10
45 6 8
38 0 1
92 4 7
48 0 10
7 1 9
61 7 8
94 8 9
6
72 5 6
2 4 7
73 1 3
88 1 10
22 5 7
5 6 7
2
76 5 8
28 9 10
8
95 6 10
98 0 3
79 5 9
22 8 10
12 5 8
24 2 10
27 7 8
20 2 9
8
66 6 7
10 5 7
13 3 8
79 0 10
40 1 4
17 5 9
25 4 7
94 0 2
5
19 4 7
87 1 7
62 3 9
97 0 2
46 8 9
8
48 0 6
98 6 10
7 0 5
51 1 6
83 1 8
18 6 7
50 9 10
56 0 7
4
25 7 8
35 7 10
44 5 6
50 2 4
3
62 4 10
73 5 9
34 2 5
8
15 1 2
97 1 3
37 4 10
50 0 4
7 0 9
88 2 4
13 2 3
15 3 7
3
20 0 8
35 5 10
61 2 4
2
32 7 10
6 1 2
9
73 5 6
52 5 10
45 1 6
40 1 8
3 0 4
77 2 8
48 0 8
99 1 9
74 3 4
3
84 1 8
82 0 8
14 6 10
8
12 9 10
56 3 10
55 3 4
27 3 4
8 3 4
9 0 5
87 7 10
58 4 7
6
87 4 5
1 1 2
73 1 2
80 0 10
10 3 10
24 2 6
9
17 1 7
89 0 2
81 6 10
56 3 6
13 5 10
11 0 4
68 0 6
30 6 10
56 0 5
1
59 8 10
8
93 9 10
18 3 9
22 1 6
33 6 9
50 0 10
43 2 3
43 5 6
82 1 9
10
34 7 8
8 1 8
83 0 5
39 0 5
29 2 7
97 2 7
40 3 7
49 2 4
69 1 5
83 6 9
3
39 0 8
55 0 6
24 3 7
2
70 2 9
87 2 4
1
4 0 9
3
43 9 10
61 0 5
85 6 9
10
71 2 8
38 5 8
34 5 6
18 2 4
74 7 9
3 2 7
81 2 5
22 9 10
74 6 9
24 2 8
1
10 0 8
5
76 1 8
87 4 5
84 1 4
75 8 9
2 4 6
5
10 6 10
51 3 9
59 1 5
52 3 9
34 0 9
8
96 0 6
77 0 6
21 1 3
16 1 9
11 2 10
64 4 10
61 3 4
76 7 9
9
35 1 8
72 4 5
38 4 9
65 0 3
55 1 7
48 1 6
74 1 8
23 0 2
83 2 9
1
38 2 6
1
58 3 9
3
55 2 7
53 6 8
65 0 1
8
61 5 10
64 0 3
92 1 8
34 5 7
88 5 8
31 2 10
29 0 2
37 0 3
1
24 2 5
3
93 1 8
28 3 6
27 7 10
1
6 2 8
4
53 3 10
51 2 4
56 7 8
5 2 7
2
62 5 10
7 6 7
8
50 1 10
36 8 10
39 5 9
59 8 9
57 7 8
46 2 3
4 3 10
34 4 5
1
73 6 8
7
81 8 10
16 0 9
96 1 5
63 4 10
3 5 8
92 8 9
62 4 10
2
6 5 10
84 3 10
2
25 4 9
92 0 7
1
39 1 4
5
6 4 5
20 4 9
6 1 10
33 7 9
86 8 10
9
95 6 10
74 1 4
84 0 9
2 1 8
12 4 8
24 4 5
82 0 6
79 5 7
50 0 2
1
43 2 10
8
39 5 10
22 4 9
62 2 7
12 0 2
76 6 9
45 2 7
7 2 4
26 5 9
2
51 4 10
57 1 8
8
30 6 10
34 6 10
33 1 5
68 2 7
77 2 9
44 2 9
57 0 7
1 6 9
7
51 3 8
65 3 9
73 4 9
14 4 7
59 0 8
56 2 5
10 3 6
6
93 3 9
53 1 4
9 2 4
5 7 8
11 2 6
84 4 9
10
45 4 7
4 2 5
27 4 5
90 5 7
25 6 8
50 0 3
92 4 9
53 1 10
86 0 4
47 6 8
7
47 0 3
51 7 10
22 6 7
5 4 9
95 0 6
62 4 8
53 2 7
7
50 1 2
99 2 6
76 8 9
40 3 6
74 1 7
48 2 9
56 3 7
7
72 4 5
95 1 5
59 3 8
59 8 10
14 0 4
82 1 4
39 2 3
8
36 0 9
67 3 10
17 0 10
27 5 6
92 5 7
89 1 6
13 5 9
94 1 7
9
11 5 6
25 0 2
68 1 3
63 0 5
93 5 10
1 0 6
76 6 7
66 5 8
53 3 8
7
78 1 3
73 6 7
77 0 6
5 0 1
73 8 10
13 1 7
96 3 8
6
65 2 9
60 8 9
99 1 2
100 1 10
22 1 2
27 1 8
8
92 7 10
54 0 9
96 1 2
71 7 8
90 1 3
26 0 7
76 0 9
90 2 7
5
27 1 3
39 7 9
28 0 6
11 0 9
70 4 8
7
81 2 8
8 1 2
11 2 3
92 8 10
95 0 6
54 0 3
20 2 4
1
11 5 6
4
9 0 7
33 5 9
66 1 6
55 4 9
4
83 7 9
90 3 7
16 5 8
50 2 6
2
77 0 7
72 1 9
3
79 2 10
84 1 4
93 3 5
10
51 6 7
72 1 4
48 7 10
70 2 8
35 4 5
42 8 10
65 4 10
87 3 7
37 1 4
83 3 7
3
58 2 8
99 0 1
68 5 6
8
68 5 7
30 7 9
90 1 10
84 1 4
87 3 8
58 0 3
78 0 6
73 6 7
10
1 1 8
86 4 8
89 2 8
58 1 6
3 1 7
24 2 6
9 2 3
31 4 5
54 2 8
16 7 9
5
79 5 7
59 0 6
3 4 10
71 6 8
79 9 10
3
1 1 5
74 5 8
69 6 9
3
35 5 6
39 2 3
64 4 8
6
11 6 7
83 0 2
24 1 6
87 2 6
85 0 7
65 3 5
3
87 5 6
94 5 9
1 2 4
10
48 6 10
7 1 10
58 0 6
66 3 6
19 3 6
64 2 10
44 3 8
48 3 8
92 7 10
52 0 9
6
77 2 5
69 0 6
88 2 3
16 7 10
77 4 10
78 4 5
1
73 6 9
9
51 2 8
42 2 4
88 0 6
75 2 5
34 4 10
58 2 7
50 1 9
56 3 9
36 0 6
4
52 0 9
74 8 10
67 7 9
71 3 9
3
79 3 10
22 3 5
87 2 6
3
33 3 4
82 7 8
36 5 10
3
91 3 8
64 7 10
43 5 7
2
59 0 3
60 3 10
8
21 2 7
69 2 5
3 0 1
61 3 4
47 4 6
80 6 8
91 7 10
74 2 3
10
16 0 6
70 1 7
97 0 6
75 0 5
47 0 3
79 2 6
40 9 10
34 1 9
72 4 7
78 4 10
8
1 0 10
8 1 4
71 0 4
40 8 10
58 0 5
66 6 8
53 6 10
33 1 9
7
14 5 8
92 7 9
72 1 10
18 4 6
43 0 2
50 3 9
79 4 10
5
46 5 10
26 5 8
54 1 10
2 5 6
100 0 4
5
92 1 3
10 1 3
70 8 10
53 2 4
54 0 2
3
41 8 10
11 1 6
8 1 3
2
59 1 4
18 0 5
8
65 7 8
64 0 6
59 7 8
55 3 4
69 0 5
53 5 7
58 1 9
2 1 6
5
38 2 9
95 7 10
45 4 5
35 5 10
11 4 9
8
62 0 3
81 3 4
44 4 8
69 3 6
92 0 1
38 3 9
89 1 2
76 3 10
4
7 0 1
66 0 7
78 0 10
30 5 8
9
56 9 10
68 0 1
30 0 7
19 4 8
85 1 4
65 2 8
71 3 4
15 0 7
63 7 10
8
85 3 6
41 6 9
13 0 10
96 0 3
46 0 10
61 2 4
59 2 10
62 8 10
9
36 0 4
53 3 10
5 2 7
30 2 10
92 4 9
83 0 1
25 4 8
90 3 7
98 0 2
10
51 0 8
94 4 6
27 1 6
39 1 9
5 6 8
74 3 8
8 3 4
32 0 4
14 6 7
80 3 8
2
69 0 7
13 3 10
2
81 4 9
77 2 8
9
57 0 6
13 5 8
75 2 9
100 1 10
99 2 4
51 6 10
53 0 3
5 1 5
35 1 9
8
5 6 7
68 0 2
5 0 9
15 5 10
71 3 7
99 0 4
92 2 6
76 3 5
3
32 0 5
25 2 4
87 4 8
1
35 0 7
6
45 2 10
97 2 5
90 2 6
12 9 10
93 3 4
52 0 5
4
68 1 2
33 2 3
64 3 10
27 0 8
7
73 0 9
60 1 9
18 7 8
42 0 3
16 8 10
52 3 7
16 2 6
1
29 0 8
7
90 2 6
25 1 2
75 1 10
21 1 2
1 7 10
55 4 10
21 4 9
2
44 1 2
78 8 9
8
92 7 10
46 1 2
10 1 3
94 6 10
36 0 3
27 4 9
78 0 5
76 2 6
10
65 4 7
18 1 3
6 4 8
93 2 6
26 0 2
64 1 5
9 0 5
57 2 10
99 4 9
32 7 9
3
77 5 9
49 5 8
16 4 9
6
29 2 5
49 7 9
62 5 6
23 0 1
41 2 3
25 6 9
8
51 2 9
23 0 4
47 3 6
70 2 5
95 0 4
23 4 7
79 1 4
38 7 10
3
99 3 9
33 5 9
51 0 1
3
60 3 5
40 8 9
27 8 10
6
87 3 5
15 8 9
63 2 7
82 1 8
54 7 10
20 3 9
9
32 0 3
86 2 8
19 1 5
26 0 3
20 3 4
44 3 10
13 1 4
47 9 10
80 4 7
3
17 5 8
8 3 4
28 1 6
6
84 5 7
29 2 10
22 0 6
100 4 6
98 9 10
37 0 8
10
75 0 2
88 4 9
61 4 8
94 0 2
68 7 8
97 2 7
1 3 6
1 1 6
85 7 8
42 1 5
3
61 4 5
10 6 10
69 7 8
10
19 5 9
56 6 10
97 0 1
4 5 7
31 5 9
54 4 8
34 6 9
17 6 10
35 5 10
51 1 10
1
8 1 3
10
29 2 5
28 4 7
10 7 9
78 0 8
29 0 4
46 8 10
2 2 10
15 1 2
10 4 9
36 7 9
9
71 4 5
46 8 10
99 2 10
25 0 8
88 4 10
29 4 6
1 1 4
55 8 9
3 1 10
4
46 5 8
15 0 1
39 3 10
55 7 10
5
16 5 9
49 0 4
16 0 5
80 3 6
72 6 10
6
50 1 8
33 9 10
4 2 6
60 6 7
51 5 7
17 0 6
5
81 7 10
3 3 6
65 6 9
19 0 7
13 2 6
3
51 2 10
1 9 10
88 1 5
2
66 6 7
29 1 4
3
80 1 4
80 3 8
4 5 8
1
80 2 7
4
63 7 10
34 1 3
84 5 9
40 9 10
1
56 0 1
4
94 3 5
98 6 7
40 0 3
33 0 2
7
17 0 2
2 1 10
13 5 7
44 1 3
54 4 9
30 4 9
98 4 8
8
92 0 7
44 3 5
48 2 3
6 1 2
15 0 4
77 1 2
49 0 9
46 1 8
5
78 6 9
63 7 9
67 1 8
97 2 10
16 2 4
6
94 6 7
66 9 10
74 2 5
25 2 5
95 0 10
86 5 10
4
42 7 9
57 6 10
52 1 4
59 0 10
10
79 8 10
22 5 10
25 2 9
81 4 6
10 0 7
71 4 10
44 0 8
100 3 4
29 7 10
39 4 9
6
27 5 10
42 4 8
4 8 9
40 7 10
82 6 8
92 5 7
1
67 3 4
6
79 5 7
32 7 10
98 0 6
52 1 7
64 3 6
46 0 10
8
69 2 10
26 2 8
72 4 10
17 3 7
26 1 2
55 0 2
37 0 3
27 6 10
4
14 3 5
1 2 10
45 0 1
44 1 7
6
8 6 7
67 2 9
65 0 4
22 2 3
34 4 6
61 3 6
5
15 5 7
90 2 8
85 7 10
26 1 2
33 2 8
1
66 1 10
9
20 2 9
13 6 7
42 3 7
75 4 6
18 5 9
29 2 8
56 7 10
39 3 5
36 8 10
1
83 4 8
6
18 4 5
64 3 6
17 6 10
76 4 9
88 1 2
62 0 10
1
54 6 9
4
79 5 8
62 3 7
61 6 7
8 4 9
5
59 2 5
68 7 9
95 2 3
81 0 4
45 6 9
3
42 2 3
6 6 10
65 1 7
10
4 6 7
22 2 9
51 4 10
51 1 8
24 1 5
21 1 3
62 0 4
82 0 5
22 6 9
97 0 4
7
34 3 8
64 1 10
97 2 7
68 1 9
4 0 5
89 4 7
30 0 9
1
25 6 10
6
28 5 10
39 0 7
1 8 9
18 2 3
70 3 4
15 0 2
8
99 3 4
60 4 6
71 4 6
82 7 10
55 9 10
41 4 10
30 7 10
95 5 10
1
23 1 4
6
98 6 8
91 0 6
5 0 1
53 2 8
76 2 7
10 1 9
5
26 1 8
40 3 10
47 4 9
87 0 8
70 0 4
9
88 0 8
92 4 9
53 1 7
5 0 9
83 1 2
58 1 9
93 0 6
86 0 1
1 3 9
9
40 5 7
19 3 5
66 1 10
33 0 8
71 1 3
52 2 3
7 1 10
74 1 6
90 2 3
2
84 4 6
30 2 4
2
44 1 10
99 1 2
4
79 1 7
100 2 6
97 0 9
9 3 5
2
12 3 8
1 0 9
8
4 2 4
87 1 10
25 8 10
94 2 8
36 0 5
30 4 6
84 2 6
3 1 5
4
29 3 7
80 8 10
28 3 7
12 4 10
5
96 2 7
34 5 8
55 1 9
15 4 6
95 4 8
3
79 4 9
58 4 10
5 0 1
2
86 0 1
34 1 9
2
69 2 8
78 7 8
10
100 4 6
97 6 9
49 7 9
74 3 5
84 1 4
4 8 9
10 3 8
22 3 10
54 2 4
60 2 4
6
52 7 8
79 4 10
69 3 10
83 4 10
88 4 7
23 9 10
3
21 8 9
7 3 9
96 6 7
8
35 3 8
9 0 3
22 6 7
5 0 7
68 1 2
59 0 1
75 6 8
35 1 8
7
84 3 8
20 1 6
54 7 9
3 8 10
36 0 9
1 7 9
31 4 7
3
95 4 7
94 1 5
31 0 4
8
25 0 8
29 9 10
69 3 9
27 1 8
56 2 5
58 2 5
52 1 2
15 0 7
4
38 5 6
97 0 6
7 1 2
31 6 10
3
53 2 8
45 1 7
81 1 6
2
80 0 2
91 4 8
10
57 5 10
40 4 8
3 0 6
23 1 8
91 3 6
61 2 3
83 2 5
30 3 8
5 6 8
73 0 9
3
28 4 9
26 5 8
51 4 7
5
70 0 4
3 2 4
35 4 9
57 4 10
81 2 5
1
33 7 10
1
36 3 9
1
6 2 7
2
41 7 10
4 1 3
4
64 2 5
58 8 9
56 1 10
13 0 5
7
54 4 7
85 0 6
82 2 3
80 3 4
18 4 7
56 0 3
14 5 6
6
39 5 10
91 4 5
10 0 9
98 0 1
72 2 5
48 1 2
4
69 9 10
67 3 9
13 1 6
77 4 5
4
14 1 8
58 7 8
58 5 10
35 2 4
5
88 0 9
85 4 6
44 5 8
95 6 8
60 2 5
4
97 3 9
93 3 6
37 4 7
58 5 7
4
66 4 7
4 2 4
40 0 2
25 0 7
10
82 8 10
85 5 8
75 2 5
33 0 4
2 0 1
71 3 8
83 2 7
56 3 7
92 8 9
40 1 6
1
40 2 6
10
40 2 8
82 4 6
4 7 8
12 1 6
11 5 6
10 4 6
30 1 10
22 0 1
70 1 4
71 5 8
7
93 3 4
70 0 10
51 4 10
2 3 7
32 6 10
4 5 7
31 2 8
1
30 0 10
4
70 1 5
92 6 7
80 3 4
32 5 9
9
97 1 2
83 5 7
98 7 8
39 2 3
77 2 4
82 3 10
3 1 8
7 8 9
74 1 5
5
16 5 6
40 0 1
100 1 6
80 1 5
47 3 8
5
44 2 8
61 6 9
49 2 10
80 0 8
63 0 8
6
31 1 5
43 4 9
59 2 9
9 3 4
28 0 10
62 6 7
3
53 4 8
46 5 7
87 2 7
6
74 9 10
71 1 10
82 2 7
11 1 6
3 5 7
33 5 7
10
82 2 8
31 0 8
70 3 5
3 0 2
16 5 6
75 0 1
41 0 2
73 0 2
90 5 6
63 3 5
3
53 3 4
97 4 9
73 0 3
1
82 3 6
8
74 7 10
23 1 6
36 6 8
26 3 4
31 5 6
55 2 9
14 2 3
12 2 5
2
16 1 2
70 3 7
7
81 7 9
57 1 9
32 7 10
85 5 10
91 3 10
40 0 8
54 3 10
3
47 4 8
71 7 9
55 2 5
8
36 0 6
70 3 9
80 4 6
14 3 7
89 5 7
10 1 3
12 5 8
63 1 5
7
77 0 7
15 2 8
23 2 9
90 4 8
35 0 10
41 5 6
73 1 2
8
35 2 7
85 3 9
79 0 5
37 0 5
39 6 7
91 6 10
93 2 6
95 6 10
8
63 6 10
8 1 9
53 3 7
17 3 8
93 8 10
50 6 10
52 4 10
97 2 3
5
66 4 7
37 9 10
83 4 7
50 7 8
95 7 9
3
39 0 1
19 0 10
72 7 9
4
20 1 7
86 7 9
63 0 9
4 2 9
5
74 0 2
60 2 4
86 2 10
26 0 4
32 1 8
7
24 2 5
69 6 8
42 2 7
64 4 10
65 3 4
95 8 10
46 0 5
4
56 2 9
58 6 8
95 7 9
70 1 3
7
45 4 8
72 4 5
65 1 9
31 2 3
40 3 6
51 6 9
41 1 10
4
56 2 7
47 5 7
68 2 3
23 1 9
6
73 3 10
91 3 10
70 3 6
51 0 4
23 1 9
97 4 9
3
19 7 9
44 8 9
12 5 9
9
37 6 8
44 9 10
54 7 10
37 0 7
16 1 7
10 5 10
88 2 7
93 4 8
19 4 5
9
32 2 7
96 1 5
54 1 8
82 3 6
47 9 10
72 5 9
84 8 10
15 5 7
14 0 9
7
82 8 9
75 5 9
76 1 10
4 0 6
15 3 10
87 0 8
41 6 8
10
82 5 8
39 6 9
53 9 10
65 3 7
36 6 10
20 3 8
73 8 9
53 7 10
52 6 8
62 3 4
2
78 3 6
26 8 10
6
69 3 4
78 3 8
67 3 5
89 2 3
31 5 7
77 0 1
7
93 5 10
72 2 9
40 3 5
70 2 9
81 4 6
77 2 7
62 0 6
7
41 1 6
40 0 5
87 3 10
97 6 7
93 7 9
59 1 10
29 1 5
7
92 4 9
15 6 10
37 8 10
64 0 6
95 4 10
86 5 10
9 2 3
1
87 2 5
3
19 2 10
32 6 10
9 1 3
4
100 2 6
63 6 9
42 0 8
44 4 5
10
24 1 10
99 2 10
15 2 8
55 2 9
34 5 9
15 0 5
40 3 5
60 6 9
95 1 9
61 2 7
4
22 2 4
49 0 7
62 4 7
64 4 5
2
58 1 5
77 5 9
8
66 1 2
93 0 6
45 2 10
1 1 6
86 5 6
85 6 7
90 0 5
100 6 8
9
1 0 4
2 2 5
39 3 5
17 2 9
90 5 10
9 6 8
35 2 10
14 0 3
8 4 7
1
72 0 4
6
6 2 5
9 1 7
60 4 10
63 3 8
31 4 7
77 5 8
7
67 0 2
96 1 10
65 5 9
3 1 9
48 2 7
85 9 10
39 4 7
1
6 3 4
8
68 0 2
59 3 8
49 1 9
93 7 8
91 1 9
73 0 2
91 4 8
39 2 5
9
72 0 9
59 4 9
93 2 9
5 3 9
100 4 7
48 1 5
67 4 10
51 1 8
32 0 10
9
84 7 8
26 0 3
86 5 7
43 1 9
60 0 10
77 5 10
18 3 7
72 2 8
30 0 1
4
64 6 9
52 7 9
81 3 9
4 1 2
5
64 3 7
46 2 6
23 1 6
63 7 9
57 7 8
5
91 3 7
96 3 4
92 0 6
59 1 7
26 3 8
1
85 1 3
7
98 3 9
19 6 9
2 4 10
58 6 7
2 9 10
58 4 5
16 1 6
9
58 0 6
2 1 5
81 6 10
5 2 10
23 5 8
52 4 7
91 0 3
18 0 8
4 2 10
3
5 8 10
26 0 4
88 0 5
1
91 6 10
10
40 5 10
25 5 10
9 5 6
9 8 9
93 5 10
82 2 3
100 1 3
56 1 10
1 0 4
43 7 8
3
84 1 7
93 2 10
36 1 2
2
82 0 2
75 5 8
10
98 6 8
42 7 10
91 6 9
80 0 7
45 9 10
56 5 8
72 2 7
20 7 8
29 0 7
59 8 9
4
96 1 6
36 3 10
83 3 10
77 0 3
5
87 0 10
76 4 9
62 9 10
99 2 8
24 4 5
6
51 4 6
18 5 9
52 3 5
97 1 5
29 0 6
82 0 3
10
76 3 7
73 3 4
42 9 10
61 6 7
53 2 5
75 8 9
54 4 7
38 0 8
82 1 6
51 7 8
1
28 1 10
6
47 4 5
87 2 4
26 3 9
20 2 7
36 0 7
52 5 8
3
93 5 7
98 0 7
68 0 3
1
83 2 3
5
99 1 8
64 4 7
56 0 4
35 0 3
4 2 6
7
2 0 6
45 1 4
33 2 8
16 5 7
59 4 7
36 7 10
8 4 5
1
77 0 8
5
44 6 10
8 2 8
35 0 1
67 3 5
11 2 7
3
4 3 9
66 3 4
71 0 4
7
77 4 9
88 3 8
89 2 6
20 6 10
20 2 7
39 3 8
16 8 9
6
11 7 8
72 4 8
83 1 2
41 7 8
61 5 6
56 0 3
5
23 1 7
34 7 8
70 4 10
14 4 6
78 4 9
10
68 9 10
38 6 9
56 3 9
19 2 6
23 3 4
37 0 7
70 3 9
92 7 10
69 3 7
9 1 9
8
14 1 9
66 0 1
22 3 5
58 3 10
14 0 10
83 3 9
10 1 10
17 4 5
3
6 4 6
60 6 7
95 7 9
6
81 0 5
76 5 10
94 1 6
58 4 7
91 0 5
62 1 10
5
100 5 9
40 1 10
58 1 7
100 6 10
74 0 6
2
11 3 4
60 3 10
2
68 3 10
53 1 5
2
28 0 6
71 1 7
10
57 7 10
47 0 6
79 0 9
37 2 5
86 1 8
9 0 2
67 0 7
33 0 10
2 2 9
58 8 10
9
97 3 10
54 3 5
48 5 9
66 5 8
94 3 7
33 0 1
39 0 9
98 8 9
68 2 8
4
9 1 10
36 5 9
21 6 9
31 3 5
1
66 3 5
3
82 3 6
59 3 10
43 6 8
9
57 1 2
16 1 9
52 2 4
85 5 8
68 6 9
7 0 3
6 7 9
88 8 9
17 0 8
8
22 0 2
68 4 7
30 4 10
65 1 4
10 6 8
36 0 2
75 3 9
20 2 5
6
77 2 8
14 5 10
1 0 9
23 5 7
17 2 7
18 8 9
5
58 0 2
13 6 7
24 1 9
100 3 10
90 1 7
5
4 0 1
38 9 10
89 5 10
92 1 8
45 1 10
5
83 3 9
98 3 6
35 4 6
64 3 8
84 1 10
3
52 2 5
82 2 3
75 3 6
2
63 7 8
25 1 10
1
2 7 10
6
82 1 5
12 2 9
53 7 9
34 2 10
39 1 5
59 3 5
9
31 7 8
99 6 9
59 2 10
61 2 6
59 5 6
98 1 5
94 1 5
40 7 10
81 8 10
4
48 3 10
14 0 10
37 1 9
22 9 10
7
74 0 1
100 4 6
38 1 4
16 6 9
55 3 7
49 6 9
54 9 10
3
97 3 8
65 1 3
77 6 10
3
59 2 6
33 3 6
74 6 8
4
35 1 9
41 0 8
69 6 10
21 3 8
6
7 1 3
64 5 10
31 3 6
23 0 2
35 1 10
82 3 10
2
39 0 4
50 1 8
2
54 5 6
8 0 9
10
73 2 8
64 2 8
63 1 9
15 5 6
41 7 10
98 5 9
20 0 6
71 3 5
87 4 9
73 1 9
5
70 1 10
77 1 8
32 1 9
36 3 7
97 4 9
1
87 4 10
6
52 0 9
94 8 10
65 0 7
85 2 9
58 3 10
99 3 4
9
23 6 7
29 1 9
96 2 8
50 3 10
56 6 7
99 4 8
9 3 5
11 6 9
22 1 9
2
32 0 7
93 0 4
9
38 2 8
23 3 10
48 7 9
18 2 6
2 1 9
47 2 10
53 0 4
96 8 10
8 2 7
6
66 0 7
23 2 7
83 0 8
37 6 10
95 3 6
3 0 10
9
35 1 7
3 3 4
10 5 6
4 0 8
61 6 8
64 0 7
62 0 7
20 1 9
1 0 6
8
29 3 10
97 2 5
6 2 7
36 2 7
35 1 9
18 7 8
82 6 10
13 6 10
4
79 5 9
48 2 6
27 6 9
42 7 10
3
36 3 8
3 6 10
90 2 4
3
47 2 9
7 2 3
74 1 9
4
10 2 5
6 1 5
28 0 2
14 8 9
4
60 1 4
89 3 4
32 2 7
20 8 9
5
70 2 8
10 3 5
87 2 6
14 0 10
1 0 9
5
58 1 2
64 3 7
36 5 7
4 9 10
67 1 7
4
86 3 5
36 6 10
99 2 8
26 8 9
2
76 1 5
87 0 3
5
23 2 5
88 0 8
57 7 10
47 7 9
59 6 8
9
86 1 8
68 6 9
77 2 9
94 2 10
16 1 6
26 2 9
71 0 3
73 2 7
76 4 6
7
67 2 9
88 7 8
29 8 10
58 9 10
27 0 1
53 2 8
96 8 10
8
35 5 8
37 5 7
1 3 8
72 3 5
91 1 9
94 4 10
2 7 8
64 0 10
4
47 2 6
54 6 10
82 2 6
28 1 4
4
67 2 4
68 2 9
11 2 6
49 3 10
4
2 3 6
49 4 7
28 0 5
50 7 8
5
3 7 9
40 9 10
28 9 10
11 6 8
59 6 7
8
2 0 5
28 1 2
86 5 6
22 1 5
67 5 6
26 4 8
28 7 8
29 1 8
7
86 4 5
19 2 4
95 7 10
36 5 6
72 2 5
15 7 9
73 2 10
4
57 5 10
77 5 9
41 0 5
46 2 8
5
25 6 8
17 2 3
87 1 8
18 7 8
49 5 10
4
60 4 7
53 3 7
92 3 4
53 0 9
5
53 7 9
8 2 3
2 0 5
73 1 3
66 3 6
6
54 1 9
81 3 6
21 0 4
71 5 10
90 3 9
95 4 8
5
20 6 7
78 7 10
19 2 8
88 0 1
47 6 8
3
78 5 10
72 1 10
62 6 10
1
65 3 7
2
57 9 10
38 0 2
1
20 2 5
8
37 2 8
40 5 10
68 1 9
77 3 10
4 0 4
64 5 9
91 0 7
75 6 9
8
98 8 10
23 6 7
17 1 3
32 0 4
78 5 6
35 1 7
20 4 7
53 3 6
4
3 4 9
26 0 7
5 0 7
93 4 10
5
30 0 8
37 2 8
61 3 8
95 0 3
35 6 9
5
32 3 10
33 4 8
39 2 7
50 0 9
63 3 7
4
9 1 8
22 1 7
87 2 3
57 0 5
5
34 4 5
42 0 9
4 4 10
16 3 6
80 2 6
2
45 1 2
43 0 5
10
65 4 6
39 3 6
79 1 4
88 8 10
33 5 7
98 0 9
89 1 4
30 3 7
50 0 2
64 6 9
7
55 6 7
5 3 9
43 0 5
98 4 9
4 1 6
87 1 7
38 0 6
1
40 1 8
7
73 4 9
66 7 8
25 4 6
4 3 10
84 5 8
85 0 2
18 0 7
1
41 1 3
4
30 6 9
17 1 5
68 0 10
17 1 10
7
82 3 10
99 3 7
19 0 8
15 2 7
21 0 1
92 0 3
25 5 7
4
30 3 9
39 0 7
23 1 10
91 7 9
2
95 8 10
55 3 7
1
66 7 9
3
52 0 2
16 4 10
23 2 3
3
82 2 5
36 5 8
59 0 9
8
50 2 8
32 6 9
53 1 4
45 2 8
77 4 8
2 5 9
97 4 7
18 1 2
4
95 3 10
86 3 7
56 1 6
21 3 5
2
33 0 4
63 6 7
4
20 1 8
95 0 7
9 0 3
41 2 10
1
66 8 10
5
43 7 9
3 3 6
48 3 7
15 0 2
4 5 10
4
41 8 9
86 1 5
84 1 6
56 7 8
7
67 5 10
47 1 5
38 2 6
19 5 6
66 5 8
67 4 10
43 1 9
10
90 5 10
16 2 4
80 6 8
23 4 9
10 0 4
1 0 4
19 1 5
38 2 6
18 0 5
84 5 9
7
30 2 10
17 4 10
58 0 3
74 8 10
100 4 5
62 5 10
82 0 5
6
42 2 5
3 4 5
47 0 5
15 0 1
83 0 7
97 5 6
8
37 2 7
67 2 8
83 5 9
45 2 3
21 8 10
34 4 6
79 5 9
62 2 9
6
30 4 9
91 2 8
36 1 5
7 7 8
77 0 8
22 0 1
1
87 0 10
8
23 6 9
81 6 9
95 4 9
53 0 2
55 1 7
65 1 10
26 1 9
22 1 7
10
82 7 9
75 1 5
28 6 8
52 3 6
52 1 10
5 1 4
77 0 5
47 9 10
50 0 2
53 2 3
1
92 1 7
3
47 0 6
53 3 9
55 0 8
8
75 1 6
15 6 10
93 4 7
79 3 5
21 5 6
44 2 7
63 4 5
98 3 6
7
92 1 10
5 6 9
36 3 8
8 2 10
54 9 10
90 5 6
5 0 9
2
55 4 10
77 2 3
4
92 5 10
100 0 3
89 4 8
55 2 5
4
89 8 9
57 0 8
34 5 8
88 5 7
3
79 2 10
84 3 9
36 3 8
7
23 6 7
16 1 10
28 2 10
78 5 6
20 1 6
14 3 9
43 1 4
7
83 2 4
12 8 9
72 0 10
37 2 8
91 0 8
70 2 7
57 4 10
4
63 6 10
35 5 9
61 7 9
73 5 7
3
78 5 8
2 1 2
91 4 6
10
16 2 8
9 5 7
94 3 4
75 3 4
75 1 7
67 5 8
37 1 2
28 3 9
96 1 3
69 0 9
3
32 9 10
81 7 9
40 3 8
10
24 0 3
60 2 6
13 1 4
6 7 8
27 3 6
86 0 9
53 0 3
94 0 4
22 1 2
89 2 5
8
22 0 1
52 6 8
62 1 5
21 3 5
1 3 9
4 3 9
3 4 9
95 2 7
4
19 2 7
8 0 8
37 4 6
42 3 7
7
80 3 8
40 4 8
93 8 10
53 0 6
100 7 10
39 8 10
13 0 4
9
21 0 1
51 1 3
23 0 8
76 5 7
99 4 7
55 1 2
99 6 7
57 1 8
50 6 10
3
45 0 5
54 0 2
67 7 9
9
19 1 9
27 5 9
40 3 8
29 7 8
51 3 9
49 3 5
93 0 5
71 1 2
100 4 10
6
60 5 8
50 5 6
37 6 7
98 0 2
22 6 10
37 4 6
6
92 0 3
21 0 6
83 5 7
50 0 1
74 0 8
12 1 5
4
9 0 1
66 9 10
65 5 8
87 4 6
4
55 6 9
35 4 8
15 5 9
94 7 8
4
43 3 7
17 1 3
37 4 8
51 3 4
4
12 0 6
83 0 3
42 3 9
78 6 8
9
31 3 4
93 2 8
20 1 9
75 0 7
78 6 9
87 2 10
85 1 7
65 5 8
6 1 9
1
90 5 6
10
64 8 10
29 0 1
98 1 8
79 2 3
2 3 10
10 0 1
34 2 4
32 2 5
80 4 8
50 3 8
3
21 2 6
9 8 10
31 0 5
4
72 6 10
29 4 10
53 1 10
64 6 9
8
34 4 9
83 8 9
47 1 5
43 0 7
28 8 10
40 0 2
69 4 7
61 1 2
6
12 5 9
3 1 3
59 3 10
76 5 7
88 2 8
84 3 5
6
79 0 2
26 2 3
3 0 8
64 4 8
48 3 4
28 0 4
1
96 3 6
2
28 3 6
34 2 5
2
78 0 10
1 1 5
2
73 5 8
11 1 6
2
88 1 4
51 2 6
9
60 7 8
78 2 9
87 3 9
80 1 9
24 0 5
25 1 2
53 5 10
86 4 7
67 2 9
6
6 4 5
91 4 7
87 4 6
22 3 10
47 2 5
9 6 10
1
100 6 9
10
78 7 9
12 6 10
61 5 6
86 0 4
23 7 10
63 4 6
60 5 8
39 2 4
23 4 7
23 1 7
9
30 2 10
91 0 1
26 6 7
47 3 4
14 1 10
87 3 8
100 2 7
18 5 10
87 2 10
7
94 0 5
15 5 9
41 7 9
32 6 7
62 2 8
58 2 5
19 2 4
7
53 0 9
63 1 4
5 0 9
39 0 2
52 4 7
38 4 6
54 0 7
4
96 2 8
19 1 3
59 3 8
34 1 6
5
72 2 7
35 3 9
100 5 7
38 2 5
37 3 9
2
3 1 10
24 3 7
8
90 1 2
71 7 8
51 4 10
37 5 9
35 3 8
45 3 9
84 8 10
41 2 7
2
9 0 5
4 0 1
5
16 5 9
65 3 9
26 3 7
7 1 5
87 5 8
10
32 1 6
80 2 7
19 1 2
10 0 8
53 0 9
54 4 9
69 2 5
23 4 5
27 2 5
8 3 10
10
45 1 10
92 0 3
63 5 10
31 3 9
42 0 8
96 4 9
25 0 9
78 0 9
57 3 7
38 7 9
8
75 8 10
89 2 10
97 0 1
77 3 6
9 3 4
37 4 5
68 4 5
41 1 9
2
40 7 9
31 2 9
5
68 1 10
70 4 5
74 2 3
100 0 10
10 3 8
2
8 1 7
71 1 3
2
48 0 4
50 6 9
9
17 0 8
87 2 4
46 4 6
18 3 4
52 5 6
44 8 10
8 1 5
3 4 10
96 2 6
1
96 0 5
8
82 0 8
46 2 8
4 4 10
19 2 7
64 2 6
7 5 10
11 3 9
74 2 8
9
36 0 1
26 9 10
19 6 10
40 1 8
67 1 7
74 1 9
19 6 8
25 2 9
37 1 10
9
4 0 10
17 0 1
93 0 5
46 1 5
87 4 7
52 4 9
55 6 7
62 2 6
84 4 9
7
95 6 7
12 0 9
62 1 6
88 6 8
24 2 7
91 6 8
55 3 10
10
15 6 10
48 7 9
15 3 6
11 2 9
28 2 3
97 8 10
73 2 9
58 1 10
95 2 9
96 2 3
2
20 2 9
38 1 10
9
70 0 1
91 7 8
5 4 7
41 9 10
69 0 9
98 1 2
12 0 7
64 2 10
13 1 3
1
78 2 6
3
56 3 4
64 3 4
75 0 6
8
36 1 5
22 2 4
12 1 7
78 1 5
28 5 8
76 1 5
73 0 1
48 0 9
8
61 2 10
51 7 9
48 5 7
26 0 10
13 2 6
99 0 1
28 4 9
51 6 8
10
72 0 10
98 2 6
16 0 4
11 5 8
29 2 6
58 6 7
74 1 3
15 2 10
85 5 10
45 7 9
7
28 5 10
73 3 9
71 3 10
42 6 9
18 3 10
29 0 4
45 6 10
4
18 2 7
23 4 10
92 1 2
59 7 10
10
95 5 9
96 4 5
40 0 7
1 2 7
13 6 10
91 5 8
73 7 10
14 5 7
90 0 8
50 1 2
1
56 3 8
6
66 3 4
30 6 9
57 0 2
67 6 7
31 0 3
10 2 9
10
59 0 4
19 0 1
39 2 3
45 2 7
52 2 6
14 4 10
55 3 4
39 1 9
84 4 10
27 0 7
5
28 0 4
81 8 9
56 4 9
100 1 6
9 3 6
2
32 4 8
84 3 10
6
77 5 6
45 1 4
34 0 4
98 9 10
31 1 5
41 0 10
1
42 3 5
4
41 2 8
54 7 10
71 1 3
91 7 9
5
77 8 10
1 1 4
22 3 10
97 3 10
49 1 3
5
73 2 3
89 4 5
6 8 9
7 5 10
44 2 8
7
13 0 1
5 2 4
23 2 3
40 1 8
19 1 4
85 6 7
18 0 5
4
66 2 4
57 0 3
61 1 8
58 7 10
2
34 0 8
24 4 9
4
56 3 6
63 8 10
1 3 5
20 0 8
1
10 5 9
3
73 0 6
89 0 4
24 1 9
10
73 0 2
8 4 8
88 2 8
83 5 8
56 7 10
64 4 7
69 0 8
54 4 7
10 1 3
77 4 10
8
60 5 6
14 5 9
16 0 4
12 2 5
47 5 9
7 3 10
37 7 8
8 0 1
3
31 1 10
2 2 8
52 1 3
2
89 7 8
78 2 10
5
13 2 9
34 4 8
26 0 8
64 3 9
88 1 3
2
49 3 10
93 6 9
7
92 0 3
42 2 4
21 3 8
74 0 6
86 1 9
77 7 10
61 2 10
2
39 1 6
70 1 2
1
25 2 5
7
28 1 4
20 1 3
83 1 8
6 2 8
67 2 4
59 3 5
36 1 7
5
95 6 10
86 4 6
4 0 9
51 5 8
35 2 9
7
8 4 5
2 0 3
14 3 5
90 7 8
46 9 10
65 2 4
53 9 10
4
21 2 6
29 6 9
10 3 8
86 3 10
7
96 2 4
100 5 7
95 4 8
7 8 9
83 0 4
81 7 10
21 0 9
1
47 7 10
3
77 4 7
89 1 6
80 3 6
9
34 1 6
85 4 8
66 8 10
70 0 2
29 6 8
89 2 8
64 2 4
61 0 10
66 6 8
6
28 3 9
62 0 7
30 2 6
43 0 8
6 1 9
45 7 8
8
61 4 5
65 0 9
18 2 4
37 2 4
72 7 9
90 2 7
8 3 5
36 7 9
3
22 0 10
81 5 8
13 3 5
1
14 3 10
10
63 2 5
58 7 8
59 4 7
32 1 5
55 4 5
76 0 8
100 0 9
58 1 6
58 1 6
42 2 10
4
42 1 2
38 1 8
34 4 6
71 0 5
8
28 7 10
70 0 2
89 2 10
29 9 10
22 0 7
16 0 8
52 0 9
58 2 5
9
6 2 6
18 0 3
2 0 6
68 9 10
65 1 9
6 4 9
62 6 9
29 0 8
77 3 4
6
13 3 10
84 0 6
84 3 4
42 2 7
93 3 4
29 3 9
8
49 2 10
85 0 3
48 3 5
16 1 3
62 7 9
93 6 7
49 1 3
12 0 10
2
5 4 6
53 6 9
5
13 6 9
68 3 5
70 1 9
17 4 5
20 3 9
3
76 5 8
83 0 3
86 5 7
6
65 2 8
25 6 8
75 1 6
13 3 5
53 6 10
73 3 7
10
37 0 6
12 1 7
67 2 4
48 2 5
23 2 10
91 1 4
30 3 7
31 0 7
60 4 9
13 0 2
10
55 6 8
79 2 9
27 3 10
25 2 7
18 7 10
30 1 6
89 2 8
8 2 6
9 7 8
26 1 4
1
89 6 7
1
87 2 9
2
57 4 8
44 7 9
9
34 8 10
71 5 9
83 3 6
48 3 6
66 3 9
55 5 9
69 2 3
82 2 5
88 6 7
8
71 1 5
67 2 8
83 0 5
64 2 6
52 0 4
86 0 8
73 5 9
36 5 8
5
48 4 10
43 1 8
80 3 8
23 6 7
42 3 10
6
10 4 6
12 4 6
3 1 9
11 8 9
44 0 5
8 9 10
3
14 2 8
88 2 9
4 0 9
3
11 7 8
33 6 9
28 3 9
5
47 2 3
49 8 10
46 1 3
21 3 9
46 8 10
7
82 6 7
58 1 2
5 1 2
17 5 8
48 6 9
55 2 5
59 1 8
1
33 6 7
4
25 8 10
100 0 5
13 6 9
88 0 4
4
46 4 5
62 1 5
92 0 10
61 0 8
3
28 0 5
15 4 8
50 1 8
1
80 1 3
3
10 2 8
15 0 3
55 1 7
7
68 2 3
44 6 8
91 3 4
51 4 10
83 4 6
55 5 6
21 1 7
5
88 3 6
25 4 7
69 0 1
29 1 8
72 4 7
10
27 1 8
89 5 10
56 0 10
8 5 6
9 1 2
69 3 9
62 1 3
65 4 5
37 4 8
71 1 10
3
4 2 3
46 6 7
77 3 7
3
45 5 8
60 0 1
42 5 7
8
96 4 9
96 0 2
99 0 9
23 3 8
32 7 10
26 1 5
63 1 10
48 8 10
5
60 0 3
3 0 3
79 0 8
18 4 6
33 5 7
2
18 3 8
55 2 8
1
56 5 8
1
13 4 5
6
72 2 5
45 4 7
58 1 5
37 2 5
26 6 7
7 2 8
3
23 1 3
58 0 6
35 5 10
1
29 7 8
2
37 6 7
74 6 8
9
48 1 10
27 7 8
86 4 7
64 1 4
100 2 10
49 3 9
6 1 6
60 4 9
83 5 8
10
53 1 9
2 0 3
88 1 5
44 7 10
59 0 6
88 2 9
15 4 8
65 0 10
39 0 7
73 3 6
8
97 3 4
17 2 3
34 8 9
73 0 2
75 0 9
80 2 9
9 3 10
22 7 10
6
37 0 6
28 0 6
31 5 6
99 3 7
53 3 5
62 0 10
10
95 0 9
12 1 10
67 0 6
3 3 10
19 5 9
93 2 7
68 1 9
32 0 4
23 7 9
60 3 8
9
34 7 9
24 0 1
7 8 9
95 2 4
91 5 6
98 1 8
72 2 8
46 6 10
49 8 10
8
90 0 7
16 9 10
98 8 10
4 3 8
13 3 7
36 0 9
53 1 9
61 3 7
5
47 0 9
78 7 8
38 0 9
25 0 3
85 1 4
3
64 2 4
5 4 9
63 0 5
6
93 6 9
22 7 8
62 0 8
6 1 6
7 1 2
72 7 8
5
64 6 8
39 1 8
1 1 10
14 4 9
89 2 5
8
39 6 7
91 0 3
89 0 2
65 1 10
9 1 8
76 0 4
64 1 9
33 2 4
1
97 2 6
8
84 2 10
68 6 9
11 3 5
44 4 9
53 0 10
92 5 9
5 7 9
27 1 9
9
89 0 5
46 4 9
11 9 10
99 5 8
34 5 7
43 0 2
12 6 8
14 8 10
65 0 10
8
10 6 7
69 4 10
81 7 10
15 2 9
87 0 6
15 0 8
38 1 6
62 1 2
2
46 0 6
51 2 10
4
90 0 2
54 5 7
28 5 10
28 1 4
10
35 5 10
32 6 8
98 4 7
5 0 10
55 0 4
100 7 9
52 0 3
96 3 7
11 0 1
43 1 3
1
40 2 9
5
97 2 10
30 1 10
6 3 7
54 3 8
69 7 10
7
76 4 7
10 4 5
53 2 6
27 1 3
25 8 9
29 2 10
43 1 7
10
43 3 5
48 2 4
87 3 9
97 8 10
55 6 8
78 0 1
91 3 5
42 0 1
57 1 7
86 1 2
4
100 4 5
7 0 2
85 0 9
8 1 10
10
32 6 10
64 3 9
67 3 4
25 1 6
90 6 8
56 6 10
1 0 1
36 1 6
5 2 8
86 6 10
9
39 1 10
52 2 3
88 1 7
37 5 6
29 8 9
87 1 2
79 2 9
54 3 4
98 2 9
6
97 5 7
69 0 5
19 7 8
28 2 6
10 1 3
27 7 10
4
2 3 10
44 1 10
83 8 10
83 9 10
10
3 1 7
29 6 7
88 2 5
9 0 1
95 2 10
74 1 5
87 4 5
22 0 9
24 0 1
55 2 7
1
4 1 10
4
2 4 10
19 3 8
15 4 7
78 3 7
9
22 0 3
6 8 9
4 2 4
58 2 10
34 3 6
99 7 9
23 6 9
50 4 9
91 0 4
1
43 1 5
6
9 1 10
10 1 7
6 1 4
53 2 7
12 4 6
27 3 4
2
27 5 8
93 2 10
4
79 3 7
43 2 6
40 0 7
1 1 9
1
12 1 7
10
88 1 8
24 1 4
40 5 10
55 1 6
1 2 8
3 4 9
46 5 8
42 1 2
75 7 8
14 0 6
7
4 5 10
38 9 10
39 3 5
9 2 5
5 3 10
24 7 8
85 8 10
3
44 1 9
87 0 4
61 0 1
2
65 4 10
61 1 2
5
60 4 9
86 3 5
59 7 10
49 9 10
63 5 6
9
86 1 8
28 5 9
35 6 10
77 3 10
23 0 7
94 0 1
13 1 5
45 6 9
94 7 8
5
22 7 10
4 9 10
100 7 8
55 2 5
18 2 8
9
47 3 7
46 1 6
80 4 6
56 3 9
3 5 6
29 2 9
60 2 7
75 2 8
22 1 3
2
57 1 10
65 2 3
4
90 0 2
90 5 7
14 3 7
45 2 3
5
3 6 9
38 8 9
70 6 9
80 4 5
26 2 9
6
10 0 7
7 4 6
66 5 6
55 5 6
37 1 9
6 3 8
1
13 4 8
2
100 3 6
34 1 2
1
12 2 4
9
22 0 8
66 8 9
51 2 6
41 0 6
37 1 10
26 0 9
10 8 10
53 3 5
32 1 2
4
45 5 9
39 3 10
92 2 4
99 5 10
6
44 3 9
2 3 10
44 6 7
19 2 8
5 1 5
47 8 9
5
49 0 5
52 6 7
25 6 9
41 0 7
4 2 10
9
59 2 5
25 3 6
8 3 8
20 0 9
12 4 10
67 0 7
15 8 9
1 4 9
49 4 8
2
20 1 3
67 1 4
1
28 5 9
2
64 3 9
87 5 6
1
58 1 9
7
66 5 7
54 0 6
6 2 7
92 5 8
78 0 9
88 3 7
48 6 10
7
12 0 7
30 4 6
12 2 9
42 1 4
47 0 1
79 5 6
88 2 4
10
64 2 3
39 3 8
55 1 7
65 0 8
15 0 8
85 2 7
63 6 7
20 2 9
91 4 7
55 0 1
2
98 3 10
7 4 5
2
86 0 7
18 3 4
8
64 3 7
79 0 7
39 5 7
84 8 10
1 1 2
92 4 6
94 8 10
81 2 7
7
38 8 10
36 4 10
8 7 9
66 3 9
73 1 4
83 1 7
97 5 6
9
87 9 10
61 1 4
99 3 6
95 4 9
31 6 8
94 5 6
34 4 6
7 0 3
78 2 6
2
37 9 10
68 0 5
6
58 4 5
19 3 9
40 4 5
22 6 8
93 3 5
89 0 10
3
74 5 10
11 3 7
61 1 5
9
47 0 2
79 6 7
50 5 10
4 4 10
5 2 3
21 4 10
78 7 9
39 3 5
62 3 4
1
55 9 10
7
12 0 6
47 5 7
82 1 3
17 4 8
62 4 9
7 0 8
67 2 6
10
79 2 7
34 2 5
61 1 8
25 0 3
57 3 8
66 1 8
42 3 5
42 1 5
74 3 10
87 0 2
2
71 5 10
63 4 9
2
75 4 5
3 3 10
4
64 1 10
42 7 9
49 0 7
18 4 10
10
56 5 8
97 2 5
27 3 7
45 1 4
81 4 6
68 1 3
68 6 8
11 4 7
46 5 7
79 0 2
2
87 0 2
8 3 7
6
60 3 7
4 7 10
19 0 6
66 8 10
84 0 6
38 1 5
7
42 6 9
40 1 2
18 1 8
48 4 5
16 3 6
5 0 8
28 1 10
5
87 1 8
11 8 10
100 0 2
74 3 4
18 0 2
1
14 0 7
2
19 2 6
98 1 3
6
20 1 9
51 4 8
51 6 7
31 0 8
99 5 7
12 3 5
6
33 6 10
33 1 9
81 1 5
71 3 8
61 2 7
5 7 8
1
27 0 1
7
63 2 7
56 3 8
43 0 7
59 1 3
21 4 8
72 2 3
44 6 10
5
65 1 7
98 0 10
42 4 6
8 8 10
91 1 10
8
75 2 10
97 3 8
70 0 3
28 6 9
17 9 10
89 4 10
64 9 10
53 1 7
9
53 7 9
16 0 6
45 2 7
53 1 10
75 1 8
24 0 10
32 5 6
5 1 8
30 3 4
4
17 1 6
76 2 4
9 1 6
25 2 6
4
43 0 2
77 6 10
78 8 10
13 1 3
1
98 1 8
4
83 1 5
97 5 6
52 0 8
64 3 7
7
78 7 8
25 2 3
42 1 5
22 0 3
39 5 9
98 2 5
31 7 10
1
98 5 7
7
5 1 5
73 7 10
36 3 5
38 3 7
26 4 10
71 1 7
52 4 7
3
39 4 8
46 7 9
46 7 8
1
68 2 3
1
29 1 2
1
64 0 1
9
3 0 7
63 0 8
47 1 5
91 0 8
93 2 7
48 8 9
15 5 7
50 3 6
92 8 10
4
42 4 10
90 0 3
40 5 10
11 2 7
2
78 2 5
22 0 10
6
32 4 6
14 0 5
15 2 4
76 6 10
45 3 9
48 3 8
5
24 1 6
52 2 10
56 0 4
89 2 4
79 2 10
1
96 6 7
1
11 4 8
10
5 0 3
51 0 4
87 4 6
55 3 9
14 5 10
42 4 9
67 3 4
6 0 5
56 7 9
50 3 6
3
41 4 6
3 9 10
90 0 4
10
22 4 9
52 0 9
90 6 10
25 4 10
82 3 5
96 1 7
22 0 6
92 4 8
35 9 10
98 6 7
4
29 0 4
98 2 3
70 0 10
66 7 10
4
33 3 5
47 0 7
31 0 1
17 1 10
3
99 0 7
60 2 7
96 1 4
6
30 0 8
75 2 5
4 1 9
59 0 2
90 1 10
42 9 10
6
48 2 7
58 4 7
13 0 5
9 0 2
25 6 10
56 1 5
1
86 1 5
3
24 0 7
19 5 9
34 3 4
5
97 3 6
62 7 9
29 8 10
70 1 8
55 0 10
4
25 8 10
11 8 10
50 3 8
81 0 7
10
24 2 4
53 0 3
9 0 5
63 0 6
96 1 6
29 0 9
12 4 8
74 5 7
67 5 6
100 0 2
4
77 2 9
45 2 10
30 1 10
75 2 5
5
99 1 6
60 3 7
88 1 2
55 3 7
56 3 7
2
57 1 2
47 0 7
3
12 7 8
8 0 8
43 6 9
8
87 6 9
24 1 6
7 1 3
59 2 7
12 1 2
58 6 8
57 1 3
97 2 3
5
100 4 7
23 2 10
51 0 4
95 0 9
91 0 8
2
63 1 3
31 1 3
10
82 3 6
95 7 8
26 0 4
71 5 6
34 1 10
26 3 5
15 3 10
14 4 9
6 2 7
52 7 8
8
52 0 2
1 7 8
18 0 7
1 1 7
32 1 8
67 5 7
35 1 8
32 8 10
4
64 2 3
7 0 6
83 0 8
99 1 2
7
20 2 9
14 6 8
43 9 10
31 3 9
10 2 9
97 2 5
72 5 7
10
10 6 8
43 4 6
79 1 2
66 6 7
70 3 10
64 2 9
55 5 6
34 3 8
25 0 2
61 2 8
8
48 2 7
8 1 4
85 2 4
14 6 7
48 4 6
71 3 10
98 2 10
75 5 8
9
52 3 8
71 0 4
61 0 9
86 4 10
67 7 10
95 5 7
33 1 10
80 3 8
54 0 7
2
27 2 4
93 0 3
4
44 2 8
3 0 5
34 3 8
81 0 2
3
54 8 9
48 2 7
77 5 10
3
19 3 6
82 0 3
30 0 3
8
3 2 5
69 2 10
19 4 7
13 3 8
2 1 9
61 2 6
43 5 9
76 5 6
2
99 1 10
13 2 7
7
82 1 7
70 2 6
26 7 8
51 4 9
55 4 7
78 8 10
36 0 3
1
78 3 10
6
39 2 7
88 0 5
100 1 10
17 0 8
28 0 10
17 8 10
4
26 1 4
32 6 7
84 0 10
77 0 8
5
13 0 7
94 3 8
64 3 8
97 9 10
28 1 10
7
66 0 4
36 1 4
100 6 8
56 5 6
22 2 8
43 0 8
95 3 10
7
7 2 3
69 2 3
12 2 3
9 2 10
52 2 5
6 2 4
48 8 10
2
71 8 9
89 1 9
7
62 3 10
40 8 10
66 7 9
18 0 7
47 8 10
25 7 10
90 5 7
2
87 1 2
7 3 7
3
16 9 10
47 5 9
25 0 2
1
87 3 10
10
61 5 10
22 4 6
71 2 3
93 1 3
45 6 7
64 3 9
42 1 5
63 5 6
20 8 9
7 5 10
10
50 3 6
64 4 6
22 3 4
91 2 7
84 7 10
69 4 5
4 1 8
39 2 6
25 3 10
29 1 5
9
78 5 7
49 3 8
100 5 8
54 5 10
17 2 6
92 5 10
73 4 8
19 2 4
14 0 3
8
26 2 4
42 0 6
94 5 8
80 0 8
35 0 4
34 4 9
78 4 10
22 1 6
8
76 2 8
17 2 4
15 6 9
85 1 6
38 0 2
38 7 10
73 6 7
6 6 8
9
6 5 10
58 3 8
10 2 3
58 1 3
77 8 10
89 4 9
94 5 10
6 4 5
53 5 8
1
63 4 9
9
89 0 5
65 0 2
85 1 2
23 4 10
65 4 5
37 0 2
48 1 7
56 9 10
44 5 8
5
58 1 9
20 0 8
80 7 8
22 1 4
67 6 9
2
4 2 5
21 4 5
5
89 2 4
2 4 9
15 6 10
79 1 10
65 8 9
1
97 2 5
7
29 0 1
53 7 9
41 0 5
55 5 9
49 1 10
90 0 4
34 2 6
5
83 4 7
1 6 9
75 2 8
90 4 9
22 1 3
10
93 4 10
5 7 9
80 6 8
19 0 9
92 0 9
43 0 9
84 5 7
49 7 10
11 1 10
83 4 7
1
77 2 7
2
73 3 10
80 6 7
10
6 4 10
22 8 9
60 4 8
84 0 3
47 1 9
79 4 5
42 2 4
79 5 10
96 1 5
14 2 3
3
89 2 7
57 4 5
58 2 10
9
40 0 9
90 2 10
84 2 5
47 3 6
71 6 7
91 6 9
54 1 7
22 3 6
97 5 9
4
72 2 6
23 0 9
68 7 9
79 1 9
1
98 0 7
7
42 0 9
57 7 9
65 2 8
64 6 8
30 3 4
17 1 7
23 4 6
6
75 3 6
98 2 3
98 8 10
22 8 10
43 8 9
50 1 6
5
74 3 6
19 6 10
18 0 10
61 5 7
76 4 7
1
55 7 10
4
6 0 6
47 0 7
85 2 8
16 9 10
8
99 5 9
70 4 9
71 4 8
60 5 10
46 1 9
4 7 10
67 3 10
30 0 7
8
3 8 9
63 1 3
24 4 10
50 2 6
48 7 10
50 1 3
51 6 10
85 5 6
3
11 0 1
14 4 6
63 2 9
2
89 2 10
70 0 8
10
35 7 10
86 2 8
23 5 7
75 5 6
68 4 8
27 7 10
53 0 6
39 5 9
100 2 6
35 3 8
9
46 6 10
30 7 9
47 4 9
23 4 6
84 4 7
12 3 9
67 1 6
45 2 10
35 2 3
10
80 4 10
8 8 9
2 1 3
42 2 6
26 1 5
79 0 5
5 2 7
44 4 10
16 4 7
98 0 5
9
40 1 10
52 0 2
1 0 9
97 3 7
10 3 4
40 5 7
10 8 10
67 1 2
2 2 6
9
42 0 10
15 0 5
9 1 4
92 3 8
12 2 9
30 0 3
6 8 9
99 1 5
89 0 2
7
87 2 3
86 4 6
81 7 9
22 5 8
87 6 8
86 2 4
14 1 4
1
11 3 10
4
64 3 5
8 3 4
71 0 5
8 2 9
10
90 0 7
92 5 8
80 0 7
24 0 4
64 4 6
39 4 5
5 0 1
45 2 10
90 2 10
82 1 9
10
35 0 9
83 0 7
62 3 6
17 5 8
45 0 3
21 2 7
13 4 9
76 2 5
23 9 10
32 0 3
3
46 5 6
57 4 10
63 0 6
8
98 1 5
6 4 9
31 0 5
85 2 5
73 3 6
64 1 5
58 4 5
47 6 7
2
23 1 6
96 1 5
7
49 7 9
69 0 1
46 1 7
62 2 8
16 8 9
15 0 4
54 4 6
6
61 2 10
54 1 4
86 0 9
23 2 10
23 1 5
39 0 4
2
90 5 8
40 1 4
3
76 6 7
11 4 5
22 8 9
9
75 6 10
84 0 7
75 2 8
31 1 2
57 3 6
46 3 10
19 1 7
89 9 10
83 4 5
8
76 7 10
50 0 6
87 0 4
96 6 7
44 1 4
39 6 8
4 5 7
86 2 3
8
42 4 10
82 5 10
35 3 6
98 5 6
35 2 6
66 0 8
95 0 10
12 0 2
1
62 2 6
3
45 0 6
13 2 4
48 6 9
6
52 5 9
54 3 5
2 2 7
75 2 3
69 0 1
70 0 4
8
22 6 7
42 7 8
94 4 5
64 1 4
6 5 10
3 0 8
51 5 6
83 2 7
6
27 1 9
85 1 7
54 0 7
94 2 10
9 3 9
2 2 9
5
13 1 8
61 5 7
4 2 4
6 0 9
75 0 6
1
67 2 3
1
6 1 2
6
18 1 3
4 8 9
97 0 10
61 2 3
72 0 10
61 3 7
2
30 1 8
46 3 7
9
55 1 2
75 0 4
49 2 9
60 4 5
51 1 3
38 1 9
25 2 5
54 5 10
49 8 9
5
60 1 7
100 1 10
44 7 8
17 4 6
67 0 4
2
71 4 6
12 2 7
2
24 4 6
73 2 7
7
81 6 9
89 6 8
83 0 7
1 5 6
31 7 9
63 4 8
68 0 7
8
100 2 10
83 2 3
53 3 7
16 3 9
25 3 7
53 1 4
97 2 9
77 0 5
7
26 0 5
65 6 9
28 0 8
8 1 8
81 2 3
77 1 3
64 0 6
9
16 8 10
58 0 1
83 1 3
73 5 8
63 2 9
16 1 10
24 5 10
16 7 10
66 3 10
10
57 3 9
90 1 3
30 2 4
8 6 7
6 2 4
2 2 8
40 1 5
91 0 3
84 3 5
38 4 8
8
38 0 9
55 1 5
85 3 8
12 3 4
94 0 2
50 4 8
33 0 5
73 1 3
3
75 1 8
12 4 8
96 4 9
1
1 6 8
9
75 2 10
45 0 4
50 6 10
16 4 6
39 1 10
48 1 7
84 4 5
75 3 5
55 0 10
2
66 0 5
56 2 6
3
84 2 9
18 7 10
37 0 4
8
58 2 3
8 2 3
89 1 3
17 0 9
54 7 9
79 1 10
72 6 8
48 0 2
7
97 3 10
14 4 9
32 7 9
18 1 8
64 0 9
13 6 9
7 3 10
1
24 7 9
3
49 5 6
15 3 5
82 7 10
2
15 0 10
7 1 2
1
30 2 8
10
91 0 6
19 0 1
33 3 7
76 5 9
20 0 4
100 1 9
13 5 8
88 0 2
22 1 2
6 3 8
3
29 0 10
24 3 4
66 0 6
3
70 0 2
70 4 9
94 8 9
9
89 0 9
66 4 8
52 3 6
9 5 7
44 6 7
11 3 8
33 1 3
53 1 3
53 2 6
8
73 5 9
89 5 7
88 5 9
70 3 6
50 0 8
18 4 5
52 7 10
3 1 8
9
72 5 9
49 7 8
7 3 10
95 3 7
74 5 10
70 8 9
48 6 8
74 1 6
24 3 10
5
31 0 6
44 8 9
2 5 9
30 7 8
12 3 9
1
40 6 10
4
84 3 8
38 3 5
95 2 9
87 3 8
10
11 4 6
22 3 10
99 0 5
62 2 6
54 1 9
21 5 8
36 1 4
7 1 2
34 3 6
44 9 10
1
54 1 2
6
14 2 5
30 4 5
32 1 8
4 2 6
72 5 7
54 5 9
4
95 2 6
54 1 10
1 1 5
99 1 9
5
86 2 10
50 5 8
35 3 9
44 0 6
32 2 5
8
68 0 6
85 0 8
80 2 3
82 6 8
41 5 10
91 0 5
15 5 8
9 2 8
7
57 3 5
95 2 7
38 3 7
18 2 10
84 4 9
12 0 1
65 1 5
9
41 3 7
57 7 8
53 3 10
25 4 7
99 1 4
4 1 3
89 1 5
89 2 8
28 5 7
10
56 1 9
59 0 10
35 1 2
24 5 10
94 4 7
89 1 9
83 0 5
22 5 6
2 1 3
49 2 8
9
73 5 10
65 3 7
31 1 2
30 6 10
89 0 2
65 0 8
89 4 7
58 3 7
5 7 9
2
58 1 9
44 0 10
9
60 5 9
18 7 10
71 4 10
41 1 4
100 7 10
20 2 4
40 7 9
8 3 6
16 0 4
5
64 8 10
30 3 6
73 9 10
99 2 7
31 2 3
4
69 2 3
45 3 8
84 5 10
20 6 8
4
46 2 10
5 0 7
58 3 8
21 7 9
4
46 3 9
83 5 10
34 6 7
56 4 10
7
19 1 9
60 4 5
69 1 8
96 4 5
37 8 10
22 4 9
78 2 10
5
14 1 2
67 9 10
72 2 8
40 2 9
49 1 6
3
56 0 1
60 8 9
31 7 8
3
25 0 4
43 0 9
62 3 6
7
63 8 9
7 2 9
57 3 9
30 1 10
73 4 6
84 2 5
91 1 2
9
21 4 9
6 0 2
73 1 4
89 5 10
44 1 8
66 5 7
11 3 9
37 2 6
74 4 5
2
5 7 8
77 7 10
9
80 0 10
4 6 10
82 7 8
84 5 10
93 2 4
2 0 10
12 3 6
21 0 7
16 0 5
5
44 0 1
86 1 7
2 7 9
21 2 3
57 8 10
3
97 2 5
41 1 7
89 3 6
5
49 1 8
14 4 9
25 0 5
39 0 2
52 4 9
6
74 0 6
73 0 9
21 5 10
44 3 9
17 2 10
98 0 3
1
10 0 7
10
30 7 10
68 2 7
28 8 9
3 2 3
88 3 9
100 1 6
79 7 10
96 1 8
44 4 6
72 4 8
7
1 1 3
63 9 10
44 2 6
50 5 10
24 5 8
39 3 8
52 6 10
8
74 2 6
36 2 9
81 5 6
44 0 2
78 0 4
21 1 7
8 3 4
65 4 10
2
21 2 8
42 1 8
10
84 4 7
59 2 8
32 0 6
83 4 5
51 5 10
52 7 9
20 3 9
15 5 10
85 6 8
24 4 8
1
85 1 9
2
61 2 3
70 1 9
1
47 0 5
10
83 5 6
45 0 4
8 0 2
49 5 7
99 1 7
43 4 8
69 0 1
6 1 6
33 5 8
52 2 4
9
66 1 9
42 7 8
57 0 8
39 5 6
87 0 5
100 3 9
90 3 4
7 3 8
75 1 10
8
89 3 9
38 1 8
44 6 8
33 5 8
35 1 10
20 1 8
74 1 8
71 6 7
5
28 2 3
90 7 8
99 7 10
67 2 7
75 2 8
4
52 1 4
74 4 7
97 0 9
86 4 7
9
84 5 8
76 0 8
32 6 8
11 1 5
52 8 9
41 4 9
85 0 6
66 9 10
26 3 10
4
5 7 8
80 0 2
46 4 10
39 0 6
8
48 7 9
2 7 8
18 2 9
23 2 5
100 0 8
37 2 5
87 8 9
30 4 5
4
69 0 6
92 0 3
99 2 9
30 1 5
2
87 8 10
54 3 4
6
25 8 9
4 2 5
22 6 10
31 4 7
5 0 10
95 0 4
3
95 3 4
42 6 10
7 5 7
7
96 1 9
17 0 1
6 3 9
8 5 8
46 4 8
75 4 9
86 0 6
4
30 2 5
39 0 9
8 1 2
83 0 10
8
68 4 5
44 0 3
84 0 2
98 3 4
17 1 10
74 6 9
78 6 8
35 4 6
3
91 0 6
86 0 1
60 3 8
7
53 1 9
55 3 10
53 3 10
9 4 5
89 2 8
65 5 8
46 2 8
7
79 2 3
67 2 10
93 6 7
42 5 6
13 7 9
79 2 4
97 2 10
3
52 4 10
1 3 9
6 0 9
8
30 2 8
80 4 6
46 5 8
27 3 9
2 0 9
68 2 8
90 6 7
84 0 8
1
22 1 8
6
35 0 1
57 0 6
22 4 10
67 2 6
10 0 6
19 1 7
9
26 5 9
40 3 7
49 6 9
94 1 4
76 6 9
95 0 9
46 5 10
75 1 5
88 3 4
10
63 4 7
81 1 9
89 1 3
20 0 4
15 0 1
25 1 6
62 1 9
8 0 10
28 3 8
40 0 7
1
82 4 8
9
1 1 8
82 0 3
91 1 6
23 1 5
82 6 8
74 0 8
90 0 2
71 3 10
42 5 7
3
58 7 10
49 0 2
8 1 7
5
81 0 4
66 1 7
26 0 2
92 3 10
96 1 10
1
52 4 9
9
89 0 6
49 2 6
19 2 7
73 0 1
62 0 7
61 0 6
23 3 10
61 0 4
11 5 9
9
87 1 8
90 4 10
25 1 2
84 0 6
50 2 9
24 6 7
73 8 9
62 0 3
8 2 9
9
23 1 7
39 5 9
25 0 8
57 6 8
25 2 6
60 5 6
27 0 7
23 4 7
40 3 6
10
42 0 6
83 8 9
89 1 4
51 0 2
8 3 8
64 1 7
99 3 7
20 1 4
23 7 9
35 3 4
2
6 0 9
86 0 6
8
92 4 7
3 5 7
41 0 3
71 2 5
95 0 1
28 1 3
32 2 10
62 3 4
10
34 8 10
11 3 4
62 2 9
55 2 8
1 7 8
15 4 7
95 8 10
49 1 4
32 9 10
29 4 7
5
8 2 7
43 8 9
36 1 8
4 4 7
1 0 4
2
16 1 5
90 0 5
8
53 1 7
33 3 4
72 6 7
47 3 5
62 3 8
95 1 9
32 4 8
44 4 9
2
23 1 5
74 0 8
2
52 3 5
57 3 7
8
99 0 2
93 1 7
53 1 4
40 4 6
30 0 9
22 3 6
96 7 10
57 9 10
8
48 0 5
16 0 2
1 1 9
55 0 8
42 4 6
71 2 4
3 1 9
25 9 10
4
93 6 10
95 2 4
40 3 5
57 7 8
5
11 6 9
40 4 6
61 3 5
2 0 9
9 3 6
4
47 0 2
87 4 7
83 2 10
25 2 6
4
68 2 7
95 5 9
87 2 5
7 4 10
5
21 0 6
98 6 10
91 8 10
57 2 4
32 0 5
5
80 3 5
60 5 10
43 5 10
54 5 9
79 1 3
7
26 0 5
43 7 10
32 0 7
39 1 10
30 0 9
97 2 6
78 6 8
8
82 2 10
100 7 9
87 1 8
81 2 9
49 0 3
11 6 9
6 9 10
34 3 9
6
67 3 6
73 2 5
79 6 9
82 0 9
40 3 4
15 1 9
9
66 8 9
89 5 8
2 0 9
69 1 2
96 0 6
85 1 3
50 4 6
79 0 6
3 0 8
6
48 0 5
84 5 8
84 7 8
17 5 8
82 5 6
10 5 8
4
48 5 7
80 4 8
56 4 6
89 2 3
3
68 1 8
28 2 7
21 1 10
5
80 4 9
35 2 10
19 0 4
83 3 9
5 2 4
3
36 1 2
59 5 9
91 9 10
1
22 4 6
5
10 6 10
34 0 3
93 3 8
17 3 5
21 6 9
7
18 0 6
69 2 4
93 4 8
93 6 7
7 0 7
16 0 5
98 1 6
2
35 7 8
67 5 10
2
53 1 8
11 1 5
5
49 1 5
42 1 6
95 0 7
54 5 7
1 3 4
1
13 2 6
2
55 4 9
23 4 5
10
85 8 9
75 5 10
41 3 7
15 3 5
32 0 8
80 8 9
2 7 8
83 0 3
99 8 10
54 2 9
10
31 0 2
75 1 3
37 2 5
99 3 10
82 1 4
22 2 9
60 0 3
97 0 6
1 8 10
20 4 6
10
90 1 4
94 4 7
30 0 9
83 2 4
57 3 6
71 2 8
50 2 10
32 0 3
56 2 3
33 8 9
2
2 3 10
40 9 10
3
47 5 7
26 0 2
76 7 10
1
12 1 8
3
49 3 9
100 0 2
81 3 8
7
18 4 9
14 2 7
56 4 7
92 2 3
30 0 4
87 2 3
10 3 6
10
54 2 5
71 2 7
73 0 5
24 2 7
86 1 2
40 0 9
6 3 9
4 2 7
64 1 4
81 4 6
5
43 2 7
4 3 10
43 2 9
62 1 10
67 5 10
4
97 6 8
100 5 6
73 3 8
54 2 8
3
70 1 10
92 0 10
21 6 10
8
19 3 10
62 1 3
24 0 10
52 2 4
27 6 8
78 3 6
49 6 9
35 0 6
7
9 3 6
58 1 8
96 1 2
41 1 8
89 3 6
92 1 6
23 2 10
9
82 4 6
73 1 8
93 2 10
54 0 6
29 0 1
83 2 9
23 0 7
59 6 7
88 6 7
6
93 3 7
44 1 6
51 3 7
12 1 2
94 2 8
24 3 8
10
48 2 8
1 0 5
19 1 8
53 8 9
86 4 7
11 1 10
81 3 8
52 6 7
30 6 10
28 6 10
2
72 4 8
44 2 4
7
23 0 3
21 5 8
78 4 10
39 3 6
15 0 2
11 3 8
24 7 9
8
97 8 9
15 8 10
14 2 8
17 8 9
70 2 3
27 0 3
80 2 3
54 4 6
2
83 1 7
95 2 7
3
46 2 5
78 5 8
48 3 4
8
54 1 9
53 8 10
64 9 10
16 4 8
45 2 9
77 6 9
99 6 7
66 3 10
1
78 4 8
7
42 0 9
42 0 1
98 0 7
73 6 8
92 4 6
11 5 8
36 6 9
2
74 1 6
62 4 5
4
29 3 8
27 3 5
43 3 4
99 1 5
7
94 9 10
85 4 8
81 1 4
69 0 5
94 2 4
27 5 10
52 0 5
4
96 7 8
2 3 10
15 4 7
42 1 2
4
49 3 7
73 1 2
55 6 7
31 4 7
10
69 1 7
24 3 5
46 7 8
49 4 7
23 0 7
60 8 10
93 5 9
86 2 9
15 0 7
28 4 10
1
54 2 6
2
10 1 2
32 0 3
1
91 8 9
8
82 2 7
9 6 10
55 5 6
99 1 8
89 1 6
73 0 5
22 2 6
73 2 6
3
84 4 6
3 1 2
20 5 8
4
61 0 9
98 1 10
45 2 6
2 0 4
9
68 9 10
49 0 7
19 5 8
34 7 8
63 4 6
87 2 9
59 4 6
93 2 10
21 0 2
5
90 8 9
8 0 3
40 4 7
80 3 7
68 4 5
6
59 4 10
75 3 7
53 5 7
4 5 9
59 8 9
38 0 9
9
99 4 6
80 3 9
70 3 8
20 4 10
38 7 9
66 8 10
80 7 10
80 4 9
53 1 7
3
84 5 6
63 0 8
100 1 4
3
95 7 10
64 1 3
32 0 9
10
27 3 9
31 0 1
61 2 3
19 3 4
13 2 7
29 1 5
59 6 7
47 5 6
47 3 10
63 4 5
5
64 7 9
57 3 6
95 0 3
65 9 10
31 3 8
5
43 8 9
41 1 8
24 2 6
87 3 5
42 6 9
3
51 2 4
98 1 7
66 0 1
1
53 0 10
3
96 2 10
33 2 5
32 1 7
4
80 2 8
40 8 9
70 2 6
14 3 10
4
28 1 2
61 1 8
61 1 10
49 0 4
1
94 0 1
3
50 1 5
54 3 9
73 0 3
5
91 3 7
43 1 10
74 1 3
47 3 6
52 4 9
10
38 9 10
46 0 8
76 2 3
95 3 7
60 4 7
32 4 5
67 0 6
88 3 9
38 0 6
42 1 6
2
33 4 10
56 4 9
9
32 2 10
34 6 7
74 3 8
73 9 10
2 0 2
65 3 5
57 2 5
16 4 6
12 5 10
6
17 6 7
67 1 7
38 2 10
81 8 10
34 1 7
92 6 10
1
35 8 10
8
89 1 6
40 4 6
97 0 5
92 2 9
73 5 7
30 8 10
12 0 1
62 0 2
10
62 7 9
68 0 8
78 1 5
83 2 5
20 1 8
8 0 2
31 6 8
70 0 2
73 2 9
13 1 3
3
63 5 8
30 1 9
9 1 7
6
29 2 7
8 0 1
45 2 7
5 2 8
42 2 3
65 2 5
8
15 2 4
47 4 8
98 0 2
55 2 3
10 2 6
62 0 4
23 6 8
23 6 7
10
7 4 10
69 4 8
79 7 10
51 0 2
85 2 4
72 5 7
85 0 7
89 7 10
1 6 8
39 4 8
10
83 3 5
87 3 6
22 1 2
76 1 6
28 3 9
5 1 6
61 2 6
11 4 5
97 5 10
62 0 10
2
11 0 6
32 6 8
6
26 3 5
82 7 8
94 3 5
84 9 10
87 6 10
95 1 7
0 0
