3
80 0 30
50 5 25
90 27 50
3
80 0 30
70 5 25
71 30 50
80
46 687957942 1231338707
32 350154227 1485361574
16 1312910314 1416289594
26 1008906082 2011563371
38 883571369 2035996265
52 1338606285 1388733940
46 803638802 1992776368
5 329078290 2131658167
6 350307177 1840242175
92 430508181 959752518
71 328700381 881024721
98 767983723 1786714535
93 619155142 1429033219
78 296702858 939250758
69 14030055 1315796254
19 972977970 1014429218
47 113066730 2114075476
37 782815040 2000484846
76 672776250 1515432293
24 601413073 1833352131
79 217740600 1264448036
14 1019320514 1197694130
84 367068628 671477830
81 133097693 1756681813
28 17552885 1971781313
71 23418245 162689912
94 572949903 831522984
87 1154149505 1658260877
86 659677537 1561865261
19 1319284420 1922214109
77 112886463 712504126
15 1839861457 2035481736
99 445552349 1352759540
29 135834619 1846489584
64 818349034 1628790725
99 796534612 868447293
74 1909445447 2061036290
100 427973493 1794869888
23 105945216 2128009678
46 877285427 1408600856
98 1993210694 2004296776
7 345929945 1659566621
32 199887622 1341228287
63 280499889 706991443
86 81799642 137670344
63 1253030726 1327946229
68 325592533 1697763424
84 1093765612 1462485254
70 885414158 1899123033
37 1758409415 2026552631
37 359315754 484620412
3 1970431715 2000606295
4 469125484 597495612
50 342216446 1946494400
80 658611457 966111411
38 1221558601 1564853762
64 229504448 1436208510
60 316978567 653753882
67 978915186 1337036869
35 129871700 274319316
42 110082271 945773342
30 1618671282 2023231698
33 621144124 629412694
4 1054412404 2041553205
34 1808910055 2015272473
1 160384578 2119094414
95 770918020 1686862318
18 465559174 614150841
57 161913921 882341248
86 693104096 1572686419
81 104910017 723735708
69 392572629 1514537468
46 987868542 1062335045
62 598369926 1156288138
22 1162176073 1490703135
70 1218994170 2052437641
64 316151050 372347808
61 1507548550 2029718850
95 1334425450 1824885590
2 194974367 522862382
61
90 987416392 1448597130
44 138064192 997558862
75 1792294408 2067099533
6 801099037 1849258506
41 317416134 1875415359
32 126873916 956858055
53 1326713615 2094231880
74 764506688 1924642573
78 591774737 606272342
88 620331274 788218509
8 668749542 918568935
22 359101964 1363160974
41 142370859 753767556
82 89300973 711780403
56 945795878 1415592643
3 91640038 155745648
49 1158226348 1187397433
100 452112728 1018192885
5 1211381789 1895367474
41 1688384334 2112355839
44 1116387472 1565591084
65 227975860 1330957455
93 275607240 584693363
85 778221784 877626311
95 508759748 1927396138
77 1484961738 1901867173
77 767470069 1120854048
4 505826450 947939842
73 174173118 1140147764
92 309007829 1152867571
18 103355513 467993232
8 713144113 1415652132
16 879662036 2119930552
18 1417400413 1446808228
78 236344562 542365707
4 288499750 1462108295
80 734500502 1635059616
74 529531780 2026118679
5 1523859846 1987632552
74 290691083 1534648544
19 436480046 580549634
14 573371167 1057441118
92 412788169 1609605143
45 1056219435 1985604411
99 869740787 1320300110
12 331932865 753766889
21 109954122 761729887
45 584000680 718036265
64 1559992778 1647607030
68 1397114075 1748101104
64 664964658 708312581
10 1281043845 1794308514
38 1608600898 1905717509
15 137669290 1386549479
15 971092080 1291298096
80 1125469215 1400086344
7 962437797 1517206295
7 367668191 1171995322
14 609391189 1367582407
17 474326615 1337459077
99 928331639 1549484156
17
92 493583367 1326198362
11 244953712 1545506250
96 534369491 1710460319
23 333119681 888631169
30 1716121590 2145149168
38 311369523 1275644088
55 1168604302 2071782641
42 1964309913 2040816107
66 690191981 1762970328
57 1609890920 1900557952
98 162587936 2113307244
32 1008023770 1172131118
95 518334783 1257041346
39 1066882567 1321796718
100 334245168 1702171058
75 1020811282 1165135963
96 515385562 1935632533
39
36 1151428446 1617587357
61 171667269 890317727
22 369039829 1519663801
8 1793450205 1794322796
28 1087519719 1378048870
42 253876751 1891895109
44 321957828 373979245
7 556252299 1330508255
37 1126267743 1678494308
92 399538095 575829992
70 865796299 1804234642
49 1288106702 2006791529
61 82380505 1725045547
36 980968767 1902590008
83 715604317 1850766213
72 1329891297 1927897145
22 479984799 1945401602
50 851569397 974181027
87 207428146 921546834
36 1278747566 2038868713
66 3272596 1357890057
44 663121737 1778044377
39 457598613 1944692955
49 449096607 1531373911
74 779260054 1310935968
57 340455148 1030962886
64 1276201471 1406930875
69 232344192 1128904690
63 1299432192 1395310926
71 508742101 1774730802
1 577550335 805229727
40 1119147823 1184120031
58 555752787 2012771986
100 1145553692 1641282260
75 146450847 1336329462
42 819160435 2024539391
55 290424614 2145096131
99 894481421 1985635213
96 1077820634 1802843808
15
92 27713107 1968043516
27 180544670 1220005158
55 381324001 1711101110
27 15825948 1602526821
9 1067635119 1498659527
85 361530666 1794494226
66 1285055558 1524686534
77 1000551888 1329523511
92 256296405 1792695441
54 1168905468 1288363547
39 255823952 470779845
30 243812865 912531661
62 1617478610 1679584716
28 194067940 699286455
84 392806962 636361021
29
40 182710003 2144526473
24 615939862 1265117992
47 298975954 1343090797
61 4528965 1631110980
99 1596226377 1964882988
97 755281603 956041396
63 851327461 1363631300
24 115862211 551631569
23 164554735 1363026366
2 1894563573 2075947064
79 836107923 1068614648
99 803728556 832685486
68 1002242077 1859522613
85 385349074 715358565
97 1313354047 1773974885
47 918486905 1089871737
68 224797803 762293644
17 537226948 619290565
37 1099823745 1718905376
77 1153343629 2146864131
1 901683235 1008287858
82 1197454998 1300765732
86 242102846 641753892
81 1002039587 2013808920
40 990237729 1379651840
7 21682997 1538804208
24 613945880 1717751532
66 57273224 300177380
47 591008513 1621474291
89
100 968666799 1568547057
20 727044873 1470932045
13 89252428 294835154
52 56140177 1751365344
65 377259781 1164176532
77 2044423687 2075673938
88 699559629 983238115
43 882044771 1346461606
72 206038411 2111861446
20 129190050 1762024454
70 1475852999 1744498475
93 784625012 1872796236
46 321560185 550111133
66 844158125 1889119595
78 879774552 1846468442
2 230352154 1986827143
65 340286738 2037681655
46 1062932026 1300537132
17 1945355930 2121374236
32 89991621 1124546968
87 703831959 2076838943
31 900466022 2021887245
50 27004028 636102861
73 707046750 1666824248
66 757680896 888245454
67 30157364 1577442133
32 845926175 2142111803
11 947508604 2049687398
23 390828184 574705639
64 232005813 970756603
54 172341822 1729511531
17 647103020 1350290510
35 422331522 856777847
40 1223127879 1788241116
26 32341848 947047714
84 1189502720 1682503249
54 299834297 417358658
26 1720988658 1851557835
77 1446199463 1676564304
91 1238133666 1297787454
35 1078271057 1894443644
20 1080832356 1362170953
18 668044469 1064373153
67 1124929388 1795334481
81 1241227360 1813253868
39 2014375230 2105862877
62 189208129 1171123323
35 518989571 1290983112
23 606439114 1329843673
67 1372375835 1748186899
80 545456701 860076793
38 766774377 1233532868
88 105537054 640821600
44 577150556 745491812
16 26204837 278567203
64 941313839 1979499241
77 587371956 830902608
19 1275613584 2127368868
37 449826365 703562557
69 878023954 2079162310
50 800777569 1627798879
29 1382059408 1440783281
59 126862133 1539010003
81 1089788407 2126204466
80 1226537462 1696706802
1 1082272679 1640045680
61 1027213367 2123190439
59 1286763290 1951574831
85 1162875666 1471050473
6 216849523 807620228
55 57311416 759469920
98 256746908 967566644
84 1680576030 2044702831
91 275264197 1677245129
92 1495810025 2042890078
32 198864864 1105802172
36 151362511 1416211619
24 100602623 1069321815
95 1039541149 1866900621
55 83212510 238671582
5 889910325 1619288256
19 9053518 1780417199
35 1618537238 1943031958
81 564373910 1098286276
90 1309698319 1603829433
12 1680957446 1728606773
78 1369457724 1712763333
72 665213946 1213402710
65 278383538 339048949
31
73 1329799719 1784021883
9 247010608 685441467
20 787640643 1360385541
52 814350627 1625002201
62 51953221 1514317998
22 1529978264 1724416164
56 1146174834 1228441507
63 577641512 699439645
60 908187007 1600733144
56 1960753169 2147349922
50 285668831 1997992121
29 1723117501 1849710900
77 876277298 1788995715
32 1050883119 1263655835
32 362498113 1404962663
60 1617236924 1997040877
99 926915101 1294613198
52 209834507 2146428539
100 23056902 581315766
80 684002365 1438667218
40 226609581 785037814
22 105532578 212425394
27 1159624969 1445350985
36 556033274 1220939982
100 176872664 603131054
69 584483834 1149081100
64 183574297 1444806634
78 354804633 902124370
8 885145718 1595993352
89 1231992173 1803655521
78 527694351 1222784244
42
29 67281959 2021702705
98 1831120796 2048029189
20 195760175 541327710
60 450796570 2121486939
64 1942997084 2142199608
72 490913616 1189896285
24 130672892 1828076965
89 887966916 1066285757
33 1097771048 1512416406
62 1073361832 1626023327
56 401702957 840079019
15 132912387 1228012094
24 1849654449 1865990862
30 940097119 2065618562
33 489792210 1744985810
40 1176112750 1764090936
32 423778171 2015408708
7 112982032 996399019
1 634216226 1821454638
35 704734202 1423180701
14 952514103 1293627995
32 34157390 1819086040
51 369565299 1000675037
92 568701940 1908642946
68 764898475 2105280797
68 70249831 853413373
85 694525293 1565722034
57 1231428944 1567465456
64 587867827 2136057247
24 1106048800 1150468138
88 811431756 874885649
95 595741741 1073223715
27 1255761287 2023735762
32 222684995 440817059
89 834795658 920860351
55 645594343 2016124692
38 684228479 1388473025
62 637222759 787534144
47 485620055 817366756
35 43812505 956090156
14 89107138 250776337
91 294068385 1473126128
84
70 64127124 989831667
59 1437325801 1686190040
25 793414018 1660409409
21 51442987 1559471099
92 628648909 1992907142
70 1099020921 1898216613
93 1151901940 1961730901
31 1240656876 1557253068
84 207483193 2089472900
31 1337526652 1507928269
76 1551353735 1736310082
96 1155225416 1515023523
39 365055525 527809205
83 1224046846 1945227453
66 574877758 707429727
4 838291864 2053602907
63 824633374 1620133430
74 1104197692 2030173374
91 147915236 228501876
75 79340708 2072229066
23 300858726 886578000
48 886753080 1130453002
67 488289086 1988804561
96 1348315982 1671323961
54 646093616 1142492183
43 1659545357 1984958702
1 1432647443 1590613256
57 1043761614 1389851354
76 608818585 1065924131
2 220614611 1115896916
30 131970359 2146983528
36 996305239 1635136763
80 999337656 1678343390
10 74469503 840380074
36 167832678 512392253
10 616129263 1242431498
31 697129402 1677054656
66 1219108196 1434473216
94 318598016 1027531646
95 913749881 1757130819
61 1621887454 2127055431
83 972477526 1647181337
95 815781808 1538446686
16 302487235 1040030809
16 457941899 1382028454
5 1612954069 1796911673
48 50379014 1153669906
27 151390111 945919368
23 1367903208 1819426591
82 1054076051 1213944751
19 62992397 1546125935
73 878407668 1794634009
62 664394183 1439298347
95 1168624126 1665684198
54 197943041 1930531365
24 1928181865 2143424250
22 481861918 1007209258
6 40532349 1846860414
91 483565597 1144225855
84 1515627583 1740640774
26 706281844 1474136011
14 821865317 1933876086
60 349304462 477367342
26 790979691 1713623930
61 2063050188 2134330641
62 530286230 830970345
60 139126953 1467976911
23 938235791 1478748831
94 1541896786 2129517503
52 876635466 2040646899
89 924205550 1862393831
88 306715887 1252902377
15 398490500 1094141004
6 625035729 1244870151
51 397001100 946453072
30 1372856299 2104068958
45 171411136 1685173198
51 527810084 611017793
67 374599634 1031785336
35 92914846 1738335028
81 430808530 1317030508
41 669748843 2059504321
33 437966862 1745321301
77 1289552181 1343014067
4
5 812046506 1321118221
30 1950228760 2116470481
45 634869664 1148271617
61 330974814 1167105707
71
28 256496384 1151779933
94 114656945 1033240219
48 855966460 2023013017
74 718058047 2075585926
98 799411397 1054057712
18 288388241 1468589161
47 798999986 2094919496
58 413011750 839232489
88 256007894 476211742
91 517697774 656058664
34 544318474 1089822054
42 320294471 1870898953
38 770679336 1681346952
32 237906050 1626405638
12 1350782750 2044116940
56 993776102 1270963306
89 58298946 690706772
76 233372972 424034808
55 19196364 1036808791
69 1265128680 1590183389
69 1345566715 1845316053
99 567664219 1836133890
11 1110316578 1754027898
77 1219182209 1856146679
88 1342129528 1944747031
40 377297006 1841855191
42 489652812 514522123
27 1609254855 2025290653
75 625807565 1299377315
3 523515226 875079562
66 832021675 1936464719
1 619989353 1558528771
54 282318633 1757328335
78 800641467 1681033569
50 759606352 1934400959
9 250398535 1278466982
4 251348783 1911246409
83 1219738431 2022078527
19 1024919091 1101294614
97 794755390 1902651733
57 733129886 1468277244
22 232947439 757115807
33 1337969851 2005369825
73 244617944 2093849664
49 1901305271 2057864884
49 1362200318 1414435206
21 1176778261 1690209795
56 1649990394 1730132847
19 119546099 144011548
34 1234059143 1744893552
87 774426220 1802710286
53 220654385 769861759
46 995267222 1830995133
13 409607072 717218498
11 1819759956 2046984942
34 471549353 1262264948
8 666178806 1708049938
6 814630941 1117126920
78 742261959 1531673427
64 499313212 840698356
53 639126977 1090098425
16 184129804 778794583
7 361280211 1758027145
6 311217541 577534123
73 553963857 831730912
6 360255180 948840464
46 1293651736 1512082952
61 412071602 1608503134
34 1073632891 1414864648
80 1161400067 1556433140
24 419636186 421181321
21
32 53000788 1907442903
31 471318055 586606509
21 487390990 724194914
7 800354760 953735194
1 641849097 1922916343
75 215146922 2003056561
26 1313472201 1321777313
6 597494299 1955788008
28 282236897 1648727828
90 1985886397 2129169605
53 388876555 1101291030
100 428195187 1539256262
73 1594158108 1683229307
69 837648180 1487582639
51 22817790 1119926465
28 546541260 1760008524
26 712961045 1631058413
15 699884463 1573699855
43 126496653 374481874
9 598403425 1412559297
86 1864559059 2068321913
55
38 638631555 919975335
44 1329679368 1457868708
9 479573656 840233903
19 802084095 1090873018
82 631819433 1615459033
31 662497999 2058895211
24 161082632 1114201955
71 788854 1272049096
73 1189844511 1634700300
21 1013506695 1726159567
20 524153050 586904683
66 767675848 1534645140
33 158266392 505763781
70 638643120 839419872
74 1800914418 1806585371
27 84443344 525612187
2 521939770 1304859074
68 578646442 1424327308
79 150115783 528917475
13 320598812 2047253056
10 444308698 1295757224
80 314943543 1278916961
70 689288802 1906326523
89 1207970722 1411006056
58 996455332 1996287325
99 572445785 1559400269
97 918556781 1188528181
30 1301105356 1765949472
82 1469902420 1613005305
84 1152876368 1474651465
4 29206784 429832667
33 168926317 1437420195
20 782700431 1443652691
52 222317429 1960414165
86 1755611 618291513
79 367415655 1397296551
37 1242658 1777266388
54 733254075 1624953389
9 889656127 1172242302
36 643487635 955511800
66 670616446 1969748274
38 217186674 2089551841
22 513363259 528591932
43 534742642 1485691208
10 609016718 1649087072
98 416998358 1217771356
53 908709032 919052365
78 166970266 1908705061
9 861333952 1143486062
46 23405898 74806963
14 1268839075 2066041856
23 686273678 963088865
62 1089604758 2099379621
20 1630395233 1802835834
26 1190007987 1197706356
94
39 736335084 819634096
73 259690481 1627325308
63 516434726 1131892541
19 828082830 839442477
89 112865541 1225858446
1 144299537 512697843
42 204874769 941026516
70 1629622821 1703512317
41 121706064 2054586328
28 459403387 1554611319
5 259562051 959926846
23 294057616 1316088533
14 441732684 1054207267
59 1249990143 1511872584
85 1182785508 1816532477
32 1097877884 1355795751
4 132576603 1377666120
71 789752225 1802845288
52 773039677 970717463
1 494764812 1342378506
19 2829404 533949882
49 101018390 1753845803
2 1098683231 1607494602
39 1101266808 1304199191
68 945863458 1803757568
61 1589042871 1806246590
46 1058907446 1715496227
61 954153038 1723913641
84 1654548335 1946132156
33 919774146 1583922962
62 1000078979 1205209934
15 108635819 1429034744
3 819723401 1653637409
14 288589152 1247853810
76 1427052955 2091191770
11 147419084 1869647209
10 255953316 384446818
50 270541811 635383890
11 730104152 1235790508
23 660894105 779975282
74 600411253 1589552406
84 323896213 545157467
51 434457031 839642143
17 1293269550 1491079305
30 195236031 2011794970
2 1668601563 2094551661
85 735133249 1500874612
86 520875373 974056123
7 479232085 749406200
14 298835042 1424100009
82 845004252 891200620
54 518393115 1451060745
34 157605129 1647393070
42 880625915 1075510898
55 891049824 1891948128
73 280677384 524827040
93 222829980 1258762962
71 253146000 1668337424
91 215831996 1877906479
59 912539905 1765995359
26 1048570464 1826266903
75 245775725 655818304
13 1344020992 1720798463
60 15879296 2046504882
93 650326401 1334660136
96 1572353489 1920636330
86 1086254769 1247467462
79 119472573 630197539
11 326918187 1328162753
8 64219123 1769676868
69 317943252 801327535
69 260119349 2125989957
54 814664326 2119987841
71 688342905 1018410048
65 117857130 261028278
63 965836298 1331526909
83 1434309884 2063340161
82 338297857 1391488315
41 994955846 1688299587
39 61744394 1896578555
10 532017244 1557048853
67 1204503768 2139497341
65 1229025157 1369527254
16 1076528016 1570752122
32 915465497 963787891
96 1248538099 1317252057
86 1736925453 1927803692
71 388971768 1775132275
12 1171612796 1931914122
4 65671115 2084791107
49 102225801 587626962
98 1972688216 1974340874
22 57781476 1294521273
92 263559198 2031918694
47
60 1210245819 2093373912
70 494453588 1584270014
93 5443269 452133834
35 48800627 409673485
70 671894177 1805436221
85 887300567 1220548758
93 432673221 616119575
21 857787851 1194523667
50 496256309 720728736
95 172598475 1188671923
98 1129970182 1905147735
41 1146389609 1437311962
71 700773497 1219052737
40 1083094711 1266502297
33 200960153 605747327
87 1641285947 1867797907
81 179387802 1551538390
81 329958051 1323365190
58 396546372 1220730010
21 13676801 266364873
44 1116322212 2116718405
83 178003082 1991818628
72 155555941 573485164
83 67358461 161511372
100 321954314 322427854
16 864459448 1645703064
100 235553806 413198858
98 1553145440 1727301069
100 3368865 1955001966
48 338500031 1032100743
27 238395496 260902381
66 729685455 1456879753
87 1160070029 2016333918
14 1003449010 2006165052
30 744657475 1384000359
83 419137625 1900599656
63 502102426 1702080318
34 547319451 1959232841
54 404697396 1753173259
72 1375660144 1541929432
80 1152984836 1705361421
85 1029467938 1315593205
55 204735597 1682433534
81 823244961 1887889133
84 67197176 1455495962
95 993156397 2042120488
14 848224065 1743635227
88
1 540904404 686113069
47 25569983 1257188446
1 539132988 619819561
24 853263594 2125415028
74 976249020 2141671403
35 273605533 658361557
12 1359438375 1793109102
67 898620851 1038075937
5 1642711071 2119467000
67 1823392834 1830478223
98 1193762950 1825210604
8 150997226 184011473
25 1117395064 1210949522
77 1304049647 1904175907
32 1786305167 1888681712
1 413844331 1171187452
75 953916767 1036813933
84 785996846 896254913
25 693188244 1417302765
63 201695830 654620084
42 619702519 1680314171
43 649163791 1511251925
11 140560235 1725546273
11 1620165274 2096558173
78 50476765 1419719063
59 1348528144 1829029835
65 328583090 1844241592
27 365069260 389746843
90 74491287 719896112
54 509249390 1404308694
21 214114083 1925092651
27 1616484537 1715115681
91 676660739 1241358927
55 479945237 629009675
92 1495092361 2006112814
79 141091811 868058094
32 1292729219 1394474634
15 84073644 585519267
50 242182563 1043695582
68 215930110 324774243
48 268588524 1504481432
3 896997050 1493034281
41 1158510657 1280895680
54 981420705 1198168577
85 705076157 1733794380
59 944607065 1047562249
18 1180203887 1681321988
25 202932517 790096757
85 406989413 1844328881
7 1728631828 2076826283
17 817078868 1217475764
55 950587429 1052414158
79 152660076 1579831127
100 1096384210 1608252840
40 1566455406 1795923720
48 1379034870 1768563212
68 1322935911 1445843159
63 149057191 1277428204
3 307499497 602816078
23 594188108 1469293900
64 445622990 875675418
18 220242707 1220752663
41 383351062 556834349
3 89124824 1142428338
45 755646614 2042427603
51 573585529 1240512956
50 109727857 1185604940
58 747691856 933029237
79 654248943 2030770885
21 679961918 1014979889
61 1549045478 2032713163
21 800544556 1062146201
43 55539643 557693252
99 863040560 1764476514
8 786627188 1156235380
77 254692461 1968877450
31 871375946 1064053500
90 10775405 1311912363
84 503624803 654776668
92 1018072981 1884334342
91 1669678976 1714871565
88 415453837 1519439774
11 220731226 1007151509
2 299904706 413805706
44 179921399 1186400099
79 307574736 1708473895
52 948951453 1692170416
69 341709307 634105448
61
58 1552564317 2051531476
19 1335947789 1860089903
20 1919025998 2131463159
16 818493849 2070740427
7 191203509 798593757
96 770191523 2077649079
53 1249586965 1942446939
3 702236891 760063740
4 219468486 1779401095
62 849371174 1243903733
33 1147751857 1822430333
26 271925724 1492818686
59 651387503 1460895440
39 1331921215 1953588337
47 1357911453 1564621603
83 829995745 1267028088
30 1703251650 1754972130
22 84330718 1206993378
56 685423170 1603035558
11 511712882 2034875203
27 1192259365 1512522174
89 177619168 328533901
36 775268020 1256853069
9 217813256 1792351324
88 518424762 1870826214
17 1061688767 1445158850
66 1013828338 1985447512
84 1309757683 1460568621
31 1880482145 2047203794
82 291311913 612938887
15 639868004 908241268
1 304687954 704454837
51 22834365 1685207367
98 38619615 1459412240
24 747691769 1948577106
19 392195797 1182579996
22 450900637 1332404659
56 111789073 1867778326
17 302134732 1440211753
73 1859686984 2087195905
65 1259285108 2121473419
12 220072222 787342887
84 200828906 826351189
39 304094279 1402557629
8 1035900460 1422737211
46 989060750 1714775327
36 916073174 1604939791
99 616662629 1513428492
81 747441282 1222498090
48 187077326 273197222
46 1347237274 1625715156
74 22795822 466232551
71 1487970077 1951341474
30 288031462 1434561707
64 1327840880 2093869804
85 1225679503 1237596832
64 1152185999 1327862042
16 112604071 147237488
96 142728592 818966847
42 389193474 1258546441
82 766589990 1554621684
59
24 201192190 1139223175
32 141558661 1207099468
18 451357547 1256784205
31 1048774682 2093714197
52 1483521015 1970453035
4 247400572 1380088625
33 1487706800 1954168369
38 975910489 1180027568
52 457617992 638267849
76 534822464 1042176998
11 29909475 1229645707
76 5407204 359269599
20 651411575 804289789
29 849390934 939136756
25 124950532 524082017
54 532324796 1488369329
41 1847253903 2038599993
41 204180449 1361334460
98 332179599 2029806281
23 163631138 564853534
68 1012057402 1526215871
90 1544884676 1963480075
33 267309759 595456117
75 1158215598 1518033926
37 390445681 1228711614
34 87207435 736163241
44 325926374 978236461
93 1466366372 1848315241
82 395967585 732350571
94 377309309 1127683245
12 616496090 844317027
22 715321975 1295980946
4 1555888280 1896193181
26 393193213 1224903502
39 1594959605 2112110024
99 293045157 895128113
61 1174304435 1361692635
11 44753164 1519583166
35 11396498 1885990533
64 461251567 710499585
41 941438041 980678746
50 809922042 1256919755
99 434150272 448789301
99 974567522 1176672998
41 25017949 1653284053
17 4724444 937770139
70 684536321 1881957359
85 963782653 1586038908
89 1603973813 1733710154
50 652345072 792797316
18 1345987029 1692397879
58 129628720 592928483
100 858313200 1609452857
40 32402417 1723968456
11 196433527 839942674
46 1770448751 1954269428
97 828397423 2092905036
58 1303938132 1668680876
90 269520241 1525056604
16
24 1044341305 1736356976
34 74431738 2035098326
74 1849720843 2119483472
89 809903856 1478200639
37 1109224065 1208728697
4 1553982891 1981668679
11 285629601 649308073
92 1191327526 1591542495
32 254584671 1522239181
15 310553928 357554304
87 736325355 1662547507
81 76898910 1729073183
49 595395134 1057892974
67 471892638 594448277
91 1330348375 1962243391
77 340629283 928757629
16
48 170676210 1878493424
28 650022503 1738327512
10 473983310 762855880
76 441437561 1802970270
47 732773123 1606541831
24 172635465 1245292419
9 1275605108 1928138747
17 937387503 1382117093
5 375768957 1856150795
51 1646045415 1815035379
21 547732871 1176539128
6 112932997 1104311421
42 2010061141 2102605504
57 793129711 2002571524
13 1066921343 1328755214
70 1735076594 2029970344
90
94 1016432752 1880484924
61 948685035 1241095343
4 279635090 1626914071
43 329992289 2045579206
66 22195996 1760105718
16 543614323 1476125268
19 120046883 1096915586
15 572428556 1338449350
92 1608545880 2046681771
80 968560108 2050452080
45 1047001063 2008258294
61 1527250013 1661933899
47 687850298 1820000732
27 876536767 1611494212
76 110810782 1431529665
2 569056322 1981134541
43 255936458 722070909
79 844223754 997067767
36 551930509 811912750
9 1543090881 1701544247
82 433587289 567976115
67 1144299497 1971014295
72 1094617896 1720952411
46 182214407 1454453618
54 391102858 1101985257
76 340882457 960671200
92 1251064529 1546729520
49 740292997 1155116546
59 359736517 1008206447
77 1467473423 1882523106
12 271101985 993980833
21 787884402 843603608
25 802667646 1030745311
46 1014680672 1109216404
58 175680441 671975549
75 154668891 589110165
14 1004601853 1681842362
66 527477183 1597734717
99 433289870 1364348683
4 406396903 432858101
94 111795426 2052652014
9 907775399 1492163653
37 116871223 1276320326
20 764081039 1744482546
65 1605846507 1844211955
65 114659563 628049605
42 343314037 2012152357
76 244201026 869326974
35 63822811 2142081959
94 111731040 1601017453
26 73790589 437638843
85 937638022 1341045531
80 289595408 536012965
3 688985304 1556162531
33 256230335 636857194
81 352980069 1517380284
1 616011542 756624030
45 1121539564 1148896590
70 54121783 2127969854
94 508405082 2097801921
91 101169061 266063518
62 1003828782 1711668241
52 8238705 409050753
89 1447393200 1567890947
95 508740385 1353907642
12 452380033 1530419957
73 375347729 1055360903
64 1095197025 2020497589
12 206826920 1267604535
54 1815464087 2078553575
33 829358618 973388989
26 233278552 1034696803
84 675341810 1441951806
94 907108568 1784429882
86 1309502231 1666549826
50 741901629 2069428379
16 1974306843 2009169589
45 1599930831 2066835564
88 29073312 2010194659
35 858103775 1143263636
25 391353962 2080659745
30 414904228 590511786
84 230098103 684081330
84 1316271748 1356319867
81 735633737 1143424394
98 351932534 1040320153
4 714581570 1777941046
46 230915648 352660782
18 965191338 1974327460
44 1950667663 2107189829
96
87 348721319 1396171435
20 178110681 491529728
95 1286019588 1322085972
9 173455643 1121920680
55 1941466391 1946139058
22 213622844 844246216
28 586174098 1467615072
17 587594892 1914250996
71 424002123 1562787086
92 286129014 1685410795
81 274039630 1965399985
55 217089380 1618839527
80 351575260 1213122887
55 1052818481 1969468846
50 1241377211 1504340401
26 148036089 1091696521
11 330306421 1646413680
56 521341649 1728268556
75 706118809 770855675
63 1060507763 1856202046
54 364418021 1176488701
33 1034687382 1903630032
73 980159931 1729395856
23 1655850150 2055350699
37 1642203270 1982783138
97 1633832495 1895834767
85 703973726 1507013627
19 52606023 1277131535
68 1126594428 1280846123
69 673106308 1659005178
30 184903711 1659217743
85 281277385 1631803597
15 1077193216 1541663116
90 418581862 716984276
4 1864810319 2003105581
62 293861123 1400332992
76 1568369460 1893872839
22 925827694 1896236675
34 200498207 2008233415
53 509363508 1368493556
69 86179590 1722083832
29 121067697 1016066086
59 214678470 1452146265
63 1324343517 1647751704
52 206636771 1122066721
59 721441324 2028193124
8 485636912 1312676807
20 909086850 1805333706
37 925952521 1992678752
3 190278897 1917911276
96 137044720 1313896762
65 1422795457 1697634072
50 123511741 1523592987
62 92220550 619430414
83 287708894 903345600
14 737148353 1659199809
24 1452920506 1843813789
59 246318318 1667211045
86 848403044 2018293495
48 169605050 529982362
89 972779712 2080854191
12 163877904 1472329666
29 596977385 2065988158
34 545874136 929443623
29 1348747682 1490192460
93 1211839568 2035352839
57 753150991 1309224569
80 223894479 1371005411
21 414527925 848765736
86 428207448 1983535948
57 11043447 1903841457
31 383582199 2128113260
57 642646140 892327326
100 276229253 1122618364
51 638559684 1134573729
61 450707193 1916683735
74 415956703 729965540
97 451900310 1940629633
23 878196595 1216621037
6 457976568 898600417
7 978179307 1809577280
22 1236038060 1858531185
96 92827533 1091212874
30 201911697 1403351649
64 1429637615 1825160609
55 429025005 613743208
34 719807344 1256670044
63 1127840184 2137879672
90 333636376 1386473647
5 1141907260 1426091037
79 483313902 2040816189
74 1655518840 1708712465
95 902477149 1246501964
6 1205389756 1645312763
82 848386148 1821649692
23 1085601642 1873815456
22
26 134961439 1657104845
58 1297782804 1580540612
72 284689926 580383107
59 1160163300 1790159681
4 207768103 1990175940
12 17034161 165141129
17 1145077487 1457424638
40 1699170164 1779240535
20 1058589575 1907493595
28 1244090346 1912321488
73 455600367 2093192773
37 1207676528 1962002701
27 1106988789 1629182805
98 75264845 1142462697
54 437391651 1056434618
11 877345223 2075767290
99 782714523 1432581899
66 330584340 333562811
6 384653099 524940844
87 1909051001 2119400367
40 363074058 938500698
84 1106834627 2120295163
88
77 1191904166 1535201989
35 1569220460 2034528139
92 1364323424 1603287567
62 798621692 1324810846
64 541369898 1616728832
5 580505925 1622015158
84 852241521 1416266129
6 1179367132 1759517856
94 1340638311 1838480478
96 1503496883 1976212239
75 16825973 903643416
46 238956202 645075130
31 1088742612 1095793151
95 418674696 2068918533
16 708268108 2026718730
39 673474301 1882770054
44 1143181094 1304668827
43 15343334 475059712
14 932784274 984301784
38 982085507 1836929818
61 174813148 636418138
47 28949324 1083585586
34 282972816 1108803639
22 1079292996 2100288932
2 874856245 1486921144
40 1341296302 2090350563
11 866995307 1585605297
46 724474919 890576147
31 827091975 1272754142
16 555178057 1376698588
82 220751873 1286294509
13 1112498439 1187497129
100 798736723 1330449446
57 649521466 1456038263
56 466030410 581746908
1 968164677 1470188499
41 1117445962 1398118361
28 346213505 459654485
100 1163351432 2094056998
84 436161439 813356507
39 1482141867 1924310864
91 934323728 1168765829
25 1122653376 2107419070
59 1230728435 2134550776
39 193569259 1544430549
29 528677198 660190732
60 472817427 1734741760
68 968807867 985007922
62 147921199 1873760586
49 1205712996 2090936594
49 1206449086 1239105401
24 189363601 745665955
45 290754714 953642580
69 1647234705 1886679029
3 156619163 194967377
34 319138184 1485728574
13 1495767447 1554376367
42 1007590878 1820086275
96 1334777381 1505811209
97 106937285 1090530396
75 261669228 2070636934
80 264329038 1107219019
46 78830886 211445889
100 1353648679 1609526154
17 1349831510 1588333686
24 1748318308 2144553498
71 314699905 1827950788
22 627269525 758659419
33 307950009 1139127336
1 1238057827 1541013828
24 110870420 1826936240
85 733722938 1396462515
38 1620785652 1938831045
59 320209694 852460046
76 116410578 1418522522
78 1006443678 1264466758
49 85140514 1693347879
95 471782116 819623021
17 1441144335 1554080967
89 591695673 691737301
74 485977934 1932458595
25 99494018 271924607
42 462251808 517063928
63 1207247294 2000448708
64 281021926 2109407522
42 1656516931 1915483191
38 87181544 1290505361
38 710813531 1199189068
39
30 1408297164 1740082526
21 642952641 761115466
57 1165238515 1969459069
34 527260522 733514721
9 1100510183 1597172802
79 1036355013 1717592351
90 948926327 981117616
32 210407288 521924335
97 1493443708 2118821533
97 157669040 1011517941
73 531177364 1112026412
29 1040501839 1909639309
29 292282521 344767937
51 31355813 1452208630
87 1449459113 1499665079
67 1119665539 1920331123
1 514683101 1992188660
31 323883622 440916298
6 662475496 2076122707
10 159198020 1211706931
90 202810003 1334841665
73 1765931875 2083351424
75 822365588 1057734958
47 987488076 1264121179
17 1456677347 2056739122
89 659989902 1782666007
98 689184581 1584828398
46 667772150 1957226307
46 643042883 1702166637
30 806855869 1129912197
9 569060701 1844028448
42 42659801 1145575882
92 863441500 2095443262
7 93578731 185187397
81 863831484 1337221067
100 47467990 615691003
17 350446965 431017013
68 17860381 168037855
18 1293974106 1451396911
34
84 1278965357 1641793261
40 782896041 1857367674
58 217340504 1729344792
17 842357690 1368228143
6 931421556 2064929807
83 1580190192 1733595354
100 743745770 1905080821
92 971932813 1385974321
93 111641213 1686082608
38 1083956062 1479923138
9 1323476987 1696922002
31 1282734296 1513565391
63 797886873 873507744
50 211441386 1687739297
61 1472868780 1847286689
47 1048551180 1123806279
22 1730368742 1949157404
65 1522485451 1748497655
33 391030454 2034266087
51 317512 518442550
97 443412200 538602382
15 779960762 2098567653
36 870491651 996854298
62 499672723 1808362186
39 748044757 1333202085
7 89517661 1079388011
83 1036121870 1215669821
50 281357919 1250777888
41 1776432465 1954608681
91 770389579 1284152161
30 1611201228 1899453639
90 304240886 1868613488
62 303493798 1836430569
57 74939115 1341308164
70
81 208797155 242200204
44 405627942 1423969107
27 1099008263 1252340176
73 1322862846 2118588330
45 1887757431 1925635048
27 883971858 1914368203
21 433423456 1982975508
54 295264540 1190494267
20 1223554846 1377303802
59 466562292 1668978679
86 118601984 1511852936
90 621703635 941453747
26 243763910 1157782616
24 278672608 695576472
81 978383494 1492012648
8 486536193 712401273
57 1000716296 1491480036
80 429508747 2092084738
98 917366328 1927625898
6 1832003293 2063916398
75 896247763 1410747701
51 302794496 1352862226
13 1230549057 1537291936
47 91632209 248057660
21 278030298 2002814600
4 669521147 1513495617
49 627186818 1653876448
55 627466102 729248284
79 956240538 1537294651
27 64356229 1056726520
4 65575567 98321185
15 9718494 292738484
60 416852664 632899931
17 855276722 1239574454
13 515993066 1636343591
48 533550053 964328993
61 218905425 1260219428
3 260985860 656082114
83 1648318649 1820792265
76 153989689 359838839
31 101188178 1147561778
97 84725302 1669291393
15 1715272205 1774706125
57 1018087784 1951996162
2 146102419 929092127
44 289514349 698008068
94 543896607 2017839581
44 182758207 738755877
48 203714358 482364645
58 982435444 1975752755
20 657202687 1145247196
37 620782658 2102525486
26 876812137 1259865758
46 1041446548 1048656875
32 1277878 1498166297
83 261593912 1291274505
51 581395854 1462264813
48 417568748 758936910
4 1594832934 1912813115
46 314846915 738194881
87 797858367 1725598697
89 822146616 1465361218
54 464173391 980124862
30 5209300 2105316849
98 835703078 900999104
60 382831631 1567236948
87 747316468 749940242
1 883987171 1218989181
21 533535997 1442227978
56 1384831340 1676197639
71
33 800761307 1425622758
55 466796676 1056219123
47 501680642 1527932254
1 174970101 1807562993
79 1252060980 1583830177
84 936427856 1483047421
86 839988304 1209925827
6 221189101 1017490059
56 834317997 1578753528
63 278935065 2063826535
71 303698079 1107763675
72 808701966 1161870968
87 809902551 1536665689
74 829853875 1726465719
93 70244483 107280532
51 457274964 1055150607
4 275183238 1885914489
69 1305496030 1514767455
62 1451084075 1625114815
88 176876311 1742921348
35 164991963 1476579619
95 1649062202 1840965655
16 117014837 533597172
96 1077035126 1855132488
65 536020045 1742966330
98 11741074 1038264494
40 1151258750 2099508407
21 51686389 294916811
63 807215215 1263654534
35 456593646 1587188984
88 10450875 1232596538
52 1657317532 1920839603
31 431734795 556232428
93 1055923456 1981293678
95 338908689 705462753
46 1744438762 1951172968
90 1637240079 1826922392
8 404412567 1817103627
91 1722830069 1822816723
47 219276338 344268686
3 343698386 964820574
67 469038711 2075324979
1 163777647 518119389
44 527745811 1197297222
31 1305786270 1498239530
43 856746154 859575627
30 311318990 1458047168
2 1655005446 1768228492
66 1090980113 2115498761
69 588342185 676944681
43 744515166 1262913370
3 1420651763 2010111709
88 462164860 1635328255
14 236842476 307237485
8 605685935 1809009084
17 500152705 1882696329
19 234555456 1440519209
62 1790951001 2119419277
55 32657650 1631421014
30 3662345 51297951
22 223783081 1773826377
95 336008223 1828311547
32 997265845 1492938421
34 1915288003 2020141851
35 984411980 1108007055
39 164115985 2026929804
100 930207779 1383342867
84 900967621 901359831
11 535236874 1040633152
98 869028637 1822022992
23 252985848 1274348860
45
8 1220363840 1588724120
74 1488343685 2030227278
95 1375545702 1437802311
89 837165660 1345917577
45 794563828 1006901995
49 1055367970 1338992239
96 578401156 1994181350
96 858937335 1682447773
3 413287820 953905901
38 610368829 710082613
2 29285053 966867426
53 337816672 2044582698
9 532882873 1490374036
94 59823281 1965572039
90 385400327 1204483848
4 617136564 1561397665
77 110084454 1624608173
88 421765171 907471768
46 537427114 1227144346
75 1469544462 1928235373
11 257678945 663045417
5 862015067 1550451859
73 332775841 1629545317
67 25031689 1688984571
92 149918913 1923971754
22 674030691 817146845
20 14772116 1897434800
48 280437933 2000005338
85 1069523754 1909328071
77 285505691 751776813
63 916874041 1968940203
87 414507911 1915255318
3 1637626437 2127353463
4 78716030 2130927915
54 126905877 187310794
36 138094538 1248385152
72 421922995 1724320206
52 376330519 1569833824
57 757041895 1561899769
6 1446915021 1739364245
78 859328828 1374114876
9 635478123 989940931
34 316255586 1200442960
3 475879832 1770106298
85 38556422 365047193
6
62 4 5
62 6 7
3 0 1
99 0 1
32 4 9
22 0 8
6
70 0 1
57 6 9
35 6 10
35 0 3
14 8 10
2 2 10
9
79 2 4
43 0 8
66 3 9
5 6 10
26 1 5
69 9 10
50 3 10
51 6 10
21 0 4
4
81 0 8
18 1 9
17 0 9
19 2 4
1
93 1 8
3
98 4 5
52 0 5
1 7 9
2
76 7 10
58 0 6
3
37 6 10
12 4 8
85 4 9
5
96 0 5
65 1 7
99 0 7
2 1 8
26 1 7
9
48 5 10
20 3 10
51 3 4
53 8 10
80 3 10
34 4 9
29 6 7
34 0 3
79 4 5
9
55 0 9
98 9 10
80 4 7
9 8 9
62 1 4
85 1 7
4 1 2
99 0 6
68 0 10
2
5 2 3
63 5 8
6
9 2 3
27 6 7
65 1 2
9 1 6
55 5 10
80 3 9
10
64 5 6
90 8 10
7 4 9
96 5 10
85 4 9
94 2 5
18 0 1
54 1 10
8 6 10
81 0 3
2
90 2 7
74 0 10
3
28 4 5
32 5 9
90 1 4
3
37 3 6
77 0 1
37 2 10
7
14 2 7
90 1 7
77 2 9
8 2 4
60 9 10
36 7 8
31 0 5
8
63 5 10
10 9 10
67 1 6
99 1 5
9 4 9
77 4 5
57 1 10
28 5 7
9
77 0 10
99 1 10
21 4 8
2 7 9
20 1 4
7 0 8
37 0 10
16 0 8
65 3 7
2
71 1 2
40 6 9
8
83 3 7
71 3 5
16 3 10
80 4 10
18 2 7
32 1 10
70 6 7
55 0 1
3
69 3 10
38 2 5
20 2 9
4
25 3 9
34 2 7
46 1 3
15 2 7
9
62 3 5
69 2 10
45 6 8
38 0 1
92 4 7
48 0 10
7 1 9
61 7 8
94 8 9
6
72 5 6
2 4 7
73 1 3
88 1 10
22 5 7
5 6 7
2
76 5 8
28 9 10
8
95 6 10
98 0 3
79 5 9
22 8 10
12 5 8
24 2 10
27 7 8
20 2 9
8
66 6 7
10 5 7
13 3 8
79 0 10
40 1 4
17 5 9
25 4 7
94 0 2
5
19 4 7
87 1 7
62 3 9
97 0 2
46 8 9
8
48 0 6
98 6 10
7 0 5
51 1 6
83 1 8
18 6 7
50 9 10
56 0 7
4
25 7 8
35 7 10
44 5 6
50 2 4
3
62 4 10
73 5 9
34 2 5
8
15 1 2
97 1 3
37 4 10
50 0 4
7 0 9
88 2 4
13 2 3
15 3 7
3
20 0 8
35 5 10
61 2 4
2
32 7 10
6 1 2
9
73 5 6
52 5 10
45 1 6
40 1 8
3 0 4
77 2 8
48 0 8
99 1 9
74 3 4
3
84 1 8
82 0 8
14 6 10
8
12 9 10
56 3 10
55 3 4
27 3 4
8 3 4
9 0 5
87 7 10
58 4 7
6
87 4 5
1 1 2
73 1 2
80 0 10
10 3 10
24 2 6
9
17 1 7
89 0 2
81 6 10
56 3 6
13 5 10
11 0 4
68 0 6
30 6 10
56 0 5
1
59 8 10
8
93 9 10
18 3 9
22 1 6
33 6 9
50 0 10
43 2 3
43 5 6
82 1 9
10
34 7 8
8 1 8
83 0 5
39 0 5
29 2 7
97 2 7
40 3 7
49 2 4
69 1 5
83 6 9
3
39 0 8
55 0 6
24 3 7
2
70 2 9
87 2 4
1
4 0 9
3
43 9 10
61 0 5
85 6 9
10
71 2 8
38 5 8
34 5 6
18 2 4
74 7 9
3 2 7
81 2 5
22 9 10
74 6 9
24 2 8
1
10 0 8
5
76 1 8
87 4 5
84 1 4
75 8 9
2 4 6
5
10 6 10
51 3 9
59 1 5
52 3 9
34 0 9
8
96 0 6
77 0 6
21 1 3
16 1 9
11 2 10
64 4 10
61 3 4
76 7 9
9
35 1 8
72 4 5
38 4 9
65 0 3
55 1 7
48 1 6
74 1 8
23 0 2
83 2 9
1
38 2 6
1
58 3 9
3
55 2 7
53 6 8
65 0 1
8
61 5 10
64 0 3
92 1 8
34 5 7
88 5 8
31 2 10
29 0 2
37 0 3
1
24 2 5
3
93 1 8
28 3 6
27 7 10
1
6 2 8
4
53 3 10
51 2 4
56 7 8
5 2 7
2
62 5 10
7 6 7
8
50 1 10
36 8 10
39 5 9
59 8 9
57 7 8
46 2 3
4 3 10
34 4 5
1
73 6 8
7
81 8 10
16 0 9
96 1 5
63 4 10
3 5 8
92 8 9
62 4 10
2
6 5 10
84 3 10
2
25 4 9
92 0 7
1
39 1 4
5
6 4 5
20 4 9
6 1 10
33 7 9
86 8 10
9
95 6 10
74 1 4
84 0 9
2 1 8
12 4 8
24 4 5
82 0 6
79 5 7
50 0 2
1
43 2 10
8
39 5 10
22 4 9
62 2 7
12 0 2
76 6 9
45 2 7
7 2 4
26 5 9
2
51 4 10
57 1 8
8
30 6 10
34 6 10
33 1 5
68 2 7
77 2 9
44 2 9
57 0 7
1 6 9
7
51 3 8
65 3 9
73 4 9
14 4 7
59 0 8
56 2 5
10 3 6
6
93 3 9
53 1 4
9 2 4
5 7 8
11 2 6
84 4 9
10
45 4 7
4 2 5
27 4 5
90 5 7
25 6 8
50 0 3
92 4 9
53 1 10
86 0 4
47 6 8
7
47 0 3
51 7 10
22 6 7
5 4 9
95 0 6
62 4 8
53 2 7
7
50 1 2
99 2 6
76 8 9
40 3 6
74 1 7
48 2 9
56 3 7
7
72 4 5
95 1 5
59 3 8
59 8 10
14 0 4
82 1 4
39 2 3
8
36 0 9
67 3 10
17 0 10
27 5 6
92 5 7
89 1 6
13 5 9
94 1 7
9
11 5 6
25 0 2
68 1 3
63 0 5
93 5 10
1 0 6
76 6 7
66 5 8
53 3 8
7
78 1 3
73 6 7
77 0 6
5 0 1
73 8 10
13 1 7
96 3 8
6
65 2 9
60 8 9
99 1 2
100 1 10
22 1 2
27 1 8
8
92 7 10
54 0 9
96 1 2
71 7 8
90 1 3
26 0 7
76 0 9
90 2 7
5
27 1 3
39 7 9
28 0 6
11 0 9
70 4 8
7
81 2 8
8 1 2
11 2 3
92 8 10
95 0 6
54 0 3
20 2 4
1
11 5 6
4
9 0 7
33 5 9
66 1 6
55 4 9
4
83 7 9
90 3 7
16 5 8
50 2 6
2
77 0 7
72 1 9
3
79 2 10
84 1 4
93 3 5
10
51 6 7
72 1 4
48 7 10
70 2 8
35 4 5
42 8 10
65 4 10
87 3 7
37 1 4
83 3 7
3
58 2 8
99 0 1
68 5 6
8
68 5 7
30 7 9
90 1 10
84 1 4
87 3 8
58 0 3
78 0 6
73 6 7
10
1 1 8
86 4 8
89 2 8
58 1 6
3 1 7
24 2 6
9 2 3
31 4 5
54 2 8
16 7 9
5
79 5 7
59 0 6
3 4 10
71 6 8
79 9 10
3
1 1 5
74 5 8
69 6 9
3
35 5 6
39 2 3
64 4 8
6
11 6 7
83 0 2
24 1 6
87 2 6
85 0 7
65 3 5
3
87 5 6
94 5 9
1 2 4
10
48 6 10
7 1 10
58 0 6
66 3 6
19 3 6
64 2 10
44 3 8
48 3 8
92 7 10
52 0 9
6
77 2 5
69 0 6
88 2 3
16 7 10
77 4 10
78 4 5
1
73 6 9
9
51 2 8
42 2 4
88 0 6
75 2 5
34 4 10
58 2 7
50 1 9
56 3 9
36 0 6
4
52 0 9
74 8 10
67 7 9
71 3 9
3
79 3 10
22 3 5
87 2 6
3
33 3 4
82 7 8
36 5 10
3
91 3 8
64 7 10
43 5 7
2
59 0 3
60 3 10
8
21 2 7
69 2 5
3 0 1
61 3 4
47 4 6
80 6 8
91 7 10
74 2 3
10
16 0 6
70 1 7
97 0 6
75 0 5
47 0 3
79 2 6
40 9 10
34 1 9
72 4 7
78 4 10
8
1 0 10
8 1 4
71 0 4
40 8 10
58 0 5
66 6 8
53 6 10
33 1 9
7
14 5 8
92 7 9
72 1 10
18 4 6
43 0 2
50 3 9
79 4 10
5
46 5 10
26 5 8
54 1 10
2 5 6
100 0 4
5
92 1 3
10 1 3
70 8 10
53 2 4
54 0 2
3
41 8 10
11 1 6
8 1 3
2
59 1 4
18 0 5
8
65 7 8
64 0 6
59 7 8
55 3 4
69 0 5
53 5 7
58 1 9
2 1 6
5
38 2 9
95 7 10
45 4 5
35 5 10
11 4 9
8
62 0 3
81 3 4
44 4 8
69 3 6
92 0 1
38 3 9
89 1 2
76 3 10
4
7 0 1
66 0 7
78 0 10
30 5 8
9
56 9 10
68 0 1
30 0 7
19 4 8
85 1 4
65 2 8
71 3 4
15 0 7
63 7 10
8
85 3 6
41 6 9
13 0 10
96 0 3
46 0 10
61 2 4
59 2 10
62 8 10
9
36 0 4
53 3 10
5 2 7
30 2 10
92 4 9
83 0 1
25 4 8
90 3 7
98 0 2
10
51 0 8
94 4 6
27 1 6
39 1 9
5 6 8
74 3 8
8 3 4
32 0 4
14 6 7
80 3 8
2
69 0 7
13 3 10
2
81 4 9
77 2 8
9
57 0 6
13 5 8
75 2 9
100 1 10
99 2 4
51 6 10
53 0 3
5 1 5
35 1 9
8
5 6 7
68 0 2
5 0 9
15 5 10
71 3 7
99 0 4
92 2 6
76 3 5
3
32 0 5
25 2 4
87 4 8
1
35 0 7
6
45 2 10
97 2 5
90 2 6
12 9 10
93 3 4
52 0 5
4
68 1 2
33 2 3
64 3 10
27 0 8
7
73 0 9
60 1 9
18 7 8
42 0 3
16 8 10
52 3 7
16 2 6
1
29 0 8
7
90 2 6
25 1 2
75 1 10
21 1 2
1 7 10
55 4 10
21 4 9
2
44 1 2
78 8 9
8
92 7 10
46 1 2
10 1 3
94 6 10
36 0 3
27 4 9
78 0 5
76 2 6
10
65 4 7
18 1 3
6 4 8
93 2 6
26 0 2
64 1 5
9 0 5
57 2 10
99 4 9
32 7 9
3
77 5 9
49 5 8
16 4 9
6
29 2 5
49 7 9
62 5 6
23 0 1
41 2 3
25 6 9
8
51 2 9
23 0 4
47 3 6
70 2 5
95 0 4
23 4 7
79 1 4
38 7 10
3
99 3 9
33 5 9
51 0 1
3
60 3 5
40 8 9
27 8 10
6
87 3 5
15 8 9
63 2 7
82 1 8
54 7 10
20 3 9
9
32 0 3
86 2 8
19 1 5
26 0 3
20 3 4
44 3 10
13 1 4
47 9 10
80 4 7
3
17 5 8
8 3 4
28 1 6
6
84 5 7
29 2 10
22 0 6
100 4 6
98 9 10
37 0 8
10
75 0 2
88 4 9
61 4 8
94 0 2
68 7 8
97 2 7
1 3 6
1 1 6
85 7 8
42 1 5
3
61 4 5
10 6 10
69 7 8
10
19 5 9
56 6 10
97 0 1
4 5 7
31 5 9
54 4 8
34 6 9
17 6 10
35 5 10
51 1 10
1
8 1 3
10
29 2 5
28 4 7
10 7 9
78 0 8
29 0 4
46 8 10
2 2 10
15 1 2
10 4 9
36 7 9
9
71 4 5
46 8 10
99 2 10
25 0 8
88 4 10
29 4 6
1 1 4
55 8 9
3 1 10
4
46 5 8
15 0 1
39 3 10
55 7 10
5
16 5 9
49 0 4
16 0 5
80 3 6
72 6 10
6
50 1 8
33 9 10
4 2 6
60 6 7
51 5 7
17 0 6
5
81 7 10
3 3 6
65 6 9
19 0 7
13 2 6
3
51 2 10
1 9 10
88 1 5
2
66 6 7
29 1 4
3
80 1 4
80 3 8
4 5 8
1
80 2 7
4
63 7 10
34 1 3
84 5 9
40 9 10
1
56 0 1
4
94 3 5
98 6 7
40 0 3
33 0 2
7
17 0 2
2 1 10
13 5 7
44 1 3
54 4 9
30 4 9
98 4 8
8
92 0 7
44 3 5
48 2 3
6 1 2
15 0 4
77 1 2
49 0 9
46 1 8
5
78 6 9
63 7 9
67 1 8
97 2 10
16 2 4
6
94 6 7
66 9 10
74 2 5
25 2 5
95 0 10
86 5 10
4
42 7 9
57 6 10
52 1 4
59 0 10
10
79 8 10
22 5 10
25 2 9
81 4 6
10 0 7
71 4 10
44 0 8
100 3 4
29 7 10
39 4 9
6
27 5 10
42 4 8
4 8 9
40 7 10
82 6 8
92 5 7
1
67 3 4
6
79 5 7
32 7 10
98 0 6
52 1 7
64 3 6
46 0 10
8
69 2 10
26 2 8
72 4 10
17 3 7
26 1 2
55 0 2
37 0 3
27 6 10
4
14 3 5
1 2 10
45 0 1
44 1 7
6
8 6 7
67 2 9
65 0 4
22 2 3
34 4 6
61 3 6
5
15 5 7
90 2 8
85 7 10
26 1 2
33 2 8
1
66 1 10
9
20 2 9
13 6 7
42 3 7
75 4 6
18 5 9
29 2 8
56 7 10
39 3 5
36 8 10
1
83 4 8
6
18 4 5
64 3 6
17 6 10
76 4 9
88 1 2
62 0 10
1
54 6 9
4
79 5 8
62 3 7
61 6 7
8 4 9
5
59 2 5
68 7 9
95 2 3
81 0 4
45 6 9
3
42 2 3
6 6 10
65 1 7
10
4 6 7
22 2 9
51 4 10
51 1 8
24 1 5
21 1 3
62 0 4
82 0 5
22 6 9
97 0 4
7
34 3 8
64 1 10
97 2 7
68 1 9
4 0 5
89 4 7
30 0 9
1
25 6 10
6
28 5 10
39 0 7
1 8 9
18 2 3
70 3 4
15 0 2
8
99 3 4
60 4 6
71 4 6
82 7 10
55 9 10
41 4 10
30 7 10
95 5 10
1
23 1 4
6
98 6 8
91 0 6
5 0 1
53 2 8
76 2 7
10 1 9
5
26 1 8
40 3 10
47 4 9
87 0 8
70 0 4
9
88 0 8
92 4 9
53 1 7
5 0 9
83 1 2
58 1 9
93 0 6
86 0 1
1 3 9
9
40 5 7
19 3 5
66 1 10
33 0 8
71 1 3
52 2 3
7 1 10
74 1 6
90 2 3
2
84 4 6
30 2 4
2
44 1 10
99 1 2
4
79 1 7
100 2 6
97 0 9
9 3 5
2
12 3 8
1 0 9
8
4 2 4
87 1 10
25 8 10
94 2 8
36 0 5
30 4 6
84 2 6
3 1 5
4
29 3 7
80 8 10
28 3 7
12 4 10
5
96 2 7
34 5 8
55 1 9
15 4 6
95 4 8
3
79 4 9
58 4 10
5 0 1
2
86 0 1
34 1 9
2
69 2 8
78 7 8
10
100 4 6
97 6 9
49 7 9
74 3 5
84 1 4
4 8 9
10 3 8
22 3 10
54 2 4
60 2 4
6
52 7 8
79 4 10
69 3 10
83 4 10
88 4 7
23 9 10
3
21 8 9
7 3 9
96 6 7
8
35 3 8
9 0 3
22 6 7
5 0 7
68 1 2
59 0 1
75 6 8
35 1 8
7
84 3 8
20 1 6
54 7 9
3 8 10
36 0 9
1 7 9
31 4 7
3
95 4 7
94 1 5
31 0 4
8
25 0 8
29 9 10
69 3 9
27 1 8
56 2 5
58 2 5
52 1 2
15 0 7
4
38 5 6
97 0 6
7 1 2
31 6 10
3
53 2 8
45 1 7
81 1 6
2
80 0 2
91 4 8
10
57 5 10
40 4 8
3 0 6
23 1 8
91 3 6
61 2 3
83 2 5
30 3 8
5 6 8
73 0 9
3
28 4 9
26 5 8
51 4 7
5
70 0 4
3 2 4
35 4 9
57 4 10
81 2 5
1
33 7 10
1
36 3 9
1
6 2 7
2
41 7 10
4 1 3
4
64 2 5
58 8 9
56 1 10
13 0 5
7
54 4 7
85 0 6
82 2 3
80 3 4
18 4 7
56 0 3
14 5 6
6
39 5 10
91 4 5
10 0 9
98 0 1
72 2 5
48 1 2
4
69 9 10
67 3 9
13 1 6
77 4 5
4
14 1 8
58 7 8
58 5 10
35 2 4
5
88 0 9
85 4 6
44 5 8
95 6 8
60 2 5
4
97 3 9
93 3 6
37 4 7
58 5 7
4
66 4 7
4 2 4
40 0 2
25 0 7
10
82 8 10
85 5 8
75 2 5
33 0 4
2 0 1
71 3 8
83 2 7
56 3 7
92 8 9
40 1 6
1
40 2 6
10
40 2 8
82 4 6
4 7 8
12 1 6
11 5 6
10 4 6
30 1 10
22 0 1
70 1 4
71 5 8
7
93 3 4
70 0 10
51 4 10
2 3 7
32 6 10
4 5 7
31 2 8
1
30 0 10
4
70 1 5
92 6 7
80 3 4
32 5 9
9
97 1 2
83 5 7
98 7 8
39 2 3
77 2 4
82 3 10
3 1 8
7 8 9
74 1 5
5
16 5 6
40 0 1
100 1 6
80 1 5
47 3 8
5
44 2 8
61 6 9
49 2 10
80 0 8
63 0 8
6
31 1 5
43 4 9
59 2 9
9 3 4
28 0 10
62 6 7
3
53 4 8
46 5 7
87 2 7
6
74 9 10
71 1 10
82 2 7
11 1 6
3 5 7
33 5 7
10
82 2 8
31 0 8
70 3 5
3 0 2
16 5 6
75 0 1
41 0 2
73 0 2
90 5 6
63 3 5
3
53 3 4
97 4 9
73 0 3
1
82 3 6
8
74 7 10
23 1 6
36 6 8
26 3 4
31 5 6
55 2 9
14 2 3
12 2 5
2
16 1 2
70 3 7
7
81 7 9
57 1 9
32 7 10
85 5 10
91 3 10
40 0 8
54 3 10
3
47 4 8
71 7 9
55 2 5
8
36 0 6
70 3 9
80 4 6
14 3 7
89 5 7
10 1 3
12 5 8
63 1 5
7
77 0 7
15 2 8
23 2 9
90 4 8
35 0 10
41 5 6
73 1 2
8
35 2 7
85 3 9
79 0 5
37 0 5
39 6 7
91 6 10
93 2 6
95 6 10
8
63 6 10
8 1 9
53 3 7
17 3 8
93 8 10
50 6 10
52 4 10
97 2 3
5
66 4 7
37 9 10
83 4 7
50 7 8
95 7 9
3
39 0 1
19 0 10
72 7 9
4
20 1 7
86 7 9
63 0 9
4 2 9
5
74 0 2
60 2 4
86 2 10
26 0 4
32 1 8
7
24 2 5
69 6 8
42 2 7
64 4 10
65 3 4
95 8 10
46 0 5
4
56 2 9
58 6 8
95 7 9
70 1 3
7
45 4 8
72 4 5
65 1 9
31 2 3
40 3 6
51 6 9
41 1 10
4
56 2 7
47 5 7
68 2 3
23 1 9
6
73 3 10
91 3 10
70 3 6
51 0 4
23 1 9
97 4 9
3
19 7 9
44 8 9
12 5 9
9
37 6 8
44 9 10
54 7 10
37 0 7
16 1 7
10 5 10
88 2 7
93 4 8
19 4 5
9
32 2 7
96 1 5
54 1 8
82 3 6
47 9 10
72 5 9
84 8 10
15 5 7
14 0 9
7
82 8 9
75 5 9
76 1 10
4 0 6
15 3 10
87 0 8
41 6 8
10
82 5 8
39 6 9
53 9 10
65 3 7
36 6 10
20 3 8
73 8 9
53 7 10
52 6 8
62 3 4
2
78 3 6
26 8 10
6
69 3 4
78 3 8
67 3 5
89 2 3
31 5 7
77 0 1
7
93 5 10
72 2 9
40 3 5
70 2 9
81 4 6
77 2 7
62 0 6
7
41 1 6
40 0 5
87 3 10
97 6 7
93 7 9
59 1 10
29 1 5
7
92 4 9
15 6 10
37 8 10
64 0 6
95 4 10
86 5 10
9 2 3
1
87 2 5
3
19 2 10
32 6 10
9 1 3
4
100 2 6
63 6 9
42 0 8
44 4 5
10
24 1 10
99 2 10
15 2 8
55 2 9
34 5 9
15 0 5
40 3 5
60 6 9
95 1 9
61 2 7
4
22 2 4
49 0 7
62 4 7
64 4 5
2
58 1 5
77 5 9
8
66 1 2
93 0 6
45 2 10
1 1 6
86 5 6
85 6 7
90 0 5
100 6 8
9
1 0 4
2 2 5
39 3 5
17 2 9
90 5 10
9 6 8
35 2 10
14 0 3
8 4 7
1
72 0 4
6
6 2 5
9 1 7
60 4 10
63 3 8
31 4 7
77 5 8
7
67 0 2
96 1 10
65 5 9
3 1 9
48 2 7
85 9 10
39 4 7
1
6 3 4
8
68 0 2
59 3 8
49 1 9
93 7 8
91 1 9
73 0 2
91 4 8
39 2 5
9
72 0 9
59 4 9
93 2 9
5 3 9
100 4 7
48 1 5
67 4 10
51 1 8
32 0 10
9
84 7 8
26 0 3
86 5 7
43 1 9
60 0 10
77 5 10
18 3 7
72 2 8
30 0 1
4
64 6 9
52 7 9
81 3 9
4 1 2
5
64 3 7
46 2 6
23 1 6
63 7 9
57 7 8
5
91 3 7
96 3 4
92 0 6
59 1 7
26 3 8
1
85 1 3
7
98 3 9
19 6 9
2 4 10
58 6 7
2 9 10
58 4 5
16 1 6
9
58 0 6
2 1 5
81 6 10
5 2 10
23 5 8
52 4 7
91 0 3
18 0 8
4 2 10
3
5 8 10
26 0 4
88 0 5
1
91 6 10
10
40 5 10
25 5 10
9 5 6
9 8 9
93 5 10
82 2 3
100 1 3
56 1 10
1 0 4
43 7 8
3
84 1 7
93 2 10
36 1 2
2
82 0 2
75 5 8
10
98 6 8
42 7 10
91 6 9
80 0 7
45 9 10
56 5 8
72 2 7
20 7 8
29 0 7
59 8 9
4
96 1 6
36 3 10
83 3 10
77 0 3
5
87 0 10
76 4 9
62 9 10
99 2 8
24 4 5
6
51 4 6
18 5 9
52 3 5
97 1 5
29 0 6
82 0 3
10
76 3 7
73 3 4
42 9 10
61 6 7
53 2 5
75 8 9
54 4 7
38 0 8
82 1 6
51 7 8
1
28 1 10
6
47 4 5
87 2 4
26 3 9
20 2 7
36 0 7
52 5 8
3
93 5 7
98 0 7
68 0 3
1
83 2 3
5
99 1 8
64 4 7
56 0 4
35 0 3
4 2 6
7
2 0 6
45 1 4
33 2 8
16 5 7
59 4 7
36 7 10
8 4 5
1
77 0 8
5
44 6 10
8 2 8
35 0 1
67 3 5
11 2 7
3
4 3 9
66 3 4
71 0 4
7
77 4 9
88 3 8
89 2 6
20 6 10
20 2 7
39 3 8
16 8 9
6
11 7 8
72 4 8
83 1 2
41 7 8
61 5 6
56 0 3
5
23 1 7
34 7 8
70 4 10
14 4 6
78 4 9
10
68 9 10
38 6 9
56 3 9
19 2 6
23 3 4
37 0 7
70 3 9
92 7 10
69 3 7
9 1 9
8
14 1 9
66 0 1
22 3 5
58 3 10
14 0 10
83 3 9
10 1 10
17 4 5
3
6 4 6
60 6 7
95 7 9
6
81 0 5
76 5 10
94 1 6
58 4 7
91 0 5
62 1 10
5
100 5 9
40 1 10
58 1 7
100 6 10
74 0 6
2
11 3 4
60 3 10
2
68 3 10
53 1 5
2
28 0 6
71 1 7
10
57 7 10
47 0 6
79 0 9
37 2 5
86 1 8
9 0 2
67 0 7
33 0 10
2 2 9
58 8 10
9
97 3 10
54 3 5
48 5 9
66 5 8
94 3 7
33 0 1
39 0 9
98 8 9
68 2 8
4
9 1 10
36 5 9
21 6 9
31 3 5
1
66 3 5
3
82 3 6
59 3 10
43 6 8
9
57 1 2
16 1 9
52 2 4
85 5 8
68 6 9
7 0 3
6 7 9
88 8 9
17 0 8
8
22 0 2
68 4 7
30 4 10
65 1 4
10 6 8
36 0 2
75 3 9
20 2 5
6
77 2 8
14 5 10
1 0 9
23 5 7
17 2 7
18 8 9
5
58 0 2
13 6 7
24 1 9
100 3 10
90 1 7
5
4 0 1
38 9 10
89 5 10
92 1 8
45 1 10
5
83 3 9
98 3 6
35 4 6
64 3 8
84 1 10
3
52 2 5
82 2 3
75 3 6
2
63 7 8
25 1 10
1
2 7 10
6
82 1 5
12 2 9
53 7 9
34 2 10
39 1 5
59 3 5
9
31 7 8
99 6 9
59 2 10
61 2 6
59 5 6
98 1 5
94 1 5
40 7 10
81 8 10
4
48 3 10
14 0 10
37 1 9
22 9 10
7
74 0 1
100 4 6
38 1 4
16 6 9
55 3 7
49 6 9
54 9 10
3
97 3 8
65 1 3
77 6 10
3
59 2 6
33 3 6
74 6 8
4
35 1 9
41 0 8
69 6 10
21 3 8
6
7 1 3
64 5 10
31 3 6
23 0 2
35 1 10
82 3 10
2
39 0 4
50 1 8
2
54 5 6
8 0 9
10
73 2 8
64 2 8
63 1 9
15 5 6
41 7 10
98 5 9
20 0 6
71 3 5
87 4 9
73 1 9
5
70 1 10
77 1 8
32 1 9
36 3 7
97 4 9
1
87 4 10
6
52 0 9
94 8 10
65 0 7
85 2 9
58 3 10
99 3 4
9
23 6 7
29 1 9
96 2 8
50 3 10
56 6 7
99 4 8
9 3 5
11 6 9
22 1 9
2
32 0 7
93 0 4
9
38 2 8
23 3 10
48 7 9
18 2 6
2 1 9
47 2 10
53 0 4
96 8 10
8 2 7
6
66 0 7
23 2 7
83 0 8
37 6 10
95 3 6
3 0 10
9
35 1 7
3 3 4
10 5 6
4 0 8
61 6 8
64 0 7
62 0 7
20 1 9
1 0 6
8
29 3 10
97 2 5
6 2 7
36 2 7
35 1 9
18 7 8
82 6 10
13 6 10
4
79 5 9
48 2 6
27 6 9
42 7 10
3
36 3 8
3 6 10
90 2 4
3
47 2 9
7 2 3
74 1 9
4
10 2 5
6 1 5
28 0 2
14 8 9
4
60 1 4
89 3 4
32 2 7
20 8 9
5
70 2 8
10 3 5
87 2 6
14 0 10
1 0 9
5
58 1 2
64 3 7
36 5 7
4 9 10
67 1 7
4
86 3 5
36 6 10
99 2 8
26 8 9
2
76 1 5
87 0 3
5
23 2 5
88 0 8
57 7 10
47 7 9
59 6 8
9
86 1 8
68 6 9
77 2 9
94 2 10
16 1 6
26 2 9
71 0 3
73 2 7
76 4 6
7
67 2 9
88 7 8
29 8 10
58 9 10
27 0 1
53 2 8
96 8 10
8
35 5 8
37 5 7
1 3 8
72 3 5
91 1 9
94 4 10
2 7 8
64 0 10
4
47 2 6
54 6 10
82 2 6
28 1 4
4
67 2 4
68 2 9
11 2 6
49 3 10
4
2 3 6
49 4 7
28 0 5
50 7 8
5
3 7 9
40 9 10
28 9 10
11 6 8
59 6 7
8
2 0 5
28 1 2
86 5 6
22 1 5
67 5 6
26 4 8
28 7 8
29 1 8
7
86 4 5
19 2 4
95 7 10
36 5 6
72 2 5
15 7 9
73 2 10
4
57 5 10
77 5 9
41 0 5
46 2 8
5
25 6 8
17 2 3
87 1 8
18 7 8
49 5 10
4
60 4 7
53 3 7
92 3 4
53 0 9
5
53 7 9
8 2 3
2 0 5
73 1 3
66 3 6
6
54 1 9
81 3 6
21 0 4
71 5 10
90 3 9
95 4 8
5
20 6 7
78 7 10
19 2 8
88 0 1
47 6 8
3
78 5 10
72 1 10
62 6 10
1
65 3 7
2
57 9 10
38 0 2
1
20 2 5
8
37 2 8
40 5 10
68 1 9
77 3 10
4 0 4
64 5 9
91 0 7
75 6 9
8
98 8 10
23 6 7
17 1 3
32 0 4
78 5 6
35 1 7
20 4 7
53 3 6
4
3 4 9
26 0 7
5 0 7
93 4 10
5
30 0 8
37 2 8
61 3 8
95 0 3
35 6 9
5
32 3 10
33 4 8
39 2 7
50 0 9
63 3 7
4
9 1 8
22 1 7
87 2 3
57 0 5
5
34 4 5
42 0 9
4 4 10
16 3 6
80 2 6
2
45 1 2
43 0 5
10
65 4 6
39 3 6
79 1 4
88 8 10
33 5 7
98 0 9
89 1 4
30 3 7
50 0 2
64 6 9
7
55 6 7
5 3 9
43 0 5
98 4 9
4 1 6
87 1 7
38 0 6
1
40 1 8
7
73 4 9
66 7 8
25 4 6
4 3 10
84 5 8
85 0 2
18 0 7
1
41 1 3
4
30 6 9
17 1 5
68 0 10
17 1 10
7
82 3 10
99 3 7
19 0 8
15 2 7
21 0 1
92 0 3
25 5 7
4
30 3 9
39 0 7
23 1 10
91 7 9
2
95 8 10
55 3 7
1
66 7 9
3
52 0 2
16 4 10
23 2 3
3
82 2 5
36 5 8
59 0 9
8
50 2 8
32 6 9
53 1 4
45 2 8
77 4 8
2 5 9
97 4 7
18 1 2
4
95 3 10
86 3 7
56 1 6
21 3 5
2
33 0 4
63 6 7
4
20 1 8
95 0 7
9 0 3
41 2 10
1
66 8 10
5
43 7 9
3 3 6
48 3 7
15 0 2
4 5 10
4
41 8 9
86 1 5
84 1 6
56 7 8
7
67 5 10
47 1 5
38 2 6
19 5 6
66 5 8
67 4 10
43 1 9
10
90 5 10
16 2 4
80 6 8
23 4 9
10 0 4
1 0 4
19 1 5
38 2 6
18 0 5
84 5 9
7
30 2 10
17 4 10
58 0 3
74 8 10
100 4 5
62 5 10
82 0 5
6
42 2 5
3 4 5
47 0 5
15 0 1
83 0 7
97 5 6
8
37 2 7
67 2 8
83 5 9
45 2 3
21 8 10
34 4 6
79 5 9
62 2 9
6
30 4 9
91 2 8
36 1 5
7 7 8
77 0 8
22 0 1
1
87 0 10
8
23 6 9
81 6 9
95 4 9
53 0 2
55 1 7
65 1 10
26 1 9
22 1 7
10
82 7 9
75 1 5
28 6 8
52 3 6
52 1 10
5 1 4
77 0 5
47 9 10
50 0 2
53 2 3
1
92 1 7
3
47 0 6
53 3 9
55 0 8
8
75 1 6
15 6 10
93 4 7
79 3 5
21 5 6
44 2 7
63 4 5
98 3 6
7
92 1 10
5 6 9
36 3 8
8 2 10
54 9 10
90 5 6
5 0 9
2
55 4 10
77 2 3
4
92 5 10
100 0 3
89 4 8
55 2 5
4
89 8 9
57 0 8
34 5 8
88 5 7
3
79 2 10
84 3 9
36 3 8
7
23 6 7
16 1 10
28 2 10
78 5 6
20 1 6
14 3 9
43 1 4
7
83 2 4
12 8 9
72 0 10
37 2 8
91 0 8
70 2 7
57 4 10
4
63 6 10
35 5 9
61 7 9
73 5 7
3
78 5 8
2 1 2
91 4 6
10
16 2 8
9 5 7
94 3 4
75 3 4
75 1 7
67 5 8
37 1 2
28 3 9
96 1 3
69 0 9
3
32 9 10
81 7 9
40 3 8
10
24 0 3
60 2 6
13 1 4
6 7 8
27 3 6
86 0 9
53 0 3
94 0 4
22 1 2
89 2 5
8
22 0 1
52 6 8
62 1 5
21 3 5
1 3 9
4 3 9
3 4 9
95 2 7
4
19 2 7
8 0 8
37 4 6
42 3 7
7
80 3 8
40 4 8
93 8 10
53 0 6
100 7 10
39 8 10
13 0 4
9
21 0 1
51 1 3
23 0 8
76 5 7
99 4 7
55 1 2
99 6 7
57 1 8
50 6 10
3
45 0 5
54 0 2
67 7 9
9
19 1 9
27 5 9
40 3 8
29 7 8
51 3 9
49 3 5
93 0 5
71 1 2
100 4 10
6
60 5 8
50 5 6
37 6 7
98 0 2
22 6 10
37 4 6
6
92 0 3
21 0 6
83 5 7
50 0 1
74 0 8
12 1 5
4
9 0 1
66 9 10
65 5 8
87 4 6
4
55 6 9
35 4 8
15 5 9
94 7 8
4
43 3 7
17 1 3
37 4 8
51 3 4
4
12 0 6
83 0 3
42 3 9
78 6 8
9
31 3 4
93 2 8
20 1 9
75 0 7
78 6 9
87 2 10
85 1 7
65 5 8
6 1 9
1
90 5 6
10
64 8 10
29 0 1
98 1 8
79 2 3
2 3 10
10 0 1
34 2 4
32 2 5
80 4 8
50 3 8
3
21 2 6
9 8 10
31 0 5
4
72 6 10
29 4 10
53 1 10
64 6 9
8
34 4 9
83 8 9
47 1 5
43 0 7
28 8 10
40 0 2
69 4 7
61 1 2
6
12 5 9
3 1 3
59 3 10
76 5 7
88 2 8
84 3 5
6
79 0 2
26 2 3
3 0 8
64 4 8
48 3 4
28 0 4
1
96 3 6
2
28 3 6
34 2 5
2
78 0 10
1 1 5
2
73 5 8
11 1 6
2
88 1 4
51 2 6
9
60 7 8
78 2 9
87 3 9
80 1 9
24 0 5
25 1 2
53 5 10
86 4 7
67 2 9
6
6 4 5
91 4 7
87 4 6
22 3 10
47 2 5
9 6 10
1
100 6 9
10
78 7 9
12 6 10
61 5 6
86 0 4
23 7 10
63 4 6
60 5 8
39 2 4
23 4 7
23 1 7
9
30 2 10
91 0 1
26 6 7
47 3 4
14 1 10
87 3 8
100 2 7
18 5 10
87 2 10
7
94 0 5
15 5 9
41 7 9
32 6 7
62 2 8
58 2 5
19 2 4
7
53 0 9
63 1 4
5 0 9
39 0 2
52 4 7
38 4 6
54 0 7
4
96 2 8
19 1 3
59 3 8
34 1 6
5
72 2 7
35 3 9
100 5 7
38 2 5
37 3 9
2
3 1 10
24 3 7
8
90 1 2
71 7 8
51 4 10
37 5 9
35 3 8
45 3 9
84 8 10
41 2 7
2
9 0 5
4 0 1
5
16 5 9
65 3 9
26 3 7
7 1 5
87 5 8
10
32 1 6
80 2 7
19 1 2
10 0 8
53 0 9
54 4 9
69 2 5
23 4 5
27 2 5
8 3 10
10
45 1 10
92 0 3
63 5 10
31 3 9
42 0 8
96 4 9
25 0 9
78 0 9
57 3 7
38 7 9
8
75 8 10
89 2 10
97 0 1
77 3 6
9 3 4
37 4 5
68 4 5
41 1 9
2
40 7 9
31 2 9
5
68 1 10
70 4 5
74 2 3
100 0 10
10 3 8
2
8 1 7
71 1 3
2
48 0 4
50 6 9
9
17 0 8
87 2 4
46 4 6
18 3 4
52 5 6
44 8 10
8 1 5
3 4 10
96 2 6
1
96 0 5
8
82 0 8
46 2 8
4 4 10
19 2 7
64 2 6
7 5 10
11 3 9
74 2 8
9
36 0 1
26 9 10
19 6 10
40 1 8
67 1 7
74 1 9
19 6 8
25 2 9
37 1 10
9
4 0 10
17 0 1
93 0 5
46 1 5
87 4 7
52 4 9
55 6 7
62 2 6
84 4 9
7
95 6 7
12 0 9
62 1 6
88 6 8
24 2 7
91 6 8
55 3 10
10
15 6 10
48 7 9
15 3 6
11 2 9
28 2 3
97 8 10
73 2 9
58 1 10
95 2 9
96 2 3
2
20 2 9
38 1 10
9
70 0 1
91 7 8
5 4 7
41 9 10
69 0 9
98 1 2
12 0 7
64 2 10
13 1 3
1
78 2 6
3
56 3 4
64 3 4
75 0 6
8
36 1 5
22 2 4
12 1 7
78 1 5
28 5 8
76 1 5
73 0 1
48 0 9
8
61 2 10
51 7 9
48 5 7
26 0 10
13 2 6
99 0 1
28 4 9
51 6 8
10
72 0 10
98 2 6
16 0 4
11 5 8
29 2 6
58 6 7
74 1 3
15 2 10
85 5 10
45 7 9
7
28 5 10
73 3 9
71 3 10
42 6 9
18 3 10
29 0 4
45 6 10
4
18 2 7
23 4 10
92 1 2
59 7 10
10
95 5 9
96 4 5
40 0 7
1 2 7
13 6 10
91 5 8
73 7 10
14 5 7
90 0 8
50 1 2
1
56 3 8
6
66 3 4
30 6 9
57 0 2
67 6 7
31 0 3
10 2 9
10
59 0 4
19 0 1
39 2 3
45 2 7
52 2 6
14 4 10
55 3 4
39 1 9
84 4 10
27 0 7
5
28 0 4
81 8 9
56 4 9
100 1 6
9 3 6
2
32 4 8
84 3 10
6
77 5 6
45 1 4
34 0 4
98 9 10
31 1 5
41 0 10
1
42 3 5
4
41 2 8
54 7 10
71 1 3
91 7 9
5
77 8 10
1 1 4
22 3 10
97 3 10
49 1 3
5
73 2 3
89 4 5
6 8 9
7 5 10
44 2 8
7
13 0 1
5 2 4
23 2 3
40 1 8
19 1 4
85 6 7
18 0 5
4
66 2 4
57 0 3
61 1 8
58 7 10
2
34 0 8
24 4 9
4
56 3 6
63 8 10
1 3 5
20 0 8
1
10 5 9
3
73 0 6
89 0 4
24 1 9
10
73 0 2
8 4 8
88 2 8
83 5 8
56 7 10
64 4 7
69 0 8
54 4 7
10 1 3
77 4 10
8
60 5 6
14 5 9
16 0 4
12 2 5
47 5 9
7 3 10
37 7 8
8 0 1
3
31 1 10
2 2 8
52 1 3
2
89 7 8
78 2 10
5
13 2 9
34 4 8
26 0 8
64 3 9
88 1 3
2
49 3 10
93 6 9
7
92 0 3
42 2 4
21 3 8
74 0 6
86 1 9
77 7 10
61 2 10
2
39 1 6
70 1 2
1
25 2 5
7
28 1 4
20 1 3
83 1 8
6 2 8
67 2 4
59 3 5
36 1 7
5
95 6 10
86 4 6
4 0 9
51 5 8
35 2 9
7
8 4 5
2 0 3
14 3 5
90 7 8
46 9 10
65 2 4
53 9 10
4
21 2 6
29 6 9
10 3 8
86 3 10
7
96 2 4
100 5 7
95 4 8
7 8 9
83 0 4
81 7 10
21 0 9
1
47 7 10
3
77 4 7
89 1 6
80 3 6
9
34 1 6
85 4 8
66 8 10
70 0 2
29 6 8
89 2 8
64 2 4
61 0 10
66 6 8
6
28 3 9
62 0 7
30 2 6
43 0 8
6 1 9
45 7 8
8
61 4 5
65 0 9
18 2 4
37 2 4
72 7 9
90 2 7
8 3 5
36 7 9
3
22 0 10
81 5 8
13 3 5
1
14 3 10
10
63 2 5
58 7 8
59 4 7
32 1 5
55 4 5
76 0 8
100 0 9
58 1 6
58 1 6
42 2 10
4
42 1 2
38 1 8
34 4 6
71 0 5
8
28 7 10
70 0 2
89 2 10
29 9 10
22 0 7
16 0 8
52 0 9
58 2 5
9
6 2 6
18 0 3
2 0 6
68 9 10
65 1 9
6 4 9
62 6 9
29 0 8
77 3 4
6
13 3 10
84 0 6
84 3 4
42 2 7
93 3 4
29 3 9
8
49 2 10
85 0 3
48 3 5
16 1 3
62 7 9
93 6 7
49 1 3
12 0 10
2
5 4 6
53 6 9
5
13 6 9
68 3 5
70 1 9
17 4 5
20 3 9
3
76 5 8
83 0 3
86 5 7
6
65 2 8
25 6 8
75 1 6
13 3 5
53 6 10
73 3 7
10
37 0 6
12 1 7
67 2 4
48 2 5
23 2 10
91 1 4
30 3 7
31 0 7
60 4 9
13 0 2
10
55 6 8
79 2 9
27 3 10
25 2 7
18 7 10
30 1 6
89 2 8
8 2 6
9 7 8
26 1 4
1
89 6 7
1
87 2 9
2
57 4 8
44 7 9
9
34 8 10
71 5 9
83 3 6
48 3 6
66 3 9
55 5 9
69 2 3
82 2 5
88 6 7
8
71 1 5
67 2 8
83 0 5
64 2 6
52 0 4
86 0 8
73 5 9
36 5 8
5
48 4 10
43 1 8
80 3 8
23 6 7
42 3 10
6
10 4 6
12 4 6
3 1 9
11 8 9
44 0 5
8 9 10
3
14 2 8
88 2 9
4 0 9
3
11 7 8
33 6 9
28 3 9
5
47 2 3
49 8 10
46 1 3
21 3 9
46 8 10
7
82 6 7
58 1 2
5 1 2
17 5 8
48 6 9
55 2 5
59 1 8
1
33 6 7
4
25 8 10
100 0 5
13 6 9
88 0 4
4
46 4 5
62 1 5
92 0 10
61 0 8
3
28 0 5
15 4 8
50 1 8
1
80 1 3
3
10 2 8
15 0 3
55 1 7
7
68 2 3
44 6 8
91 3 4
51 4 10
83 4 6
55 5 6
21 1 7
5
88 3 6
25 4 7
69 0 1
29 1 8
72 4 7
10
27 1 8
89 5 10
56 0 10
8 5 6
9 1 2
69 3 9
62 1 3
65 4 5
37 4 8
71 1 10
3
4 2 3
46 6 7
77 3 7
3
45 5 8
60 0 1
42 5 7
8
96 4 9
96 0 2
99 0 9
23 3 8
32 7 10
26 1 5
63 1 10
48 8 10
5
60 0 3
3 0 3
79 0 8
18 4 6
33 5 7
2
18 3 8
55 2 8
1
56 5 8
1
13 4 5
6
72 2 5
45 4 7
58 1 5
37 2 5
26 6 7
7 2 8
3
23 1 3
58 0 6
35 5 10
1
29 7 8
2
37 6 7
74 6 8
9
48 1 10
27 7 8
86 4 7
64 1 4
100 2 10
49 3 9
6 1 6
60 4 9
83 5 8
10
53 1 9
2 0 3
88 1 5
44 7 10
59 0 6
88 2 9
15 4 8
65 0 10
39 0 7
73 3 6
8
97 3 4
17 2 3
34 8 9
73 0 2
75 0 9
80 2 9
9 3 10
22 7 10
6
37 0 6
28 0 6
31 5 6
99 3 7
53 3 5
62 0 10
10
95 0 9
12 1 10
67 0 6
3 3 10
19 5 9
93 2 7
68 1 9
32 0 4
23 7 9
60 3 8
9
34 7 9
24 0 1
7 8 9
95 2 4
91 5 6
98 1 8
72 2 8
46 6 10
49 8 10
8
90 0 7
16 9 10
98 8 10
4 3 8
13 3 7
36 0 9
53 1 9
61 3 7
5
47 0 9
78 7 8
38 0 9
25 0 3
85 1 4
3
64 2 4
5 4 9
63 0 5
6
93 6 9
22 7 8
62 0 8
6 1 6
7 1 2
72 7 8
5
64 6 8
39 1 8
1 1 10
14 4 9
89 2 5
8
39 6 7
91 0 3
89 0 2
65 1 10
9 1 8
76 0 4
64 1 9
33 2 4
1
97 2 6
8
84 2 10
68 6 9
11 3 5
44 4 9
53 0 10
92 5 9
5 7 9
27 1 9
9
89 0 5
46 4 9
11 9 10
99 5 8
34 5 7
43 0 2
12 6 8
14 8 10
65 0 10
8
10 6 7
69 4 10
81 7 10
15 2 9
87 0 6
15 0 8
38 1 6
62 1 2
2
46 0 6
51 2 10
4
90 0 2
54 5 7
28 5 10
28 1 4
10
35 5 10
32 6 8
98 4 7
5 0 10
55 0 4
100 7 9
52 0 3
96 3 7
11 0 1
43 1 3
1
40 2 9
5
97 2 10
30 1 10
6 3 7
54 3 8
69 7 10
7
76 4 7
10 4 5
53 2 6
27 1 3
25 8 9
29 2 10
43 1 7
10
43 3 5
48 2 4
87 3 9
97 8 10
55 6 8
78 0 1
91 3 5
42 0 1
57 1 7
86 1 2
4
100 4 5
7 0 2
85 0 9
8 1 10
10
32 6 10
64 3 9
67 3 4
25 1 6
90 6 8
56 6 10
1 0 1
36 1 6
5 2 8
86 6 10
9
39 1 10
52 2 3
88 1 7
37 5 6
29 8 9
87 1 2
79 2 9
54 3 4
98 2 9
6
97 5 7
69 0 5
19 7 8
28 2 6
10 1 3
27 7 10
4
2 3 10
44 1 10
83 8 10
83 9 10
10
3 1 7
29 6 7
88 2 5
9 0 1
95 2 10
74 1 5
87 4 5
22 0 9
24 0 1
55 2 7
1
4 1 10
4
2 4 10
19 3 8
15 4 7
78 3 7
9
22 0 3
6 8 9
4 2 4
58 2 10
34 3 6
99 7 9
23 6 9
50 4 9
91 0 4
1
43 1 5
6
9 1 10
10 1 7
6 1 4
53 2 7
12 4 6
27 3 4
2
27 5 8
93 2 10
4
79 3 7
43 2 6
40 0 7
1 1 9
1
12 1 7
10
88 1 8
24 1 4
40 5 10
55 1 6
1 2 8
3 4 9
46 5 8
42 1 2
75 7 8
14 0 6
7
4 5 10
38 9 10
39 3 5
9 2 5
5 3 10
24 7 8
85 8 10
3
44 1 9
87 0 4
61 0 1
2
65 4 10
61 1 2
5
60 4 9
86 3 5
59 7 10
49 9 10
63 5 6
9
86 1 8
28 5 9
35 6 10
77 3 10
23 0 7
94 0 1
13 1 5
45 6 9
94 7 8
5
22 7 10
4 9 10
100 7 8
55 2 5
18 2 8
9
47 3 7
46 1 6
80 4 6
56 3 9
3 5 6
29 2 9
60 2 7
75 2 8
22 1 3
2
57 1 10
65 2 3
4
90 0 2
90 5 7
14 3 7
45 2 3
5
3 6 9
38 8 9
70 6 9
80 4 5
26 2 9
6
10 0 7
7 4 6
66 5 6
55 5 6
37 1 9
6 3 8
1
13 4 8
2
100 3 6
34 1 2
1
12 2 4
9
22 0 8
66 8 9
51 2 6
41 0 6
37 1 10
26 0 9
10 8 10
53 3 5
32 1 2
4
45 5 9
39 3 10
92 2 4
99 5 10
6
44 3 9
2 3 10
44 6 7
19 2 8
5 1 5
47 8 9
5
49 0 5
52 6 7
25 6 9
41 0 7
4 2 10
9
59 2 5
25 3 6
8 3 8
20 0 9
12 4 10
67 0 7
15 8 9
1 4 9
49 4 8
2
20 1 3
67 1 4
1
28 5 9
2
64 3 9
87 5 6
1
58 1 9
7
66 5 7
54 0 6
6 2 7
92 5 8
78 0 9
88 3 7
48 6 10
7
12 0 7
30 4 6
12 2 9
42 1 4
47 0 1
79 5 6
88 2 4
10
64 2 3
39 3 8
55 1 7
65 0 8
15 0 8
85 2 7
63 6 7
20 2 9
91 4 7
55 0 1
2
98 3 10
7 4 5
2
86 0 7
18 3 4
8
64 3 7
79 0 7
39 5 7
84 8 10
1 1 2
92 4 6
94 8 10
81 2 7
7
38 8 10
36 4 10
8 7 9
66 3 9
73 1 4
83 1 7
97 5 6
9
87 9 10
61 1 4
99 3 6
95 4 9
31 6 8
94 5 6
34 4 6
7 0 3
78 2 6
2
37 9 10
68 0 5
6
58 4 5
19 3 9
40 4 5
22 6 8
93 3 5
89 0 10
3
74 5 10
11 3 7
61 1 5
9
47 0 2
79 6 7
50 5 10
4 4 10
5 2 3
21 4 10
78 7 9
39 3 5
62 3 4
1
55 9 10
7
12 0 6
47 5 7
82 1 3
17 4 8
62 4 9
7 0 8
67 2 6
10
79 2 7
34 2 5
61 1 8
25 0 3
57 3 8
66 1 8
42 3 5
42 1 5
74 3 10
87 0 2
2
71 5 10
63 4 9
2
75 4 5
3 3 10
4
64 1 10
42 7 9
49 0 7
18 4 10
10
56 5 8
97 2 5
27 3 7
45 1 4
81 4 6
68 1 3
68 6 8
11 4 7
46 5 7
79 0 2
2
87 0 2
8 3 7
6
60 3 7
4 7 10
19 0 6
66 8 10
84 0 6
38 1 5
7
42 6 9
40 1 2
18 1 8
48 4 5
16 3 6
5 0 8
28 1 10
5
87 1 8
11 8 10
100 0 2
74 3 4
18 0 2
1
14 0 7
2
19 2 6
98 1 3
6
20 1 9
51 4 8
51 6 7
31 0 8
99 5 7
12 3 5
6
33 6 10
33 1 9
81 1 5
71 3 8
61 2 7
5 7 8
1
27 0 1
7
63 2 7
56 3 8
43 0 7
59 1 3
21 4 8
72 2 3
44 6 10
5
65 1 7
98 0 10
42 4 6
8 8 10
91 1 10
8
75 2 10
97 3 8
70 0 3
28 6 9
17 9 10
89 4 10
64 9 10
53 1 7
9
53 7 9
16 0 6
45 2 7
53 1 10
75 1 8
24 0 10
32 5 6
5 1 8
30 3 4
4
17 1 6
76 2 4
9 1 6
25 2 6
4
43 0 2
77 6 10
78 8 10
13 1 3
1
98 1 8
4
83 1 5
97 5 6
52 0 8
64 3 7
7
78 7 8
25 2 3
42 1 5
22 0 3
39 5 9
98 2 5
31 7 10
1
98 5 7
7
5 1 5
73 7 10
36 3 5
38 3 7
26 4 10
71 1 7
52 4 7
3
39 4 8
46 7 9
46 7 8
1
68 2 3
1
29 1 2
1
64 0 1
9
3 0 7
63 0 8
47 1 5
91 0 8
93 2 7
48 8 9
15 5 7
50 3 6
92 8 10
4
42 4 10
90 0 3
40 5 10
11 2 7
2
78 2 5
22 0 10
6
32 4 6
14 0 5
15 2 4
76 6 10
45 3 9
48 3 8
5
24 1 6
52 2 10
56 0 4
89 2 4
79 2 10
1
96 6 7
1
11 4 8
10
5 0 3
51 0 4
87 4 6
55 3 9
14 5 10
42 4 9
67 3 4
6 0 5
56 7 9
50 3 6
3
41 4 6
3 9 10
90 0 4
10
22 4 9
52 0 9
90 6 10
25 4 10
82 3 5
96 1 7
22 0 6
92 4 8
35 9 10
98 6 7
4
29 0 4
98 2 3
70 0 10
66 7 10
4
33 3 5
47 0 7
31 0 1
17 1 10
3
99 0 7
60 2 7
96 1 4
6
30 0 8
75 2 5
4 1 9
59 0 2
90 1 10
42 9 10
6
48 2 7
58 4 7
13 0 5
9 0 2
25 6 10
56 1 5
1
86 1 5
3
24 0 7
19 5 9
34 3 4
5
97 3 6
62 7 9
29 8 10
70 1 8
55 0 10
4
25 8 10
11 8 10
50 3 8
81 0 7
10
24 2 4
53 0 3
9 0 5
63 0 6
96 1 6
29 0 9
12 4 8
74 5 7
67 5 6
100 0 2
4
77 2 9
45 2 10
30 1 10
75 2 5
5
99 1 6
60 3 7
88 1 2
55 3 7
56 3 7
2
57 1 2
47 0 7
3
12 7 8
8 0 8
43 6 9
8
87 6 9
24 1 6
7 1 3
59 2 7
12 1 2
58 6 8
57 1 3
97 2 3
5
100 4 7
23 2 10
51 0 4
95 0 9
91 0 8
2
63 1 3
31 1 3
10
82 3 6
95 7 8
26 0 4
71 5 6
34 1 10
26 3 5
15 3 10
14 4 9
6 2 7
52 7 8
8
52 0 2
1 7 8
18 0 7
1 1 7
32 1 8
67 5 7
35 1 8
32 8 10
4
64 2 3
7 0 6
83 0 8
99 1 2
7
20 2 9
14 6 8
43 9 10
31 3 9
10 2 9
97 2 5
72 5 7
10
10 6 8
43 4 6
79 1 2
66 6 7
70 3 10
64 2 9
55 5 6
34 3 8
25 0 2
61 2 8
8
48 2 7
8 1 4
85 2 4
14 6 7
48 4 6
71 3 10
98 2 10
75 5 8
9
52 3 8
71 0 4
61 0 9
86 4 10
67 7 10
95 5 7
33 1 10
80 3 8
54 0 7
2
27 2 4
93 0 3
4
44 2 8
3 0 5
34 3 8
81 0 2
3
54 8 9
48 2 7
77 5 10
3
19 3 6
82 0 3
30 0 3
8
3 2 5
69 2 10
19 4 7
13 3 8
2 1 9
61 2 6
43 5 9
76 5 6
2
99 1 10
13 2 7
7
82 1 7
70 2 6
26 7 8
51 4 9
55 4 7
78 8 10
36 0 3
1
78 3 10
6
39 2 7
88 0 5
100 1 10
17 0 8
28 0 10
17 8 10
4
26 1 4
32 6 7
84 0 10
77 0 8
5
13 0 7
94 3 8
64 3 8
97 9 10
28 1 10
7
66 0 4
36 1 4
100 6 8
56 5 6
22 2 8
43 0 8
95 3 10
7
7 2 3
69 2 3
12 2 3
9 2 10
52 2 5
6 2 4
48 8 10
2
71 8 9
89 1 9
7
62 3 10
40 8 10
66 7 9
18 0 7
47 8 10
25 7 10
90 5 7
2
87 1 2
7 3 7
3
16 9 10
47 5 9
25 0 2
1
87 3 10
10
61 5 10
22 4 6
71 2 3
93 1 3
45 6 7
64 3 9
42 1 5
63 5 6
20 8 9
7 5 10
10
50 3 6
64 4 6
22 3 4
91 2 7
84 7 10
69 4 5
4 1 8
39 2 6
25 3 10
29 1 5
9
78 5 7
49 3 8
100 5 8
54 5 10
17 2 6
92 5 10
73 4 8
19 2 4
14 0 3
8
26 2 4
42 0 6
94 5 8
80 0 8
35 0 4
34 4 9
78 4 10
22 1 6
8
76 2 8
17 2 4
15 6 9
85 1 6
38 0 2
38 7 10
73 6 7
6 6 8
9
6 5 10
58 3 8
10 2 3
58 1 3
77 8 10
89 4 9
94 5 10
6 4 5
53 5 8
1
63 4 9
9
89 0 5
65 0 2
85 1 2
23 4 10
65 4 5
37 0 2
48 1 7
56 9 10
44 5 8
5
58 1 9
20 0 8
80 7 8
22 1 4
67 6 9
2
4 2 5
21 4 5
5
89 2 4
2 4 9
15 6 10
79 1 10
65 8 9
1
97 2 5
7
29 0 1
53 7 9
41 0 5
55 5 9
49 1 10
90 0 4
34 2 6
5
83 4 7
1 6 9
75 2 8
90 4 9
22 1 3
10
93 4 10
5 7 9
80 6 8
19 0 9
92 0 9
43 0 9
84 5 7
49 7 10
11 1 10
83 4 7
1
77 2 7
2
73 3 10
80 6 7
10
6 4 10
22 8 9
60 4 8
84 0 3
47 1 9
79 4 5
42 2 4
79 5 10
96 1 5
14 2 3
3
89 2 7
57 4 5
58 2 10
9
40 0 9
90 2 10
84 2 5
47 3 6
71 6 7
91 6 9
54 1 7
22 3 6
97 5 9
4
72 2 6
23 0 9
68 7 9
79 1 9
1
98 0 7
7
42 0 9
57 7 9
65 2 8
64 6 8
30 3 4
17 1 7
23 4 6
6
75 3 6
98 2 3
98 8 10
22 8 10
43 8 9
50 1 6
5
74 3 6
19 6 10
18 0 10
61 5 7
76 4 7
1
55 7 10
4
6 0 6
47 0 7
85 2 8
16 9 10
8
99 5 9
70 4 9
71 4 8
60 5 10
46 1 9
4 7 10
67 3 10
30 0 7
8
3 8 9
63 1 3
24 4 10
50 2 6
48 7 10
50 1 3
51 6 10
85 5 6
3
11 0 1
14 4 6
63 2 9
2
89 2 10
70 0 8
10
35 7 10
86 2 8
23 5 7
75 5 6
68 4 8
27 7 10
53 0 6
39 5 9
100 2 6
35 3 8
9
46 6 10
30 7 9
47 4 9
23 4 6
84 4 7
12 3 9
67 1 6
45 2 10
35 2 3
10
80 4 10
8 8 9
2 1 3
42 2 6
26 1 5
79 0 5
5 2 7
44 4 10
16 4 7
98 0 5
9
40 1 10
52 0 2
1 0 9
97 3 7
10 3 4
40 5 7
10 8 10
67 1 2
2 2 6
9
42 0 10
15 0 5
9 1 4
92 3 8
12 2 9
30 0 3
6 8 9
99 1 5
89 0 2
7
87 2 3
86 4 6
81 7 9
22 5 8
87 6 8
86 2 4
14 1 4
1
11 3 10
4
64 3 5
8 3 4
71 0 5
8 2 9
10
90 0 7
92 5 8
80 0 7
24 0 4
64 4 6
39 4 5
5 0 1
45 2 10
90 2 10
82 1 9
10
35 0 9
83 0 7
62 3 6
17 5 8
45 0 3
21 2 7
13 4 9
76 2 5
23 9 10
32 0 3
3
46 5 6
57 4 10
63 0 6
8
98 1 5
6 4 9
31 0 5
85 2 5
73 3 6
64 1 5
58 4 5
47 6 7
2
23 1 6
96 1 5
7
49 7 9
69 0 1
46 1 7
62 2 8
16 8 9
15 0 4
54 4 6
6
61 2 10
54 1 4
86 0 9
23 2 10
23 1 5
39 0 4
2
90 5 8
40 1 4
3
76 6 7
11 4 5
22 8 9
9
75 6 10
84 0 7
75 2 8
31 1 2
57 3 6
46 3 10
19 1 7
89 9 10
83 4 5
8
76 7 10
50 0 6
87 0 4
96 6 7
44 1 4
39 6 8
4 5 7
86 2 3
8
42 4 10
82 5 10
35 3 6
98 5 6
35 2 6
66 0 8
95 0 10
12 0 2
1
62 2 6
3
45 0 6
13 2 4
48 6 9
6
52 5 9
54 3 5
2 2 7
75 2 3
69 0 1
70 0 4
8
22 6 7
42 7 8
94 4 5
64 1 4
6 5 10
3 0 8
51 5 6
83 2 7
6
27 1 9
85 1 7
54 0 7
94 2 10
9 3 9
2 2 9
5
13 1 8
61 5 7
4 2 4
6 0 9
75 0 6
1
67 2 3
1
6 1 2
6
18 1 3
4 8 9
97 0 10
61 2 3
72 0 10
61 3 7
2
30 1 8
46 3 7
9
55 1 2
75 0 4
49 2 9
60 4 5
51 1 3
38 1 9
25 2 5
54 5 10
49 8 9
5
60 1 7
100 1 10
44 7 8
17 4 6
67 0 4
2
71 4 6
12 2 7
2
24 4 6
73 2 7
7
81 6 9
89 6 8
83 0 7
1 5 6
31 7 9
63 4 8
68 0 7
8
100 2 10
83 2 3
53 3 7
16 3 9
25 3 7
53 1 4
97 2 9
77 0 5
7
26 0 5
65 6 9
28 0 8
8 1 8
81 2 3
77 1 3
64 0 6
9
16 8 10
58 0 1
83 1 3
73 5 8
63 2 9
16 1 10
24 5 10
16 7 10
66 3 10
10
57 3 9
90 1 3
30 2 4
8 6 7
6 2 4
2 2 8
40 1 5
91 0 3
84 3 5
38 4 8
8
38 0 9
55 1 5
85 3 8
12 3 4
94 0 2
50 4 8
33 0 5
73 1 3
3
75 1 8
12 4 8
96 4 9
1
1 6 8
9
75 2 10
45 0 4
50 6 10
16 4 6
39 1 10
48 1 7
84 4 5
75 3 5
55 0 10
2
66 0 5
56 2 6
3
84 2 9
18 7 10
37 0 4
8
58 2 3
8 2 3
89 1 3
17 0 9
54 7 9
79 1 10
72 6 8
48 0 2
7
97 3 10
14 4 9
32 7 9
18 1 8
64 0 9
13 6 9
7 3 10
1
24 7 9
3
49 5 6
15 3 5
82 7 10
2
15 0 10
7 1 2
1
30 2 8
10
91 0 6
19 0 1
33 3 7
76 5 9
20 0 4
100 1 9
13 5 8
88 0 2
22 1 2
6 3 8
3
29 0 10
24 3 4
66 0 6
3
70 0 2
70 4 9
94 8 9
9
89 0 9
66 4 8
52 3 6
9 5 7
44 6 7
11 3 8
33 1 3
53 1 3
53 2 6
8
73 5 9
89 5 7
88 5 9
70 3 6
50 0 8
18 4 5
52 7 10
3 1 8
9
72 5 9
49 7 8
7 3 10
95 3 7
74 5 10
70 8 9
48 6 8
74 1 6
24 3 10
5
31 0 6
44 8 9
2 5 9
30 7 8
12 3 9
1
40 6 10
4
84 3 8
38 3 5
95 2 9
87 3 8
10
11 4 6
22 3 10
99 0 5
62 2 6
54 1 9
21 5 8
36 1 4
7 1 2
34 3 6
44 9 10
1
54 1 2
6
14 2 5
30 4 5
32 1 8
4 2 6
72 5 7
54 5 9
4
95 2 6
54 1 10
1 1 5
99 1 9
5
86 2 10
50 5 8
35 3 9
44 0 6
32 2 5
8
68 0 6
85 0 8
80 2 3
82 6 8
41 5 10
91 0 5
15 5 8
9 2 8
7
57 3 5
95 2 7
38 3 7
18 2 10
84 4 9
12 0 1
65 1 5
9
41 3 7
57 7 8
53 3 10
25 4 7
99 1 4
4 1 3
89 1 5
89 2 8
28 5 7
10
56 1 9
59 0 10
35 1 2
24 5 10
94 4 7
89 1 9
83 0 5
22 5 6
2 1 3
49 2 8
9
73 5 10
65 3 7
31 1 2
30 6 10
89 0 2
65 0 8
89 4 7
58 3 7
5 7 9
2
58 1 9
44 0 10
9
60 5 9
18 7 10
71 4 10
41 1 4
100 7 10
20 2 4
40 7 9
8 3 6
16 0 4
5
64 8 10
30 3 6
73 9 10
99 2 7
31 2 3
4
69 2 3
45 3 8
84 5 10
20 6 8
4
46 2 10
5 0 7
58 3 8
21 7 9
4
46 3 9
83 5 10
34 6 7
56 4 10
7
19 1 9
60 4 5
69 1 8
96 4 5
37 8 10
22 4 9
78 2 10
5
14 1 2
67 9 10
72 2 8
40 2 9
49 1 6
3
56 0 1
60 8 9
31 7 8
3
25 0 4
43 0 9
62 3 6
7
63 8 9
7 2 9
57 3 9
30 1 10
73 4 6
84 2 5
91 1 2
9
21 4 9
6 0 2
73 1 4
89 5 10
44 1 8
66 5 7
11 3 9
37 2 6
74 4 5
2
5 7 8
77 7 10
9
80 0 10
4 6 10
82 7 8
84 5 10
93 2 4
2 0 10
12 3 6
21 0 7
16 0 5
5
44 0 1
86 1 7
2 7 9
21 2 3
57 8 10
3
97 2 5
41 1 7
89 3 6
5
49 1 8
14 4 9
25 0 5
39 0 2
52 4 9
6
74 0 6
73 0 9
21 5 10
44 3 9
17 2 10
98 0 3
1
10 0 7
10
30 7 10
68 2 7
28 8 9
3 2 3
88 3 9
100 1 6
79 7 10
96 1 8
44 4 6
72 4 8
7
1 1 3
63 9 10
44 2 6
50 5 10
24 5 8
39 3 8
52 6 10
8
74 2 6
36 2 9
81 5 6
44 0 2
78 0 4
21 1 7
8 3 4
65 4 10
2
21 2 8
42 1 8
10
84 4 7
59 2 8
32 0 6
83 4 5
51 5 10
52 7 9
20 3 9
15 5 10
85 6 8
24 4 8
1
85 1 9
2
61 2 3
70 1 9
1
47 0 5
10
83 5 6
45 0 4
8 0 2
49 5 7
99 1 7
43 4 8
69 0 1
6 1 6
33 5 8
52 2 4
9
66 1 9
42 7 8
57 0 8
39 5 6
87 0 5
100 3 9
90 3 4
7 3 8
75 1 10
8
89 3 9
38 1 8
44 6 8
33 5 8
35 1 10
20 1 8
74 1 8
71 6 7
5
28 2 3
90 7 8
99 7 10
67 2 7
75 2 8
4
52 1 4
74 4 7
97 0 9
86 4 7
9
84 5 8
76 0 8
32 6 8
11 1 5
52 8 9
41 4 9
85 0 6
66 9 10
26 3 10
4
5 7 8
80 0 2
46 4 10
39 0 6
8
48 7 9
2 7 8
18 2 9
23 2 5
100 0 8
37 2 5
87 8 9
30 4 5
4
69 0 6
92 0 3
99 2 9
30 1 5
2
87 8 10
54 3 4
6
25 8 9
4 2 5
22 6 10
31 4 7
5 0 10
95 0 4
3
95 3 4
42 6 10
7 5 7
7
96 1 9
17 0 1
6 3 9
8 5 8
46 4 8
75 4 9
86 0 6
4
30 2 5
39 0 9
8 1 2
83 0 10
8
68 4 5
44 0 3
84 0 2
98 3 4
17 1 10
74 6 9
78 6 8
35 4 6
3
91 0 6
86 0 1
60 3 8
7
53 1 9
55 3 10
53 3 10
9 4 5
89 2 8
65 5 8
46 2 8
7
79 2 3
67 2 10
93 6 7
42 5 6
13 7 9
79 2 4
97 2 10
3
52 4 10
1 3 9
6 0 9
8
30 2 8
80 4 6
46 5 8
27 3 9
2 0 9
68 2 8
90 6 7
84 0 8
1
22 1 8
6
35 0 1
57 0 6
22 4 10
67 2 6
10 0 6
19 1 7
9
26 5 9
40 3 7
49 6 9
94 1 4
76 6 9
95 0 9
46 5 10
75 1 5
88 3 4
10
63 4 7
81 1 9
89 1 3
20 0 4
15 0 1
25 1 6
62 1 9
8 0 10
28 3 8
40 0 7
1
82 4 8
9
1 1 8
82 0 3
91 1 6
23 1 5
82 6 8
74 0 8
90 0 2
71 3 10
42 5 7
3
58 7 10
49 0 2
8 1 7
5
81 0 4
66 1 7
26 0 2
92 3 10
96 1 10
1
52 4 9
9
89 0 6
49 2 6
19 2 7
73 0 1
62 0 7
61 0 6
23 3 10
61 0 4
11 5 9
9
87 1 8
90 4 10
25 1 2
84 0 6
50 2 9
24 6 7
73 8 9
62 0 3
8 2 9
9
23 1 7
39 5 9
25 0 8
57 6 8
25 2 6
60 5 6
27 0 7
23 4 7
40 3 6
10
42 0 6
83 8 9
89 1 4
51 0 2
8 3 8
64 1 7
99 3 7
20 1 4
23 7 9
35 3 4
2
6 0 9
86 0 6
8
92 4 7
3 5 7
41 0 3
71 2 5
95 0 1
28 1 3
32 2 10
62 3 4
10
34 8 10
11 3 4
62 2 9
55 2 8
1 7 8
15 4 7
95 8 10
49 1 4
32 9 10
29 4 7
5
8 2 7
43 8 9
36 1 8
4 4 7
1 0 4
2
16 1 5
90 0 5
8
53 1 7
33 3 4
72 6 7
47 3 5
62 3 8
95 1 9
32 4 8
44 4 9
2
23 1 5
74 0 8
2
52 3 5
57 3 7
8
99 0 2
93 1 7
53 1 4
40 4 6
30 0 9
22 3 6
96 7 10
57 9 10
8
48 0 5
16 0 2
1 1 9
55 0 8
42 4 6
71 2 4
3 1 9
25 9 10
4
93 6 10
95 2 4
40 3 5
57 7 8
5
11 6 9
40 4 6
61 3 5
2 0 9
9 3 6
4
47 0 2
87 4 7
83 2 10
25 2 6
4
68 2 7
95 5 9
87 2 5
7 4 10
5
21 0 6
98 6 10
91 8 10
57 2 4
32 0 5
5
80 3 5
60 5 10
43 5 10
54 5 9
79 1 3
7
26 0 5
43 7 10
32 0 7
39 1 10
30 0 9
97 2 6
78 6 8
8
82 2 10
100 7 9
87 1 8
81 2 9
49 0 3
11 6 9
6 9 10
34 3 9
6
67 3 6
73 2 5
79 6 9
82 0 9
40 3 4
15 1 9
9
66 8 9
89 5 8
2 0 9
69 1 2
96 0 6
85 1 3
50 4 6
79 0 6
3 0 8
6
48 0 5
84 5 8
84 7 8
17 5 8
82 5 6
10 5 8
4
48 5 7
80 4 8
56 4 6
89 2 3
3
68 1 8
28 2 7
21 1 10
5
80 4 9
35 2 10
19 0 4
83 3 9
5 2 4
3
36 1 2
59 5 9
91 9 10
1
22 4 6
5
10 6 10
34 0 3
93 3 8
17 3 5
21 6 9
7
18 0 6
69 2 4
93 4 8
93 6 7
7 0 7
16 0 5
98 1 6
2
35 7 8
67 5 10
2
53 1 8
11 1 5
5
49 1 5
42 1 6
95 0 7
54 5 7
1 3 4
1
13 2 6
2
55 4 9
23 4 5
10
85 8 9
75 5 10
41 3 7
15 3 5
32 0 8
80 8 9
2 7 8
83 0 3
99 8 10
54 2 9
10
31 0 2
75 1 3
37 2 5
99 3 10
82 1 4
22 2 9
60 0 3
97 0 6
1 8 10
20 4 6
10
90 1 4
94 4 7
30 0 9
83 2 4
57 3 6
71 2 8
50 2 10
32 0 3
56 2 3
33 8 9
2
2 3 10
40 9 10
3
47 5 7
26 0 2
76 7 10
1
12 1 8
3
49 3 9
100 0 2
81 3 8
7
18 4 9
14 2 7
56 4 7
92 2 3
30 0 4
87 2 3
10 3 6
10
54 2 5
71 2 7
73 0 5
24 2 7
86 1 2
40 0 9
6 3 9
4 2 7
64 1 4
81 4 6
5
43 2 7
4 3 10
43 2 9
62 1 10
67 5 10
4
97 6 8
100 5 6
73 3 8
54 2 8
3
70 1 10
92 0 10
21 6 10
8
19 3 10
62 1 3
24 0 10
52 2 4
27 6 8
78 3 6
49 6 9
35 0 6
7
9 3 6
58 1 8
96 1 2
41 1 8
89 3 6
92 1 6
23 2 10
9
82 4 6
73 1 8
93 2 10
54 0 6
29 0 1
83 2 9
23 0 7
59 6 7
88 6 7
6
93 3 7
44 1 6
51 3 7
12 1 2
94 2 8
24 3 8
10
48 2 8
1 0 5
19 1 8
53 8 9
86 4 7
11 1 10
81 3 8
52 6 7
30 6 10
28 6 10
2
72 4 8
44 2 4
7
23 0 3
21 5 8
78 4 10
39 3 6
15 0 2
11 3 8
24 7 9
8
97 8 9
15 8 10
14 2 8
17 8 9
70 2 3
27 0 3
80 2 3
54 4 6
2
83 1 7
95 2 7
3
46 2 5
78 5 8
48 3 4
8
54 1 9
53 8 10
64 9 10
16 4 8
45 2 9
77 6 9
99 6 7
66 3 10
1
78 4 8
7
42 0 9
42 0 1
98 0 7
73 6 8
92 4 6
11 5 8
36 6 9
2
74 1 6
62 4 5
4
29 3 8
27 3 5
43 3 4
99 1 5
7
94 9 10
85 4 8
81 1 4
69 0 5
94 2 4
27 5 10
52 0 5
4
96 7 8
2 3 10
15 4 7
42 1 2
4
49 3 7
73 1 2
55 6 7
31 4 7
10
69 1 7
24 3 5
46 7 8
49 4 7
23 0 7
60 8 10
93 5 9
86 2 9
15 0 7
28 4 10
1
54 2 6
2
10 1 2
32 0 3
1
91 8 9
8
82 2 7
9 6 10
55 5 6
99 1 8
89 1 6
73 0 5
22 2 6
73 2 6
3
84 4 6
3 1 2
20 5 8
4
61 0 9
98 1 10
45 2 6
2 0 4
9
68 9 10
49 0 7
19 5 8
34 7 8
63 4 6
87 2 9
59 4 6
93 2 10
21 0 2
5
90 8 9
8 0 3
40 4 7
80 3 7
68 4 5
6
59 4 10
75 3 7
53 5 7
4 5 9
59 8 9
38 0 9
9
99 4 6
80 3 9
70 3 8
20 4 10
38 7 9
66 8 10
80 7 10
80 4 9
53 1 7
3
84 5 6
63 0 8
100 1 4
3
95 7 10
64 1 3
32 0 9
10
27 3 9
31 0 1
61 2 3
19 3 4
13 2 7
29 1 5
59 6 7
47 5 6
47 3 10
63 4 5
5
64 7 9
57 3 6
95 0 3
65 9 10
31 3 8
5
43 8 9
41 1 8
24 2 6
87 3 5
42 6 9
3
51 2 4
98 1 7
66 0 1
1
53 0 10
3
96 2 10
33 2 5
32 1 7
4
80 2 8
40 8 9
70 2 6
14 3 10
4
28 1 2
61 1 8
61 1 10
49 0 4
1
94 0 1
3
50 1 5
54 3 9
73 0 3
5
91 3 7
43 1 10
74 1 3
47 3 6
52 4 9
10
38 9 10
46 0 8
76 2 3
95 3 7
60 4 7
32 4 5
67 0 6
88 3 9
38 0 6
42 1 6
2
33 4 10
56 4 9
9
32 2 10
34 6 7
74 3 8
73 9 10
2 0 2
65 3 5
57 2 5
16 4 6
12 5 10
6
17 6 7
67 1 7
38 2 10
81 8 10
34 1 7
92 6 10
1
35 8 10
8
89 1 6
40 4 6
97 0 5
92 2 9
73 5 7
30 8 10
12 0 1
62 0 2
10
62 7 9
68 0 8
78 1 5
83 2 5
20 1 8
8 0 2
31 6 8
70 0 2
73 2 9
13 1 3
3
63 5 8
30 1 9
9 1 7
6
29 2 7
8 0 1
45 2 7
5 2 8
42 2 3
65 2 5
8
15 2 4
47 4 8
98 0 2
55 2 3
10 2 6
62 0 4
23 6 8
23 6 7
10
7 4 10
69 4 8
79 7 10
51 0 2
85 2 4
72 5 7
85 0 7
89 7 10
1 6 8
39 4 8
10
83 3 5
87 3 6
22 1 2
76 1 6
28 3 9
5 1 6
61 2 6
11 4 5
97 5 10
62 0 10
2
11 0 6
32 6 8
6
26 3 5
82 7 8
94 3 5
84 9 10
87 6 10
95 1 7
0
