12

1

0

00
00

01
10

11
00

10111000
00010100
00111000
00111010
00111111
01011110
01011110
00011110

000000000
000000000
000011111
000000000
000000000
000000000
110000000
110000000
000000000

000000000
000000000
000000000
000000000
000000000
000000000
111000000
111000000
000000000

000011110
000011110
000111110
000011110
000000110
000000000
110000000
110000000
000000000

000000000000000
000000000000000
000000000000000
000000000000000
000111100000000
000111111100000
000111111100000
000000000000000
000000000000000
000000000000000
000000000000000
000000000000000
000000000000000
000000000000000
000000000000000

101111111111111
100000000000000
100000000000000
100000000000000
100000000000000
100000000000000
100000000000000
100000000000000
100000000000000
100000000000000
100000000000000
100000000000000
100000000000000
100000000000000
100000000000000

000000000000011
000000000000011
000000000000000
000000000000000
000000011110000
000000001110000
000000000000000
000000000000000
000011000000000
000011000000000
000000110000000
000000110000000
000000110000000
000000110000000
000000110000000


