0.00000000
0.25000000
0.00000000
0.00000000
0.25000000
0.25000000
0.00000000
0.00000000
0.00000000
0.00000000
0.00000000
0.00000000
0.00000000
0.00000000
0.12500000
0.12500000
0.06250000
0.12500000
0.25000000
0.12500000
0.12500000
0.00000000
0.06250000
0.00000000
0.12500000
0.00000000
0.00000000
0.00000000
0.10937500
0.15625000
0.07812500
0.12500000
0.25000000
0.15625000
0.12500000
0.04687500
0.04687500
0.00000000
0.10937500
0.00000000
0.00000000
0.00000000
0.12890625
0.12890625
0.09375000
0.13671875
0.22656250
0.12890625
0.14453125
0.06640625
0.07031250
0.00781250
0.12890625
0.01171875
0.01953125
0.01171875
0.12402344
0.13378906
0.10156250
0.13476562
0.20996094
0.13378906
0.14160156
0.08691406
0.07714844
0.01953125
0.12402344
0.02441406
0.03515625
0.02441406
0.09936714
0.10901260
0.04361153
0.12475586
0.07392883
0.09195423
0.07751179
0.14348042
0.05759823
0.12702084
0.09856415
0.12481667
0.12655209
0.10243559
0.12489154
0.10940992
0.10252723
0.13474115
0.07564292
0.11957174
0.12461686
