2.7776136971
0.5880026035
1.2068173703
2.1587989303
2.4329663815
1.5707963268
0.0554985052
2.0736395377
0.1566018770
1.2870022176
2.3561944902
0.6435011088
1.5707963268
2.7579833332
1.5707963268
2.5743068154
0.7509290624
0.2907898541
0.3217505544
1.1592794807
2.3239476078
0.7968235499
1.7506498266
2.8243506742
1.6124389059
0.5112635429
1.5707963268
0.7853981634
2.9441970937
2.0555156568
1.5707963268
2.2550066474
1.5707963268
0.5783921916
2.8966139905
1.2191863604
1.9756881131
0.9272952180
2.2794225989
0.9025069080
2.2924511777
0.7853981634
2.2924511777
0.7853981634
2.3561944902
0.7853981634
2.2318394956
1.2309594173
0.0906598872
1.8993113618
2.8501358591
0.8478169734
2.7233683240
1.5707963268
2.7233683240
1.0516502125
2.9617391538
1.2698760924
2.5829933382
1.5707963268
0.5880026035
1.5707963268
0.7853981634
1.5707963268
2.9078494727
1.5707963268
0.3028848684
0.9536966131
1.9576720445
0.3217505544
1.3734007669
2.9741445744
1.0808390005
2.4980915448
2.7017500708
1.5707963268
1.0714496051
2.9741445744
1.2277723864
3.0010892192
0.3906070437
2.4980915448
1.4601391056
2.6994494656
1.3258176637
0.5204851452
1.2977876237
2.9335124492
1.3734007669
0.0902910924
0.2337431809
2.8198420992
1.3258176637
2.8142446680
1.4181469984
0.0902910924
1.4056476494
2.2967336240
1.6704649793
3.0516644433
0.9600703624
3.1045216800
2.9996955990
0.4779676765
0.7022569315
2.8415790051
2.7187387275
0.7935636286
1.3734007669
2.2762719376
1.2753554897
2.8496713271
2.9889433252
0.6215530849
1.4121410646
2.6875385365
0.7853981634
2.0520145814
2.8879185575
0.7610127542
0.1721908145
2.1658415267
2.3561944902
1.8457649417
1.6879050714
0.7025986450
3.0419240011
2.1049590949
0.0525830616
0.8500661104
1.5707963268
2.2142974356
1.5707963268
0.8410686706
0.0499583957
2.4502557248
1.5182132652
2.3373288042
1.6092389168
2.3480290250
1.5323537368
2.3222196333
1.6064954395
0.0000000000
1.7475051829
0.0000000000
