1.2068173703
2.1587989303
1.9347752833
0.9827937232
0.0475831033
1.7141438957
2.9361972644
1.4882210337
3.0419240011
1.9255019788
1.5707963268
0.6435011088
1.5707963268
0.5204851452
1.5707963268
2.5748634361
2.3006959849
0.9888289037
2.4370985893
1.0808390005
1.5042281630
2.5772660842
0.1973955598
2.3561944902
3.0509327664
2.2334904221
3.0702851888
0.7853981634
2.6571147246
0.7188299996
2.7468015339
0.7159043606
1.5707963268
0.5783921916
2.6571147246
0.7188299996
2.0344439358
1.1071487178
2.0344439358
0.7853981634
2.3561944902
1.1071487178
2.3365891593
0.7853981634
2.2763645045
0.7853981634
1.5152978215
2.8764895890
2.4468543774
0.3836093203
3.0509327664
2.7665507359
2.6779450446
0.2603410380
2.7367008673
1.5707963268
2.9441970937
1.2036224930
2.8430937220
1.1220729828
2.8966139905
1.5707963268
2.4805494847
1.5707963268
1.9074711462
1.5707963268
2.9764439762
1.5707963268
0.4048917863
1.5180671663
2.4805494847
1.2078276782
2.9275319700
1.5707963268
1.8157749899
2.5818145475
1.7894652727
2.7468015339
1.9138202672
1.2810446254
2.8842689386
1.7582976197
2.1471715474
2.4118649974
3.0548543149
2.0838624428
3.0509327664
1.5707963268
2.9275319700
1.4793803702
0.0384425900
0.2945154851
2.7776136971
0.5880026035
1.4940244355
1.7344800662
2.2455372690
0.2945154851
0.1973955598
1.9106332362
1.5253730474
2.6573791672
2.1587989303
0.3592976754
3.0648207623
1.6141655344
2.7509856099
0.8789993838
2.8198420992
0.6004526343
1.4601391056
0.9849049063
2.6344941492
1.0895780722
3.0509327664
1.8315615125
1.5707963268
1.0595327839
2.3036114286
0.8044027662
3.0509327664
1.8358993914
2.2896263264
0.7807619135
0.1048769387
2.3302822614
1.5707963268
2.5849933356
2.8068558163
2.4709717483
1.5707963268
0.6435011088
3.0584514217
0.7017588217
3.0916342579
0.8193730203
0.0624188100
2.1485587772
3.0916342579
0.8831250708
0.0554985052
2.3222196333
0.0587558227
2.3652183354
1.5707963268
0.0000000000
1.7359450042
0.0000000000
