1.9347752833
0.9827937232
0.3639789565
2.5535900500
3.0367157149
0.7944220086
3.0860941483
0.9703436925
3.0702851888
0.8831250708
1.5707963268
0.4990990814
1.5707963268
0.5492507182
1.5707963268
2.2733949718
2.2896263264
0.2870678585
2.3217253892
0.9272952180
1.5042281630
2.5948038127
3.0367157149
0.7853981634
2.6476512847
0.6132765184
1.5707963268
2.5632004620
2.7985687132
0.7853981634
0.0475831033
0.9856468493
1.5707963268
0.5585993153
2.7610862765
1.2924966678
1.4876550949
2.2142974356
2.1175851677
0.7853981634
2.3561944902
0.7853981634
2.3561944902
1.0303768265
2.3561944902
0.7853981634
0.1171087446
1.2352742983
0.0906598872
1.7850845651
2.6779450446
1.1722738811
2.8632929946
1.5707963268
2.8632929946
1.5019398375
2.8632929946
1.5019398375
2.4980915448
1.5707963268
0.9827937232
1.5707963268
2.1587989303
0.8410686706
2.7610862765
1.5707963268
0.4266274931
1.5707963268
1.9055331641
1.5707963268
0.6435011088
2.8801266733
0.1418970546
1.5151259538
3.0981417582
1.5707963268
2.2502101322
1.5707963268
0.5404195003
2.3318090810
1.2120256565
0.0914159566
2.2502101322
1.3400234367
1.0808390005
2.9741445744
2.7610862765
1.5707963268
0.5485494025
2.3430162334
0.0554985052
0.7913126945
2.5930432511
0.8905252780
0.1355277140
1.1282204388
0.2074962264
1.1623141092
2.7828219833
1.0706171490
2.7314653130
0.1113410143
1.6475682181
1.1421427200
0.6947382762
2.8928826645
2.1587989303
0.8197933873
3.0890095920
0.5732245326
2.7610862765
0.9111465568
1.8063413075
2.4152666261
1.8766751982
0.9643661916
1.5707963268
0.5577475034
1.7475051829
0.9386657106
1.6475682181
0.3720371742
0.0996686525
2.6269452236
1.5707963268
0.8789993838
1.5707963268
0.6435011088
1.5707963268
0.8905252780
1.6078164427
0.7022569315
1.4994888620
2.3430162334
1.4464413322
2.3222196333
1.5707963268
2.4329663815
1.6475682181
0.7483780475
1.6107750139
0.8035779785
1.5707963268
0.0000000000
1.4056476494
0.0000000000
