2.7776136971
0.5880026035
1.9347752833
0.9827937232
3.1031500636
1.2564661917
3.0584514217
0.5097695194
0.0454232794
2.3329428674
1.5707963268
2.0461668816
1.5707963268
2.4980915448
1.5707963268
2.2733949718
0.7853981634
1.2762808417
2.3561944902
0.9871931185
1.6447353645
0.4460769634
1.4758446205
2.2764751644
0.0665681638
0.9496608788
1.6704649793
0.6693286726
1.5707963268
0.6842103206
1.5707963268
0.8548919662
1.5707963268
2.5829933382
1.5707963268
0.6842103206
2.1587989303
0.8438915571
0.0384425900
0.9035238164
2.3561944902
0.7853981634
2.3561944902
0.9679250028
2.3561944902
0.6564764603
0.7437555843
1.8653118119
0.0906598872
0.4286536068
2.6779450446
0.2945154851
2.8198420992
1.5707963268
2.8198420992
1.4677147183
2.8198420992
1.4677147183
2.9441970937
1.5707963268
3.0702851888
1.5707963268
2.6011731533
1.5707963268
0.3217505544
1.5707963268
2.3561944902
3.0699193449
0.1973955598
1.7252559253
1.9416876156
3.0409163101
0.4297622791
1.5707963268
2.7149651605
1.6264666998
2.4037775935
3.0409163101
2.9229237077
1.6232348951
1.9756881131
1.2785329096
0.5070985044
3.0409163101
2.6779450446
1.1350163875
1.7359450042
2.7213398444
0.6202494860
0.4160958837
2.4061528859
0.2500054665
3.0860941483
1.6618311048
2.3561944902
0.4160958837
0.6610431689
2.9681159762
1.3370531459
0.1509208998
2.3561944902
0.4032258357
0.6610431689
2.9681159762
3.0466409472
1.7573938055
1.4141944498
2.1240063432
1.5707963268
0.8243592637
0.0665681638
0.4746333492
0.0434508954
2.2979223417
2.0503156188
1.0983540930
1.5707963268
2.1405591395
1.4940244355
2.6930112312
0.0434508954
1.0595327839
0.4266274931
2.0607536530
1.5707963268
0.9081022315
1.6092389168
0.9272952180
0.0525830616
2.3406293642
0.0399786871
2.4621788482
1.5182132652
2.3371898874
3.0961693742
1.0141970088
0.0499583957
2.4756234162
1.4994888620
0.7288547265
1.6124389059
0.9001754215
1.5707963268
0.0000000000
1.7942729279
0.0000000000
