2 3
1 1000
2 1001 1500
8 12
1 10 34 52 61 81 121 130
3 21 35 36 40 55 62 111 122 139 140 150
3 3
1 100 200
201 299 387
1 1
10
15
1 1
10
25
6 12
4 15 35 40 57 62
1 5 6 8 9 11 12 17 20 42 60 61
100 100
10 19 23 29 31 39 40 50 53 60 70 78 83 84 90 94 104 108 116 123 130 139 145 147 155 160 162 168 171 178 183 189 194 197 199 207 212 216 218 225 234 243 249 253 261 268 274 278 281 286 290 291 296 300 303 312 315 323 331 337 347 351 353 358 359 369 378 386 396 403 410 411 420 427 432 435 442 448 450 455 459 462 466 473 474 484 486 488 495 497 498 504 514 519 525 529 534 544 553 555
4 6 11 19 22 28 35 39 46 51 53 62 66 71 75 76 85 86 87 97 104 107 114 122 126 127 129 139 146 152 158 161 162 163 166 172 173 174 184 189 195 201 207 213 218 220 227 235 239 247 257 265 269 279 285 292 296 298 302 310 320 328 332 341 348 350 357 364 371 380 389 396 400 408 410 418 421 430 432 436 439 444 453 459 463 473 475 482 488 497 501 507 512 522 526 528 530 537 543 550
100 80
5 6 7 17 27 28 36 45 51 59 62 67 69 72 75 80 85 91 99 106 115 121 128 135 138 140 149 153 155 159 162 169 171 176 185 190 200 205 207 217 223 229 234 235 238 244 254 257 258 259 265 274 276 286 288 291 292 299 301 302 304 312 322 323 330 334 343 347 349 351 361 368 373 383 386 394 403 406 412 413 423 429 439 441 450 453 457 463 473 476 481 484 494 498 506 509 511 517 522 532
2 12 22 27 30 35 36 46 52 55 61 68 72 82 91 99 109 117 122 130 131 134 144 154 164 168 175 178 188 192 202 209 217 219 221 222 226 232 242 243 251 256 261 265 268 278 285 289 297 303 307 312 315 318 324 327 332 333 339 346 355 361 370 371 378 384 391 395 397 399 408 418 426 428 429 434 435 439 448 457
0 0
