100 100
10 19 23 29 31 39 40 50 53 60 70 78 83 84 90 94 104 108 116 123 130 139 145 147 155 160 162 168 171 178 183 189 194 197 199 207 212 216 218 225 234 243 249 253 261 268 274 278 281 286 290 291 296 300 303 312 315 323 331 337 347 351 353 358 359 369 378 386 396 403 410 411 420 427 432 435 442 448 450 455 459 462 466 473 474 484 486 488 495 497 498 504 514 519 525 529 534 544 553 555
4 6 11 19 22 28 35 39 46 51 53 62 66 71 75 76 85 86 87 97 104 107 114 122 126 127 129 139 146 152 158 161 162 163 166 172 173 174 184 189 195 201 207 213 218 220 227 235 239 247 257 265 269 279 285 292 296 298 302 310 320 328 332 341 348 350 357 364 371 380 389 396 400 408 410 418 421 430 432 436 439 444 453 459 463 473 475 482 488 497 501 507 512 522 526 528 530 537 543 550
100 80
5 6 7 17 27 28 36 45 51 59 62 67 69 72 75 80 85 91 99 106 115 121 128 135 138 140 149 153 155 159 162 169 171 176 185 190 200 205 207 217 223 229 234 235 238 244 254 257 258 259 265 274 276 286 288 291 292 299 301 302 304 312 322 323 330 334 343 347 349 351 361 368 373 383 386 394 403 406 412 413 423 429 439 441 450 453 457 463 473 476 481 484 494 498 506 509 511 517 522 532
2 12 22 27 30 35 36 46 52 55 61 68 72 82 91 99 109 117 122 130 131 134 144 154 164 168 175 178 188 192 202 209 217 219 221 222 226 232 242 243 251 256 261 265 268 278 285 289 297 303 307 312 315 318 324 327 332 333 339 346 355 361 370 371 378 384 391 395 397 399 408 418 426 428 429 434 435 439 448 457
70 100
6 12 18 21 30 40 46 49 58 63 72 75 80 82 87 97 99 102 106 115 124 128 136 139 145 155 161 167 173 182 186 194 203 206 215 221 226 227 229 235 237 239 248 253 261 267 277 283 284 292 302 310 320 330 332 340 348 358 365 373 379 381 389 399 405 411 418 422 429 430
10 11 21 30 33 43 53 60 69 71 73 80 89 97 105 106 116 123 130 136 138 145 149 159 161 164 171 179 186 189 190 195 199 209 219 222 225 233 242 245 248 251 257 267 274 279 280 286 296 302 306 308 313 323 324 326 331 337 342 343 353 355 359 361 371 372 377 385 389 397 406 407 413 414 424 431 438 446 449 453 461 464 471 474 484 489 492 497 503 512 517 525 532 535 540 547 550 556 565 568
100 90
2 4 14 22 27 32 38 46 52 53 62 68 69 71 81 89 97 98 106 114 121 125 129 137 145 151 153 159 166 174 176 178 179 186 196 202 210 219 223 225 232 237 246 249 257 262 269 275 281 284 291 297 303 306 315 321 329 332 333 341 344 347 351 360 366 367 376 383 386 389 394 402 408 418 423 427 437 443 449 457 459 463 471 473 481 489 492 497 499 507 511 519 527 531 533 542 552 561 568 571
2 5 14 20 23 30 40 45 52 62 66 74 75 84 93 101 107 110 111 115 119 121 123 126 131 137 144 153 155 158 160 170 180 183 193 202 206 214 216 221 223 228 236 242 246 248 250 255 260 264 270 280 283 285 295 297 301 306 315 317 324 328 333 334 340 347 356 357 360 364 369 377 381 385 389 396 401 403 405 409 414 423 431 440 449 451 453 463 473 482
20 100
7 10 15 25 26 31 36 46 47 57 67 68 70 75 78 86 88 97 100 109
5 15 25 35 38 48 56 57 67 71 77 85 95 101 110 114 123 126 134 138 147 155 164 166 171 181 187 191 200 201 211 214 218 228 238 244 254 259 264 269 273 275 285 293 301 304 310 320 321 322 324 328 333 336 338 341 350 352 361 366 373 375 380 385 391 399 400 409 416 423 425 427 433 436 444 445 455 464 473 483 492 500 501 510 517 527 528 530 536 544 547 554 560 566 569 571 579 580 589 596
0 0
