122 56.111475
868 656.857411
387 504.376007
398 293.727273
151 62.394399
865 695.795635
229 829.853242
420 233.112195
483 319.163576
355 548.338246
814 295.334650
320 1507.041916
1027 620.644625
385 1511.683019
398 528.210012
398 833.137615
878 940.020460
615 216.545175
1414 1685.537812
866 332.449193
431 298.345550
618 2288.397024
1198 1085.333333
1103 3433.909091
263 1853.323583
1063 660.431818
582 282.514286
606 1047.666667
991 1790.497226
802 570.885397
0 0.000000
1160 456.482428
843 306.546491
298 1827.870968
711 505.181818
630 952.608869
347 672.859729
445 1261.066991
1171 444.722937
455 3635.402299
132 72.741765
651 573.407115
1113 2298.329154
1155 1132.670374
921 1181.292994
987 384.251572
984 1118.557143
971 2136.836305
720 2027.173107
1210 1419.000000
1120 525.478261
312 66.538745
308 794.146426
31 0.000000
1573 1775.625209
584 1720.761290
696 1059.883362
1385 237.186962
571 513.389833
472 728.933471
17 0.000000
401 450.323953
379 261.155340
442 417.730159
299 83.259574
849 350.273041
744 3494.837545
1170 1160.363636
133 1626.842640
336 126.524590
860 1380.838810
152 3877.106250
433 2014.000000
697 1278.337196
485 170.279170
929 592.801504
160 865.025641
231 63.660900
981 560.185577
900 1153.752860
203 5199.871946
699 1023.142857
255 524.815385
85 3043.921348
816 820.741627
879 1665.840830
212 517.400000
769 1292.228659
676 2650.425532
188 200.907327
907 421.089447
420 294.073984
1141 242.654197
406 2072.409471
712 1285.732270
646 249.516929
620 964.029815
215 495.474860
469 198.852941
180 171.773987
338 757.286698
564 2993.181373
768 1192.540541
965 1314.014876
322 4465.819820
1081 1042.792524
1162 2051.431034
63 2081.870968
1123 464.826818
183 314.235918
989 1230.585714
692 1015.493671
517 147.725245
50 3006.213094
269 747.717711
612 631.777778
59 605.134328
840 591.538772
945 824.698174
189 4408.179202
126 133.395398
471 882.838601
197 2726.537698
1298 928.368698
620 2236.468085
284 304.398261
708 765.657609
671 1590.219881
518 439.380054
427 105.045034
842 1336.830091
1201 4090.785714
274 5987.968000
1304 398.465129
640 926.151538
157 42.938776
518 123.606077
1097 820.347079
840 588.318182
206 302.850627
292 690.926448
372 484.582042
795 253.434236
758 1266.464564
630 600.491188
396 1832.931818
117 4323.093023
605 660.221294
554 310.919389
433 814.036170
450 1450.749717
109 1195.981308
931 533.438596
127 990.521769
247 394.764930
387 1529.699287
183 220.798566
753 1342.519203
679 1484.411609
4 0.000000
452 1106.653155
1327 1847.319310
477 143.473251
403 109.567195
407 769.558959
273 134.066667
1067 1082.791242
1072 1536.461538
485 495.551954
556 2914.068966
644 4074.091075
512 300.008564
1213 1192.709845
471 241.160931
572 1111.374552
179 325.728814
645 654.587954
756 493.215686
1115 437.215054
410 1642.765458
306 3290.247788
251 192.932886
1060 635.544776
971 5402.324324
269 140.662678
551 160.133111
1013 1725.764205
594 528.772636
179 3696.505495
551 1062.835227
86 1258.542169
712 844.634146
829 520.654768
621 1754.192698
442 295.401547
650 356.264614
707 308.563702
1051 1642.599764
320 124.980157
592 1639.146792
499 319.858283
845 1359.082486
272 1702.800000
630 1149.041565
296 365.693069
862 714.023850
445 278.000000
1004 2831.659811
533 374.108879
869 1483.212251
984 560.321598
910 2321.082046
791 713.676315
91 79.185707
625 511.949987
992 892.057299
347 1859.343195
283 129.625374
1122 494.197080
417 161.452856
1257 2111.851852
1132 2456.022762
382 236.429329
50 1133.256410
606 136.993114
219 1704.275449
827 167.306523
692 1602.643790
782 18930.099585
1340 936.246161
670 939.520270
546 1662.743457
1244 444.784222
819 352.948207
107 417.292308
500 2449.008285
528 1219.658370
312 732.632436
1295 1256.742791
327 431.948345
508 1075.172265
626 303.370559
666 381.801749
197 71.259125
623 377.800313
620 1235.022222
80 3445.846154
1134 506.159475
1092 1144.266667
311 126.203647
1122 1562.540602
25 1326.571585
308 402.919722
145 1257.853307
760 1201.702128
241 1864.063753
335 4814.253333
581 1130.684688
1 0.000000
631 692.169809
144 2113.357955
1154 589.977716
692 911.741117
653 476.266442
934 207.120790
802 1459.777899
1061 331.575533
829 400.157895
524 1506.724498
766 817.185596
982 812.117073
209 100.134855
432 583.585781
287 134.896789
672 185.228070
150 1203.697479
962 3218.719677
472 320.175258
222 114.150198
274 2951.572783
1010 188.439024
414 1523.782689
555 692.855422
301 1857.250980
383 1140.346821
976 811.430769
368 1666.679803
46 2036.068085
746 924.956957
804 1048.065507
305 9935.808511
315 2978.666667
535 144.332130
842 2239.763158
768 498.809051
891 1236.750000
976 2291.265011
386 892.000000
948 1579.986246
585 2641.283708
274 512.052980
583 159.618211
305 221.538462
451 109.328502
348 433.936759
671 1283.358491
697 2195.755745
783 508.272197
1013 1184.527132
875 3291.909502
1239 872.993548
751 1542.608405
276 127.428191
538 419.185323
382 5428.666667
747 1227.696970
868 716.336457
980 580.233501
783 453.050678
166 341.031139
1326 902.877684
489 874.695031
447 123.495146
1073 3631.203276
744 1888.162162
823 497.700787
711 263.159091
828 1726.422360
444 3113.731481
1156 452.721047
1101 1391.558411
159 230.766355
426 295.388235
1307 690.176087
205 1492.523364
807 518.889898
772 527.610603
1309 526.118280
832 552.301261
1216 1110.662162
0 0.000000
556 896.095751
280 576.962838
359 677.112676
633 509.352273
50 76.179963
496 543.987161
308 2098.857143
614 456.593750
658 837.159259
215 200.371642
558 490.150327
382 103.558520
188 1089.448276
793 226.728856
156 83.345070
204 158.285887
782 2141.065574
1397 706.479863
634 1422.212121
170 46.036194
1072 1914.657568
416 128.017751
336 72.413422
451 286.444540
667 543.402715
278 1330.522396
850 446.065026
1252 1406.268908
954 1206.735849
889 673.705170
706 1092.744186
200 59.611350
83 13.963615
729 539.127517
291 791.383529
509 993.193548
743 692.439024
258 142.367816
678 184.405542
309 2003.449175
397 507.555556
1286 1731.956284
1152 2004.897196
542 391.720074
253 1086.163755
158 766.898333
177 271.169492
483 391.613861
409 808.484185
569 698.477366
1383 1119.897308
462 856.851485
1024 837.822430
342 331.379835
302 152.688548
754 1507.337531
776 870.326891
443 273.720117
832 638.720523
98 48.056782
807 1107.789165
691 1585.341196
530 4480.435530
534 1215.707207
166 3401.927711
392 112.941130
373 228.985673
482 285.938176
66 0.000000
341 2284.250000
409 234.408495
303 169.953488
254 1805.867925
84 5221.000000
1006 1457.581563
650 220.811042
762 759.066667
1299 1454.090864
203 325.677269
1408 650.150751
328 63.192727
364 1022.052910
495 325.867133
154 47.527311
775 1648.319760
348 508.819950
874 781.256122
544 1292.055276
1301 2235.318182
79 1603.071429
78 1311.250000
259 124.426286
410 2481.735786
895 724.603581
1317 1412.000000
472 349.600000
574 1356.120918
981 3077.634483
735 992.000000
281 253.380902
682 895.457133
1037 1120.782795
926 185.826879
561 2048.972414
503 200.104634
479 815.067532
391 884.586777
850 875.885445
330 724.572890
556 215.854839
1156 3253.034483
748 326.206186
440 846.678984
799 508.843200
550 505.855670
307 2621.656000
613 1036.047120
581 623.006601
697 1024.677089
436 353.725426
329 953.800000
639 149.320253
815 932.113475
223 954.462107
281 106.326060
229 2843.598651
71 2427.250000
780 597.339283
309 4167.443902
565 984.274554
73 1653.527638
430 296.112867
397 1244.765082
1651 661.979458
657 1000.285676
138 2551.514493
672 1413.781706
422 448.859438
447 1465.609800
487 579.450346
134 65.824268
648 606.400000
858 1248.810289
677 785.404676
768 223.559322
277 67.944444
128 71.159049
923 1109.989434
1356 3725.425982
156 63.413462
318 197.215187
1145 1080.927467
226 292.612903
777 821.047619
1038 516.188424
599 950.683386
127 261.227066
277 1716.776439
582 529.329538
268 102.988639
111 158.836723
850 2008.361125
435 570.069066
831 830.516689
141 351.157385
789 167.659590
545 400.352839
1320 1854.579998
158 1319.594752
1395 1069.228441
524 1071.632244
1082 2792.666667
1234 2012.251443
761 1638.047198
209 106.799083
1163 3498.318182
1069 273.652504
172 1954.875912
1043 1106.486726
552 906.516129
1340 434.620636
726 998.819750
342 181.858757
136 2681.040000
641 564.858885
297 145.347682
1468 705.569343
540 508.412245
299 953.360494
948 661.677966
1107 1095.768067
362 119.420195
604 254.642089
1089 2254.762753
172 492.163462
1125 828.535377
970 2053.223028
428 307.630659
487 790.841889
0 0.000000
259 1170.647747
430 249.603917
1117 676.990291
1083 402.562634
802 981.609393
429 297.198841
472 607.555556
167 1753.100000
976 821.943396
457 1685.772132
136 1830.578947
1335 806.756352
719 153.500000
709 271.099678
154 919.850467
246 109.413111
380 1191.968750
1033 799.675212
1092 594.704505
697 857.120000
1210 292.958989
1350 758.003798
1055 1843.104000
450 626.642412
1182 1185.053097
84 2871.754386
869 4125.263158
571 1079.395918
1297 1083.428279
1007 2526.109677
515 2886.106195
131 77.270833
247 85.213206
1087 1427.443299
776 1064.094241
840 414.081553
453 1746.803794
690 357.727131
765 524.173913
719 1092.587719
925 634.311111
780 184.379314
1071 492.624190
291 220.051342
206 167.483084
1047 797.600217
1414 2094.989530
931 1062.990888
860 1878.134454
1034 566.931839
1496 2600.804124
600 2349.356201
870 797.363636
497 750.577646
1092 1723.449412
900 801.913140
1228 272.859220
949 376.212418
531 218.851485
214 1019.720779
1166 649.004623
324 400.860759
256 294.071062
1305 1118.508621
1181 1665.750000
235 72.497433
753 602.146361
1215 3870.390651
483 520.723394
225 3407.769231
847 404.275641
1159 1153.993208
925 478.491018
370 146.160381
884 160.431984
1099 1594.560000
991 2350.116908
396 189.798233
564 462.146312
78 2612.301370
44 852.526316
385 527.173687
604 272.718367
157 5272.113667
771 701.899828
1213 1583.606218
578 2414.522727
780 576.713856
1372 1015.258630
884 1439.333333
367 340.080836
209 1018.374165
84 3992.602410
284 154.318633
521 1792.000000
1150 1907.549688
1051 1764.264824
1000 1053.821863
489 1603.280148
342 4496.967115
802 405.340314
246 2970.526316
0 0.000000
769 320.231353
946 722.597015
260 558.882353
721 581.008551
203 90.700787
300 950.382755
520 471.479638
770 909.176832
444 2039.153846
412 641.417933
460 973.377913
512 1841.417910
365 1005.447595
1253 936.082192
463 2115.500000
69 1753.530726
865 1178.007813
811 1535.549669
779 1620.363636
648 1845.162791
996 1508.948487
786 683.608333
345 101.033738
743 1392.709641
713 1489.018456
376 885.018519
1093 1170.608247
567 342.896266
905 1792.000000
161 66.987124
929 476.969496
783 573.167082
376 2079.831697
254 921.720930
261 618.774691
506 960.129577
420 143.831874
455 730.562162
1396 585.091691
1085 844.595823
1088 1425.232727
630 994.572973
1174 805.465779
299 162.845254
618 608.291971
646 1664.129032
75 0.000000
289 121.863636
471 1337.028302
534 274.440433
1192 399.866830
549 561.945946
238 88.993684
665 266.154683
687 3142.615385
787 816.053631
81 822.615385
764 662.407932
419 343.443886
265 387.939759
1028 523.345181
338 136.734694
618 536.538739
1190 886.613497
434 240.133803
274 149.475285
1388 307.426854
466 233.009569
741 822.915493
249 666.338870
355 84.409594
672 477.714286
732 575.342857
1081 744.581197
763 658.407090
337 3876.285714
255 314.180035
105 712.124620
466 1655.265060
89 364.375691
304 56.697368
1272 1152.915869
1377 1736.315077
1181 1447.950000
567 1937.431736
443 634.323731
414 367.654297
191 1142.162525
632 370.496302
421 232.048913
156 3666.964744
702 498.692430
589 623.831513
647 776.572491
1167 798.594828
937 433.979684
185 61.653666
375 240.989691
880 196.290248
811 1831.105551
397 504.712871
242 129.821352
536 783.265060
1377 759.521583
506 1122.685279
124 608.847716
814 2267.930551
854 1940.998463
979 929.919075
724 221.142467
499 1025.624595
0 0.000000
529 3627.293884
912 1369.790681
513 251.068568
700 397.748485
558 4442.868364
178 105.025237
688 1084.957746
467 249.812689
268 241.791667
654 2152.201613
196 398.939857
235 449.909425
617 545.597633
764 1399.488024
230 1134.297094
614 239.684708
1006 354.382910
1197 1927.613665
598 621.493282
852 1085.561320
886 1511.460674
485 485.512924
1530 974.235294
214 138.098361
318 540.478947
366 287.771091
295 189.053830
408 413.714110
179 2330.100309
1303 1502.474188
1122 737.698998
90 167.594262
1238 649.178744
435 327.537234
862 1164.249469
1271 1058.606742
594 509.290735
83 34.335878
402 312.340875
656 2079.933114
429 1479.349911
230 1924.027586
422 3721.283705
371 101.877863
226 1984.453469
1245 1205.604445
490 1913.567878
358 161.133333
179 604.478648
660 1787.102586
537 1786.764706
454 1236.721103
1228 1558.559006
220 489.083969
662 746.193940
494 1670.012876
274 776.547170
276 56.094289
375 381.676467
849 1687.600000
225 2244.808054
916 3653.027782
428 194.067441
320 1484.620192
378 1164.774674
871 1376.836679
1153 1323.333456
850 1493.881013
805 421.844340
749 1519.618146
872 844.293588
875 820.637650
571 362.164162
777 354.346444
743 1160.831744
421 237.771949
1444 336.512619
563 409.514102
718 585.599097
426 242.752475
564 1771.862191
720 446.221858
102 144.232416
65 233.535411
527 70.483271
801 1825.842634
423 376.027778
531 884.071021
998 1148.151586
543 540.080132
525 139.387303
455 281.516412
231 71.277105
1059 1764.605042
543 268.264074
420 774.016000
467 225.361257
528 413.209139
364 1675.116147
624 395.237762
1123 357.637574
478 1043.683989
713 1491.803279
408 315.174999
380 1304.017437
807 1100.358007
596 1436.244186
622 1643.219823
623 592.336077
632 538.146341
550 656.972734
905 1170.580429
524 1169.636194
384 461.434134
843 1658.172840
719 376.612980
438 151.620000
1044 1723.131148
1124 1523.354478
533 1540.997064
376 1759.469397
904 1517.139241
336 1015.935897
564 194.707011
1509 1683.890935
404 903.922030
810 299.434555
917 1071.721180
714 2826.325575
661 1542.000000
1103 1791.875000
108 139.887344
817 3494.075472
82 130.446809
149 419.247084
167 2348.370813
607 1026.233945
285 458.248691
646 1235.529040
549 651.302942
1057 932.674419
413 231.808081
395 95.077121
1010 594.860872
1192 3022.544118
687 363.487630
957 1032.371134
1299 1140.907097
326 130.416667
1248 1188.142503
202 1051.879920
796 815.781666
690 1263.285714
631 1042.817943
192 122.951139
689 569.063492
573 2050.172414
115 730.183673
344 795.291080
541 2174.393528
303 377.081221
317 103.828793
692 419.972727
657 274.039955
695 820.972076
1181 334.835469
122 218.188679
346 1141.357394
641 402.537697
755 1328.476999
673 997.612648
1030 617.377834
1072 777.431207
923 1474.725228
854 1976.358362
364 199.050467
639 1378.112221
430 437.569935
910 1611.986139
448 700.919334
1065 1265.457207
449 10248.000000
586 656.477523
748 1653.062903
214 70.243394
398 528.922156
635 610.977675
792 1517.702044
558 777.358025
149 1947.508772
355 336.861284
217 5288.683788
746 1040.872340
700 1646.200525
546 391.437311
699 622.915026
143 2190.593484
973 2189.895252
344 127.808065
893 3087.565217
159 128.887588
112 1451.800000
841 1654.877193
539 526.029148
4 0.000000
608 325.767940
1069 679.520906
220 847.796800
436 976.934030
593 719.177354
248 99.236422
522 604.583396
190 1606.043336
1215 294.647059
945 794.663227
25 5195.407507
407 1159.099607
246 247.164179
133 50.437410
175 34.011735
388 193.279279
559 10061.375619
593 1032.907028
1205 1503.348837
549 273.206086
684 2198.727273
110 40.157546
727 1417.053892
1027 519.740988
446 227.168233
721 2461.388889
803 775.605917
412 1264.540541
162 724.592411
339 1045.630769
192 234.112903
612 656.773790
914 1603.917695
639 622.000000
278 55.166404
930 294.674286
1303 747.933780
514 575.785714
155 539.122939
