618 344.830769
205 113.317237
367 2924.086809
1239 683.332306
195 111.263909
197 43.154472
467 169.008595
1092 960.052288
339 1440.792007
276 1804.490637
132 2336.600000
990 1088.551867
420 783.622525
960 700.033106
473 302.552668
546 192.599898
662 109.395095
1120 950.846253
316 1564.123077
345 983.209016
223 1905.214106
92 1463.893855
262 162.396825
533 1522.845272
1130 2069.787842
193 464.735516
540 1018.471154
704 334.582617
445 863.118110
993 404.479245
205 1150.026798
1039 996.404276
792 1177.052913
738 1830.963417
287 826.755830
1043 1061.822235
787 376.884832
194 1677.565000
149 1327.500966
699 1283.378866
276 1933.189394
1005 1224.000000
1222 582.834927
702 7216.695994
323 255.751470
797 905.555556
24 0.000000
1049 1551.388140
787 1080.173121
947 1587.643564
737 218.580835
278 91.915836
203 93.007568
805 2537.629947
1334 3343.285714
618 732.661686
285 118.867330
711 6770.607786
482 1546.993289
965 711.574365
370 448.864440
1025 979.720930
301 1104.921626
446 122.204969
35 28.273839
728 1001.495480
505 1351.956522
750 837.849673
884 1559.193548
381 682.196918
589 867.682603
613 531.189189
383 325.015018
471 1980.147884
230 83.469399
666 1783.428571
59 1219.831522
302 402.309148
1129 459.035001
584 737.025860
731 835.174184
1379 2313.007752
980 596.478176
267 133.367183
1270 1051.554182
446 1953.845800
497 405.889610
704 359.051282
926 262.992521
320 1312.467626
1337 1884.790541
820 1438.565217
693 2941.373650
576 425.892857
350 439.122093
557 1719.458937
815 2605.327789
368 635.000000
196 1066.278284
582 1089.686316
89 1068.796875
918 786.506372
230 21662.987552
452 372.339623
661 454.000000
320 2123.250409
1308 1576.372549
1433 1569.860494
291 882.193382
1024 766.316705
34 422.510730
577 806.559471
213 173.922006
306 220.822769
541 221.350993
831 1605.133431
129 1310.769231
1029 3538.568615
100 39.002691
237 2630.011029
717 612.105882
669 7972.500000
736 826.497854
280 806.195291
1336 508.580616
962 1241.586441
130 730.468908
108 351.084112
151 290.400000
344 157.379310
1074 606.592000
1010 358.143317
450 696.750000
140 3410.869307
601 338.981830
412 149.833221
820 762.710983
1214 5977.607143
783 1303.784114
537 177.806835
609 3595.186158
482 2019.253330
1146 1346.528858
102 1553.687861
288 428.182248
1017 1632.666667
606 3791.551515
478 1268.191011
1021 557.675172
488 124.673748
1306 895.135135
485 485.529412
779 1382.681818
555 1656.654714
818 1119.799169
480 327.084906
203 101.069767
601 1042.049383
1204 771.000000
935 687.910509
880 688.724546
493 365.207692
55 3746.478261
239 698.136631
866 2150.459963
299 92.152816
548 359.529534
976 910.613987
781 1258.060344
930 465.198556
1003 701.009963
485 2003.841096
412 338.250000
390 483.082251
695 219.251928
219 291.465409
500 1841.992963
595 266.509379
1112 988.134557
1442 613.558290
565 1074.562500
703 582.585127
878 678.058659
402 377.763838
1141 1681.882353
292 156.731106
1077 516.289855
589 2304.690909
233 793.925170
652 441.039057
558 1685.195876
699 4169.218188
734 353.406593
241 1617.015912
565 141.561822
532 478.723677
1245 1236.937970
386 1806.265321
919 1396.760972
664 2115.906746
211 1677.705036
303 250.486486
1160 906.129883
1024 1599.197368
657 532.859046
762 330.827878
190 4068.000000
435 695.571429
480 135.058518
1036 1335.451613
636 4098.151163
674 770.686813
299 157.528455
631 156.312059
687 2243.220698
917 448.528011
1166 876.650602
718 341.355029
510 464.291262
558 474.763827
365 1912.393801
412 320.884120
94 60.894330
444 1987.834646
576 434.613132
590 296.616246
170 100.385347
380 260.236842
715 946.505378
1043 2842.776932
1054 1068.885463
811 887.851163
86 374.378788
316 172.430046
464 1734.547945
604 555.916986
688 275.590569
1060 544.264957
516 594.678465
269 168.056222
286 297.810064
971 794.881988
975 4624.691828
865 516.416000
386 1550.429293
994 266.301687
532 270.594415
326 636.508326
914 772.125373
823 1137.430998
1096 811.137255
357 112.471012
1030 2233.731701
731 454.637394
481 1682.053917
382 288.444056
416 112.796610
945 988.312022
568 1600.423729
517 526.725806
317 346.682060
386 88.185996
623 298.867550
768 1897.158683
544 1179.493485
703 368.573363
295 2654.519246
44 96.738148
589 795.925246
403 828.576981
793 2048.621053
998 1200.526316
443 723.869048
416 109.095890
995 1666.019048
402 293.436720
1164 4380.300000
510 73.262195
273 90.603183
251 487.201685
483 307.836735
446 316.386076
911 1484.954887
113 368.441065
327 96.088404
619 1173.600000
195 2407.962466
453 162.973890
425 199.062462
447 125.564605
127 2917.641791
383 347.744355
705 2158.907895
1285 479.112517
1010 597.681319
1154 1921.097189
543 1336.964793
767 319.806818
842 3588.247598
1324 1521.104542
395 172.843012
140 1629.754601
823 444.487805
277 1153.861194
90 43.856946
703 645.025848
959 460.898863
748 830.221667
539 954.932945
145 2484.000000
824 350.776119
528 218.359596
341 819.161435
548 472.216561
848 1033.259259
541 471.126214
568 1005.866002
588 542.345285
374 741.068493
1287 1284.455414
1005 1658.333333
511 21867.000000
441 2028.562500
213 2032.809816
323 475.376923
313 99.760751
628 533.964777
638 340.653798
687 598.663082
339 201.652042
805 1641.478200
96 2604.413793
475 223.276336
139 624.077075
637 723.754391
553 982.974277
1333 739.119760
140 240.860759
483 486.834951
682 1416.141190
961 1909.873786
321 568.166578
349 605.875322
419 198.588571
637 1396.782609
769 435.594013
610 1936.959206
372 164.215121
426 1244.698413
214 88.427948
227 2411.488333
158 99.438202
1181 3103.923077
1176 685.560589
726 869.386740
493 280.002637
867 3324.489796
688 533.382166
535 551.927472
509 931.680556
370 239.183432
862 1082.952703
547 3114.000000
152 356.160714
176 1355.960526
847 731.642222
518 1278.433421
46 3692.894737
585 777.996071
256 1035.950413
818 607.053254
1333 1827.500000
113 70.260304
288 99.342817
332 217.893735
941 910.644317
914 2599.770597
505 299.933434
630 1171.028269
87 2319.073394
282 2057.368421
1045 1141.170129
759 1085.409919
282 64.209677
916 1078.191618
894 275.673448
869 400.063660
245 206.863203
280 71.525714
1070 1273.830066
853 1087.988164
681 459.651568
956 64880.000000
1058 792.760684
419 164.839080
474 1802.292683
346 75.551919
1338 1817.250609
1148 963.607330
376 524.963832
250 142.299786
96 5912.007018
418 195.811011
601 470.400000
252 350.572152
945 758.199396
854 1437.076923
557 425.859092
837 438.225126
214 1214.594818
705 463.268583
814 3697.281725
724 951.695384
377 940.952500
1489 1148.752998
303 4504.825485
462 587.578424
516 1780.589255
690 285.033416
602 229.862944
1265 1411.179413
702 2606.177003
369 192.880568
723 886.653846
525 1933.021387
276 68.744745
715 1935.583333
912 281.237374
642 1016.071937
1144 1034.938773
412 3211.750333
156 491.571046
1032 931.684211
402 1391.491839
662 517.711340
237 1818.650775
789 1146.184549
270 49.406422
1091 823.968750
278 80.518152
737 695.549425
1226 2198.941093
292 877.471395
227 633.120235
1067 1542.951111
517 345.777778
632 381.274238
807 1484.253776
259 1385.159091
687 558.781632
608 1741.434509
301 2977.085714
168 4199.752585
460 988.634529
510 661.141338
604 638.630683
605 1398.049740
1196 1975.343815
1077 501.945826
602 1676.357081
644 1498.153846
971 393.546791
849 1837.157895
597 1175.774858
626 319.536723
431 783.749081
282 81.097977
647 74.770398
395 112.379773
307 88.419062
665 880.554502
1490 920.425071
586 799.844402
150 362.755162
720 3246.787368
212 946.224490
647 286.763636
240 2367.254717
131 115.951923
465 530.310204
956 1276.565657
1064 914.494818
268 115.442248
799 1147.498099
657 787.741538
490 1309.330097
832 2013.117125
351 610.861012
935 1157.257143
690 253.244170
249 417.695430
142 136.190000
713 221.888143
669 840.468790
544 3091.360000
634 1342.906606
894 2613.128440
355 81.889813
1294 851.968085
45 0.000000
278 111.383249
1339 761.414552
477 383.159841
964 446.058076
627 1064.527435
620 3359.049180
1158 620.350000
707 2128.259976
466 1337.344869
156 881.478873
672 1202.427984
330 235.053157
808 265.917012
977 2280.585714
407 1148.506394
700 1819.539823
430 190.064839
503 248.097788
169 668.368121
661 933.977701
198 4342.824818
953 445.166667
181 1461.932961
1066 2958.935821
72 50.767010
465 209.942149
287 4661.000000
886 449.604290
216 82.453390
910 906.409266
501 81.689266
569 319.385366
1030 795.277778
285 439.205078
49 414.606316
887 307.944215
902 357.475806
437 167.883677
682 794.686695
835 230.347888
913 410.056250
1020 732.711261
1288 998.765129
1118 669.021819
1103 787.987863
483 142.959230
396 260.431739
372 50.853899
417 1753.022951
205 82.260163
283 3083.271583
367 165.625000
219 113.461235
426 333.868735
97 909.593333
0 0.000000
753 1307.537611
645 233.641940
1306 714.834306
1118 383.510138
587 1814.614458
397 290.484076
708 2768.997643
197 1513.185542
602 526.987435
252 949.159836
386 261.078652
230 111.759292
298 934.683955
507 162.837383
1231 710.946524
263 575.323498
646 564.216216
483 371.237201
1113 1722.265836
665 6110.801435
654 1158.823529
840 313.059908
773 1772.428571
547 1983.614660
137 171.767810
597 242.141593
947 1429.857909
25 851.056818
741 530.320197
355 1207.867133
847 946.650158
536 1798.123288
422 354.600719
704 256.704409
152 45.496447
537 1454.904700
0 0.000000
1152 1017.853707
621 883.839286
438 527.245553
491 422.744671
837 1179.106675
651 2514.695652
138 265.016000
1363 916.050000
1100 573.005315
979 1460.057789
416 1744.244444
54 1290.344560
379 2928.394495
204 64.772349
743 1475.215859
718 1030.951456
1168 1137.029690
590 202.263250
289 107.800000
694 504.010811
591 1438.536088
541 1283.575140
313 143.610245
1191 1594.131265
124 832.960000
278 1364.058642
220 1438.444289
1301 800.092105
78 38.935028
237 1590.646154
1312 4520.285714
536 141.208909
1119 1293.385421
82 18.335354
289 72.851927
1228 1309.365067
459 192.640000
77 0.000000
108 5365.392749
734 1693.633333
384 212.035067
805 506.706422
830 1720.280443
1000 1173.244211
0 0.000000
1563 1683.114190
189 461.613333
961 662.021556
1369 700.188882
741 714.071661
215 308.513514
642 2899.922156
411 1188.647268
937 575.196096
374 1481.620690
1135 615.316365
673 379.015303
348 283.794299
1045 308.675718
520 5228.800000
530 113.208717
566 194.637895
1380 1686.239186
297 123.762492
1208 446.657208
458 313.557895
1067 1123.127015
0 0.000000
386 203.305959
179 636.500000
436 359.863760
316 174.303550
812 354.328152
643 433.827773
325 1348.333333
886 391.455814
416 278.285714
380 231.504117
1237 640.317733
269 1773.571059
589 940.817778
848 1007.666667
1448 370.200130
687 1146.498906
124 310.978934
111 39.261228
322 1781.025641
294 479.483871
1233 3134.834211
228 1284.043274
204 101.585952
476 255.573477
604 1492.679548
393 3964.088763
179 203.086765
1025 2877.090698
90 50.066349
427 207.811892
95 318.442748
720 2547.925602
300 1211.515284
85 399.693548
109 42.497758
589 824.978261
779 701.750870
111 188.212500
35 967.694444
750 1958.664038
855 232.553857
592 228.296998
694 584.001919
88 2295.466667
922 2423.733846
956 476.880667
686 294.756371
782 1025.165422
133 1811.444444
529 268.814198
1396 2063.666667
1439 2006.508508
52 0.000000
365 1520.767442
469 807.463113
238 337.041237
364 407.209581
90 721.849315
367 281.416653
280 494.299270
237 379.555556
520 243.285714
505 899.965649
613 291.457447
812 225.106678
409 1214.949955
482 2083.550725
956 642.321203
87 47.202279
1342 888.521198
443 191.167906
847 462.625000
609 756.282292
261 2259.834411
949 1231.030071
1152 1172.132663
487 461.417323
455 1695.261614
724 779.486339
1007 818.767442
1029 1487.448718
571 345.127215
472 542.564315
255 1170.861716
98 44.047084
142 4987.371728
385 2728.342105
751 185.862205
864 1067.825279
454 404.891656
1663 1050.573913
1096 1040.520548
772 277.819214
423 728.391061
1279 476.628057
823 442.705882
403 552.895944
754 609.893878
494 518.220000
1226 1427.354032
60 1930.360656
786 1130.811321
792 188.700834
464 3090.500000
892 698.489922
720 1390.769231
462 1297.581503
898 539.393939
1143 1660.069403
465 121.196995
601 548.131868
279 295.193542
414 691.279804
1488 480.556169
553 1340.540000
632 1530.535610
321 210.867448
497 451.557143
342 124.019481
717 927.391459
851 838.756630
647 436.042465
541 680.084034
1261 488.666667
387 283.686520
384 337.070900
415 1472.500357
341 157.259768
188 105.262658
598 335.122951
701 427.390226
417 1293.389927
601 2134.088576
1393 2004.443434
393 387.280374
828 722.986170
404 307.312150
1066 1962.344546
381 112.703783
360 108.875000
494 2168.301556
66 2389.759036
813 773.544304
389 350.558140
848 927.734926
793 759.019577
419 480.096386
454 195.392427
632 1316.000000
220 335.965775
1278 3339.764361
962 647.884793
1029 2663.018545
432 1241.741273
348 165.979290
355 282.881682
340 189.423077
558 1531.172451
674 288.617021
176 1549.714744
520 326.962963
786 556.898119
318 242.697936
288 309.078431
1257 449.592233
160 365.396846
1147 1273.911504
141 282.059259
1141 430.302721
889 551.727660
72 38.007523
489 1911.168000
1071 803.356721
621 1354.583333
146 1138.500000
967 1109.720600
284 861.680544
168 659.358491
1019 1028.862275
517 1960.881356
998 2714.805195
1547 756.584025
230 126.174699
331 1215.587302
246 2048.878465
414 140.690120
993 416.243951
611 137.717799
325 478.077632
466 3495.383852
892 1769.000000
512 196.820065
835 673.578947
229 339.852174
957 346.184319
914 1835.324460
9 0.000000
518 513.762195
275 1275.514682
933 532.675862
974 1020.396963
443 262.600423
1295 1397.534787
561 1679.595918
586 1010.644068
1103 1477.823171
801 4004.674886
48 45.977252
1048 1767.259422
396 343.735207
171 603.919568
182 75.505769
628 1273.185401
741 990.427807
604 305.042657
793 126.735206
1226 601.516781
515 1216.666667
330 124.286425
656 1947.255487
408 364.885880
225 257.411765
223 963.540691
1082 737.922483
598 853.848606
1198 2178.817857
402 395.140657
907 985.700000
592 822.421338
239 98.637523
709 512.486034
355 828.030192
635 550.230225
780 706.150852
801 1916.170148
374 424.445927
584 888.827586
662 304.778857
449 1706.739130
695 704.263432
486 267.647349
274 768.409091
290 182.470990
262 56.693151
381 464.880597
928 550.482417
623 1392.014898
686 239.655172
628 2140.172637
747 440.037404
1158 513.385189
542 1854.291121
192 2138.075342
238 1843.734597
574 287.772926
363 664.579789
673 1620.792697
657 876.560773
468 723.683914
622 360.507227
6 0.000000
605 2051.276946
622 875.208170
148 85.584541
1148 671.285714
484 1322.948723
723 1511.334004
689 1444.341440
811 1014.864765
1356 2055.007916
728 1557.811594
173 2128.094273
745 2406.315343
855 419.613308
1216 727.806795
181 2081.913043
427 233.002066
744 185.829150
448 1580.073226
293 3234.571429
315 383.801205
262 4756.651160
513 431.904762
794 604.882401
762 863.049790
80 2937.230769
552 485.090547
344 3420.514625
828 1065.419355
260 178.415077
234 2561.927339
612 785.000568
635 218.553658
158 600.996466
1286 1356.646530
275 785.757212
643 1568.405929
925 2428.397815
342 114.966443
541 2780.789374
449 310.771121
720 1182.724771
628 701.322196
769 453.223723
1226 915.289231
548 1450.433551
227 71.660305
895 310.819202
552 822.772915
461 126.632258
643 712.304632
88 308.106667
227 102.775362
847 1124.187253
885 2813.953237
461 96.673978
952 963.236806
941 2943.315240
475 691.259143
253 45.973929
82 859.449000
569 251.272046
872 452.350081
754 2207.278059
479 1499.060781
530 789.376543
673 547.160685
1138 261.333333
307 132.510927
792 1887.727754
368 105.107889
0 0.000000
638 953.875000
654 305.278766
256 999.232472
266 650.217391
662 287.545190
470 2724.210450
426 999.038366
