927 287.252435
202 1623.336842
331 2167.414252
538 1760.243902
865 702.004753
378 125.180277
913 1366.726220
164 329.616306
798 1456.777778
0 0.000000
1515 1007.738532
721 1186.109890
756 1733.545455
831 870.698819
14 2358.739130
125 96.378557
393 269.526627
524 698.817723
1038 831.475949
1161 1505.088235
1127 2819.812500
214 54.774964
866 1253.466113
1535 3678.225806
404 775.906394
1278 1243.354430
820 703.383399
1439 3512.246862
615 418.722527
653 800.259876
125 3101.873990
487 3097.878205
774 330.187982
799 2515.389988
174 2423.760000
443 1599.200000
530 1218.945652
676 3937.520000
886 2190.567164
830 1939.502591
220 3079.140187
1228 1844.333333
945 2680.268293
474 621.457243
60 833.926829
446 272.585598
442 303.812962
1092 747.166431
471 3283.072464
746 971.857143
1145 643.577045
93 1825.905719
839 1067.964602
327 78.972467
551 1073.533115
944 204.362682
735 2514.250000
754 640.465938
701 686.731544
521 127.921085
963 1068.623656
547 812.354763
438 103.530612
1141 449.841855
904 1340.227517
1031 525.818317
358 107.142793
775 778.078086
838 226.203501
393 1183.215735
866 471.378942
599 622.661108
576 3474.193146
200 273.182979
564 1265.217074
583 780.911950
105 398.668407
789 2004.925714
393 572.239356
457 1019.400000
488 1701.946524
646 301.487805
753 497.898780
1071 541.228530
923 865.939954
212 253.107981
667 488.068966
496 1710.721376
176 1120.808031
786 260.007571
299 567.991543
820 521.858974
419 1239.750336
577 390.263889
23 0.000000
213 926.048433
561 617.220310
1628 474.846154
534 435.083333
570 937.789474
1177 611.749403
916 2552.775589
689 507.415663
1110 3071.134238
450 914.666667
817 808.779339
637 673.974729
401 105.062500
84 17.379038
1076 1121.006757
764 639.793846
394 558.443350
604 739.342105
25 3803.428571
101 1413.576923
763 1234.631933
0 0.000000
210 1166.355372
977 641.033210
675 5544.447937
251 152.977099
99 3688.676329
1323 1160.449041
558 169.000000
245 2388.757009
828 585.023891
1128 825.649165
858 1860.910714
273 736.557895
498 436.897878
74 17.436573
1034 532.720721
741 404.595445
618 1217.471014
114 155.961378
1058 151.329908
145 50.391492
920 2691.285714
757 1602.023423
265 3364.218182
207 1163.836852
874 680.571739
593 511.931373
301 163.614916
0 0.000000
149 3841.456673
345 1456.803763
1000 1739.220588
1193 778.985710
544 1873.547543
779 392.254391
724 771.776824
547 1069.679245
989 865.348571
811 1179.315568
860 740.888199
1001 685.081081
557 473.296369
453 3244.813688
573 282.657025
167 1451.381643
556 352.820513
69 45.571970
362 2670.713636
1095 963.428571
462 1530.329981
224 70.964286
761 316.670531
356 283.353285
1086 303.144367
1100 1258.203281
903 862.220267
669 940.396775
477 4459.084181
287 1396.008942
795 1126.651163
851 4618.250000
1119 432.094558
84 880.688525
768 1469.640777
595 667.175573
285 289.794974
1245 16188.497670
634 490.667494
1051 989.555701
206 387.268268
279 1605.818229
412 1089.583102
0 0.000000
1129 1291.945261
656 596.762002
603 547.443222
247 4581.983607
1068 604.720827
266 117.651867
697 810.296296
117 351.745006
1671 1541.136046
1267 1332.313043
787 565.785892
940 493.275758
574 853.636364
709 1897.774035
480 1569.116279
542 785.589041
699 407.124844
1015 344.716389
1040 4437.626954
314 1081.885350
656 2144.756098
518 263.992183
867 358.111111
359 975.127916
273 67.594354
409 542.684045
1508 762.077922
71 833.109859
1086 309.912405
1035 1130.020408
606 1003.846330
1195 1886.063103
223 696.172608
127 460.243243
74 3293.979367
597 334.886966
429 272.762402
119 112.977351
337 2775.606557
996 985.948148
577 1608.644951
859 993.805096
1103 858.603498
233 67.078258
441 251.241379
700 1087.817079
308 3632.637500
960 432.861163
6 37.618451
1159 254.858435
597 620.491906
176 74.884615
169 777.839286
1259 1318.368217
360 629.647355
368 108.077193
382 286.164948
190 119.385098
664 644.903635
638 344.333333
439 1552.404494
372 398.153846
945 1948.048780
163 644.043478
801 711.928868
1510 1558.977310
150 42.432432
418 181.509271
319 3422.706897
451 436.840689
713 2206.978495
813 912.317757
580 1069.263912
1074 453.502594
395 1183.848684
344 365.456271
693 708.430875
1223 498.550523
830 656.582938
1382 1067.880000
277 732.182423
669 165.653115
138 106.836059
1351 1106.224511
651 1416.783206
118 2415.447368
1169 1960.390774
703 4315.677966
83 348.828532
937 2887.647059
510 984.164706
885 197.096100
608 214.497409
109 30.269456
500 869.319626
829 944.486756
1018 3847.064000
673 920.722097
102 836.842697
893 1353.538462
641 1352.800000
556 520.567766
172 394.263314
1009 921.433518
760 381.535714
186 853.310559
482 300.820069
585 1517.510345
1313 1221.703460
575 4764.153380
982 681.617532
669 1359.547775
443 224.554307
642 887.560652
792 691.371168
367 597.236994
123 1233.713355
318 128.558824
440 320.042186
504 1150.224227
323 2079.136687
632 980.174603
272 111.419708
153 439.178404
390 185.433692
1226 1324.529412
582 613.508197
1096 1506.382199
744 1026.960190
555 470.901331
18 0.000000
1117 491.487524
70 184.666667
770 708.412698
54 338.867043
472 269.706625
1443 631.528479
1072 1012.425025
580 965.600469
981 1389.793269
109 452.385882
209 293.640625
621 1023.820433
656 775.687500
416 183.475361
884 507.104478
558 633.116860
440 1616.198783
820 914.896030
186 43.806239
608 189.795918
287 329.625239
548 584.445021
654 2826.764901
564 765.120000
460 2564.939130
771 793.680362
223 4214.557377
766 785.087719
422 234.034682
959 6112.062500
1443 1345.500000
1195 304.784066
371 207.066587
570 370.571429
1256 541.921638
548 475.206897
0 0.000000
755 301.074762
79 998.915529
70 1670.695652
235 1882.830645
680 620.755245
688 1849.520684
427 741.158703
533 2274.776143
753 2227.730337
558 1402.301370
517 1699.763659
943 1082.847109
871 294.150293
1051 2370.410714
69 1712.496861
583 463.012301
672 2355.224173
308 127.163080
586 835.742331
23 0.000000
976 2021.964088
697 708.945205
447 142.974790
774 2586.738318
761 569.448663
272 500.814750
0 0.000000
29 31.334572
647 963.099256
853 216.348531
369 191.498484
607 282.151088
1038 2700.694678
671 290.207092
37 4450.813187
472 2511.774902
661 2937.866298
1046 977.138062
546 3837.512195
691 625.140496
504 263.579467
477 347.197861
584 141.076777
720 1046.902693
72 785.611111
261 1283.910878
935 939.297821
177 859.376344
680 1149.197064
997 951.925424
41 805.322314
338 3355.587692
1247 377.903226
636 1346.569745
226 250.975430
405 1758.139265
1097 797.142851
295 1032.666667
173 1114.000000
317 141.198348
158 75.992016
216 129.247996
1011 1575.965174
350 115.998620
1053 1463.868878
625 520.429825
580 181.333333
241 219.563555
405 972.865672
509 1235.431595
225 1158.516624
469 113.546667
726 1033.548080
557 811.175182
915 473.058824
402 187.082786
693 2821.130435
402 1151.429059
1201 47391.676093
110 1081.561346
219 23.710468
885 797.047337
846 723.468978
804 434.257143
829 632.801676
551 1128.077047
542 554.057879
462 639.740964
327 2702.624390
448 330.591235
277 171.769051
140 108.889973
1109 541.469738
586 1948.021739
573 187.218696
367 2114.021505
564 1215.271242
716 637.711230
267 141.870504
229 87.180328
903 229.465116
358 2376.651163
224 1215.323392
464 237.097561
1492 6582.430108
1328 487.122998
377 18682.000000
1050 1192.382716
901 983.168086
400 265.100890
218 66.776843
402 529.747788
1222 1095.351351
113 1164.059347
365 82.133900
481 356.988124
99 875.813433
429 88.738462
1003 534.425532
1028 614.060760
731 2607.076161
158 2407.643939
997 900.376372
440 3458.728972
669 3502.671088
1011 863.939055
1075 508.709091
405 77.278013
858 1810.571429
618 1273.048579
31 1267.375094
520 405.388478
50 0.000000
767 240.038168
635 280.585366
194 1637.634366
1104 2022.873239
212 742.755682
643 361.549669
149 252.000000
755 1011.644595
1056 1111.140266
409 216.732066
337 1310.831650
84 67.984260
1294 1652.866903
26 0.000000
772 1279.384021
565 261.517032
557 1564.600000
425 142.704991
277 690.444712
136 316.571429
1340 3858.769231
791 3529.666667
978 1739.161585
113 486.143791
229 3853.362162
391 1333.992096
933 1367.632278
636 1110.547135
878 352.430366
632 1935.914323
1455 977.954662
264 573.546453
606 1649.178808
347 326.360063
653 1083.311205
206 114.734066
204 190.347594
1027 830.000000
172 544.250000
1318 4519.693280
903 703.681034
262 196.878049
320 80.550943
289 773.110769
362 1393.504202
45 1846.561798
872 1452.444444
245 188.846612
806 1536.447761
829 1307.251969
806 706.615385
1031 931.788631
569 288.796512
788 844.012345
219 123.400000
974 461.094862
468 208.518519
288 100.651370
526 657.862069
690 2118.848855
555 171.741935
685 314.428803
1560 2333.850114
964 1367.980523
661 722.408694
939 613.785064
160 87.228501
1050 837.831967
325 149.453815
1584 1940.092633
1136 1578.557971
494 944.771963
932 1164.567164
352 161.731707
216 65.131765
464 412.347842
1027 1029.714286
626 274.585373
945 826.686275
342 198.515781
1080 2401.851137
162 98.550065
333 2567.242647
958 617.825051
334 283.866499
577 928.700893
807 1523.135027
660 4615.038813
1225 847.908877
826 2217.886957
108 146.425532
1308 527.101485
482 805.610063
213 530.496644
1175 1711.672727
282 180.111663
595 590.431799
943 766.477419
817 704.244812
711 1399.974684
341 4121.250000
526 1004.088445
615 1374.031890
641 548.394366
1273 594.172852
918 1536.822430
1119 2006.713498
620 159.327689
714 252.692833
480 3187.680000
1132 752.766990
602 920.704781
767 817.591738
422 235.380213
863 1384.960197
644 163.649784
143 1079.361727
637 1660.394517
353 439.181765
731 1846.500000
834 1072.865658
443 4189.583667
1521 3153.582278
232 121.452174
296 876.777184
776 1333.225584
505 350.644444
434 3700.265060
720 1158.393925
448 715.583333
1465 1376.827334
1366 979.494613
268 821.586207
439 797.066667
1000 1434.623693
200 448.012605
860 1909.793103
1137 576.256042
1114 3202.591549
1110 2801.076923
614 678.383659
787 329.714286
892 217.136038
667 628.703297
85 2354.410468
897 1836.421053
588 429.560000
391 151.333333
377 984.740280
783 906.690647
914 460.168224
190 1003.067837
1187 835.686072
44 0.000000
1003 3092.046491
1321 949.503247
938 149.031598
389 1034.953664
158 250.434524
1063 673.203620
1193 796.677012
840 446.556580
540 368.903670
831 2121.754967
935 467.737003
430 1449.059616
126 107.369369
394 2484.271863
461 937.240000
915 2503.409910
445 4031.106416
880 394.909091
240 1159.302986
746 487.172745
125 470.500000
176 41.894505
814 2205.030470
959 269.600000
842 594.930606
118 825.456453
355 129.293267
1156 651.777618
183 66.194565
379 1238.866485
724 679.969896
528 386.558058
397 122.141556
723 311.017673
228 126.029966
286 2435.648903
160 106.326316
312 1841.000000
280 242.986499
496 206.849248
502 275.394059
877 627.681481
558 480.349782
340 450.967075
441 633.124119
1134 707.770992
372 600.420290
640 3537.681337
728 914.560000
662 1346.523810
217 922.364501
1178 1827.510398
594 1160.677419
734 806.242389
497 296.034609
809 385.584906
436 314.713636
593 2338.515810
346 889.757856
1156 2330.538462
702 1229.018431
387 125.150640
438 628.297767
224 257.625000
643 1658.495711
509 741.718076
177 1316.343042
405 1558.287770
574 314.411765
620 376.580861
906 199.549575
366 701.808219
340 71.676604
922 413.448091
1300 1649.338321
26 8.622222
759 1491.837037
531 636.067442
544 897.416056
918 512.786982
824 1703.365854
897 1442.598706
1068 428.469734
1058 651.409722
653 524.886092
245 1197.379808
790 1032.385479
575 123.387215
1071 805.989362
1436 358.567961
555 652.084275
660 511.616876
491 2124.607978
844 1084.093525
1148 867.892308
566 5672.435352
366 495.849430
1488 4369.833600
82 913.800847
671 1281.209524
512 1812.827026
445 118.932203
411 379.570175
650 838.278716
57 30.445052
490 780.953488
744 1306.917409
1477 847.488667
259 2014.061404
1395 748.623377
504 1509.864023
799 597.493036
280 495.999174
469 201.355439
243 680.870662
738 2054.500000
945 2186.859649
1319 312.930237
239 255.148760
531 1176.400000
614 1482.466478
1456 1485.881611
555 2490.950904
575 306.721617
757 251.934874
1343 920.244576
369 856.754717
517 143.048131
316 1894.430647
609 171.933014
290 213.980726
1 0.000000
748 1420.150568
702 1462.791722
1012 566.596091
586 430.810811
654 1990.754717
587 160.836123
1005 732.520634
768 957.422043
1342 1154.398462
786 1520.491018
968 204.213808
578 1351.225352
626 249.596350
788 777.168750
450 191.130715
683 328.729167
308 1044.126238
4 1551.500000
343 203.346154
278 219.344828
809 3580.891304
457 1024.273292
258 1299.873124
743 459.700692
797 2870.545455
434 1321.560440
331 3445.494545
839 1988.426352
275 311.896130
822 386.327869
1054 727.790317
771 481.389068
769 1731.869318
699 488.404465
328 639.926222
354 566.199821
233 565.500000
441 351.320000
801 1290.876923
395 1608.575609
553 518.189189
236 65.048466
212 1358.803774
504 263.784486
1427 1605.293582
572 1194.067139
1216 682.825397
875 170.338403
140 44.102410
669 3354.845238
527 2424.406998
383 1094.258929
111 63.339506
599 3553.029240
839 538.586387
411 2316.387352
502 139.711034
504 992.411200
141 1268.272618
1273 655.391179
998 1344.509434
980 325.393130
767 1130.835696
792 548.837004
1229 234.057608
636 186.442835
1412 2467.700935
877 459.640000
10 0.000000
877 398.837607
980 334.479727
571 321.141361
791 1027.541991
1155 544.686690
1312 724.361669
630 1775.502825
704 309.905797
802 716.127853
721 2582.510638
1090 828.402496
458 2389.927846
574 474.139400
855 434.257802
223 260.595950
267 761.778774
1501 1145.378594
447 231.475293
770 316.609756
756 318.716216
601 1456.225502
358 154.161017
817 1877.447950
558 2639.972698
970 1033.138042
668 726.505556
584 1648.021008
169 153.743590
106 117.288843
828 590.988707
101 3056.374408
853 1388.717789
92 1352.647687
294 413.463495
450 308.468843
278 233.818627
868 526.621469
938 637.595574
644 581.842105
279 427.654971
829 406.699186
726 902.759615
422 302.777149
18 1357.710145
62 576.410112
451 170.825521
982 403.603093
729 745.062972
505 1748.181818
536 360.025437
375 417.660377
527 1464.114035
219 223.500000
555 272.831081
512 1254.300000
602 458.669171
714 382.060087
282 273.411765
220 412.354244
778 1885.957447
655 923.670235
398 185.547170
248 158.406269
662 2525.879397
574 750.435976
102 1883.000000
558 632.825895
427 402.804819
147 49.273632
620 703.993827
856 1587.500000
642 1339.114906
648 417.188053
128 952.583942
249 498.424242
781 352.720000
386 229.777595
739 339.153963
251 104.875397
176 715.313568
421 316.094241
824 1715.848607
381 202.050688
212 1802.687736
735 227.574054
724 1428.095404
622 2248.195939
967 758.666667
640 366.920111
400 681.873094
1032 10592.500000
554 567.963614
389 89.913043
476 330.625691
94 89.129771
996 487.348837
877 1064.816000
1345 1100.959975
560 834.041724
553 375.613793
1139 2454.750000
494 814.294118
888 1403.716294
212 62.070195
753 813.194245
394 449.381166
922 5173.201688
89 135.901252
293 39.128492
304 111.580645
273 557.762500
437 588.244604
918 2322.251406
266 512.883324
866 1182.377030
418 343.979695
1143 433.379845
513 1279.733333
898 604.840194
399 176.634921
423 1324.575043
590 945.375754
397 144.379330
232 1552.408291
325 400.254409
452 671.761442
324 1774.626866
532 324.818444
546 605.737864
1072 1075.903323
597 809.241935
581 435.240876
420 261.025830
104 59.363636
424 1891.589165
112 244.204819
1274 1526.862683
965 2415.940678
924 452.871622
114 1797.792308
1138 750.114267
591 1160.730318
296 799.950413
592 1459.142180
782 822.500000
297 777.875907
394 1316.128755
1278 1691.752764
1186 1018.652174
724 847.221184
1032 303.831012
549 500.333333
492 631.856731
367 91.126888
533 509.353780
