100 3
-2 0 -1 0 -1 1
0 -1 1 -1 1 -2
2 0 2 1 3 1
0 2 0 3 1 2
-2 10 -1 10 -1 11
0 9 1 9 1 8
2 10 2 11 3 11
0 12 0 13 1 12
-2 20 -1 20 -1 21
0 19 1 19 1 18
2 20 2 21 3 21
0 22 0 23 1 22
-2 30 -1 30 -1 31
0 29 1 29 1 28
2 30 2 31 3 31
0 32 0 33 1 32
-2 40 -1 40 -1 41
0 39 1 39 1 38
2 40 2 41 3 41
0 42 0 43 1 42
8 0 9 0 9 1
10 -1 11 -1 11 -2
12 0 12 1 13 1
10 2 10 3 11 2
8 10 9 10 9 11
10 9 11 9 11 8
12 10 12 11 13 11
10 12 10 13 11 12
8 20 9 20 9 21
10 19 11 19 11 18
12 20 12 21 13 21
10 22 10 23 11 22
8 30 9 30 9 31
10 29 11 29 11 28
12 30 12 31 13 31
10 32 10 33 11 32
8 40 9 40 9 41
10 39 11 39 11 38
12 40 12 41 13 41
10 42 10 43 11 42
18 0 19 0 19 1
20 -1 21 -1 21 -2
22 0 22 1 23 1
20 2 20 3 21 2
18 10 19 10 19 11
20 9 21 9 21 8
22 10 22 11 23 11
20 12 20 13 21 12
18 20 19 20 19 21
20 19 21 19 21 18
22 20 22 21 23 21
20 22 20 23 21 22
18 30 19 30 19 31
20 29 21 29 21 28
22 30 22 31 23 31
20 32 20 33 21 32
18 40 19 40 19 41
20 39 21 39 21 38
22 40 22 41 23 41
20 42 20 43 21 42
28 0 29 0 29 1
30 -1 31 -1 31 -2
32 0 32 1 33 1
30 2 30 3 31 2
28 10 29 10 29 11
30 9 31 9 31 8
32 10 32 11 33 11
30 12 30 13 31 12
28 20 29 20 29 21
30 19 31 19 31 18
32 20 32 21 33 21
30 22 30 23 31 22
28 30 29 30 29 31
30 29 31 29 31 28
32 30 32 31 33 31
30 32 30 33 31 32
28 40 29 40 29 41
30 39 31 39 31 38
32 40 32 41 33 41
30 42 30 43 31 42
38 0 39 0 39 1
40 -1 41 -1 41 -2
42 0 42 1 43 1
40 2 40 3 41 2
38 10 39 10 39 11
40 9 41 9 41 8
42 10 42 11 43 11
40 12 40 13 41 12
38 20 39 20 39 21
40 19 41 19 41 18
42 20 42 21 43 21
40 22 40 23 41 22
38 30 39 30 39 31
40 29 41 29 41 28
42 30 42 31 43 31
40 32 40 33 41 32
38 40 39 40 39 41
40 39 41 39 41 38
42 40 42 41 43 41
40 42 40 43 41 42
0 0
