3 4
1 0 3 0 2 1
2 3 2 5 3 4
5 3 5 5 6 4
3 2
1 0 3 0 2 1
2 3 2 5 3 4
5 3 5 5 6 4
3 5
0 4 2 4 1 5
3 1 3 3 4 2
6 2 7 3 7 1
5 8
0 2 0 4 2 3
5 1 3 2 5 3
6 3 8 3 7 5
6 8 8 8 7 10
10 8 10 10 12 9
8 4
0 4 0 6 1 5
3 6 3 4 4 5
3 1 5 1 4 2
4 8 3 9 5 9
6 4 6 6 7 5
9 5 10 6 10 4
10 8 9 9 11 9
12 9 13 8 13 10
6 4
2 2 3 4 1 5
3 2 6 1 5 3
4 5 7 4 6 6
6 7 5 9 7 10
1 9 4 8 3 10
5 11 3 12 6 13
4 5
1 2 3 2 2 5
2 6 1 9 3 9
4 9 7 8 7 10
4 2 7 1 7 3
4 3
1 9 2 7 4 6
2 3 5 6 4 4
5 1 6 3 8 4
9 5 8 7 11 4
8 10
1 5 3 4 5 5
3 1 7 1 5 0
6 5 10 5 8 4
8 1 12 1 10 0
13 5 15 4 17 5
15 1 17 0 19 1
18 5 20 4 22 5
21 1 23 0 25 1
9 3
1 7 2 7 2 8
3 6 3 5 4 6
3 8 4 8 4 9
5 7 6 7 6 6
7 8 8 8 8 9
9 7 10 6 9 6
8 5 8 4 9 4
6 2 7 2 7 3
8 1 8 0 9 1
8 3
0 1 4 1 2 2
1 3 3 4 5 3
4 6 5 4 5 8
6 6 7 4 7 8
6 10 8 9 10 10
8 7 10 8 12 7
11 8 13 9 15 8
13 6 15 7 17 6
4 1000
-3 4 -2 3 -2 5
-1 2 0 1 1 2
-1 6 1 6 0 7
2 3 2 5 3 4
13 3
0 1 2 1 1 2
0 3 2 3 1 4
1 6 2 5 0 5
1 7 1 9 2 8
3 7 3 9 4 8
5 7 5 9 6 8
7 8 9 8 8 7
7 6 9 6 8 5
7 4 9 4 8 3
7 1 8 0 8 2
5 1 6 0 6 2
3 1 4 2 4 0
5 4 5 6 6 5
9 100
-14 12 -13 12 -13 13
-12 11 -11 11 -11 10
-10 8 -10 9 -9 9
-9 7 -8 7 -8 8
-7 6 -6 6 -7 7
-7 5 -6 5 -6 4
-5 3 -5 4 -4 4
-4 3 -3 3 -3 2
-2 1 -1 1 -1 0
25 3
2 1 2 2 1 2
2 8 2 9 1 9
3 10 4 10 3 11
4 9 5 9 5 10
4 6 5 6 5 5
6 7 7 7 6 8
6 3 7 3 7 2
8 3 8 4 7 4
8 7 9 7 9 8
8 5 9 5 9 4
9 6 10 6 10 7
10 5 11 5 11 6
10 3 11 3 11 2
11 4 12 4 12 5
12 0 12 1 13 1
13 2 13 3 14 2
13 9 14 9 14 8
15 10 16 10 16 11
15 6 15 7 16 7
17 8 18 8 17 9
15 3 16 3 16 2
17 4 18 4 18 5
17 0 17 1 18 1
19 2 20 2 19 3
20 4 21 4 20 5
1 100
0 0 3 0 3 3
12 6
1 7 3 3 4 6
6 8 9 9 8 12
12 7 15 6 13 10
8 0 11 1 10 4
14 0 15 3 18 2
17 9 20 8 18 12
14 14 17 13 18 16
12 15 15 16 14 19
8 14 11 15 10 18
4 18 7 17 5 21
0 13 4 15 1 16
22 9 25 8 23 12
5 12
0 6 0 10 1 8
2 8 6 8 4 9
3 13 4 11 4 15
7 8 9 7 11 8
9 0 9 4 10 2
100 3
-2 0 -1 0 -1 1
0 -1 1 -1 1 -2
2 0 2 1 3 1
0 2 0 3 1 2
-2 10 -1 10 -1 11
0 9 1 9 1 8
2 10 2 11 3 11
0 12 0 13 1 12
-2 20 -1 20 -1 21
0 19 1 19 1 18
2 20 2 21 3 21
0 22 0 23 1 22
-2 30 -1 30 -1 31
0 29 1 29 1 28
2 30 2 31 3 31
0 32 0 33 1 32
-2 40 -1 40 -1 41
0 39 1 39 1 38
2 40 2 41 3 41
0 42 0 43 1 42
8 0 9 0 9 1
10 -1 11 -1 11 -2
12 0 12 1 13 1
10 2 10 3 11 2
8 10 9 10 9 11
10 9 11 9 11 8
12 10 12 11 13 11
10 12 10 13 11 12
8 20 9 20 9 21
10 19 11 19 11 18
12 20 12 21 13 21
10 22 10 23 11 22
8 30 9 30 9 31
10 29 11 29 11 28
12 30 12 31 13 31
10 32 10 33 11 32
8 40 9 40 9 41
10 39 11 39 11 38
12 40 12 41 13 41
10 42 10 43 11 42
18 0 19 0 19 1
20 -1 21 -1 21 -2
22 0 22 1 23 1
20 2 20 3 21 2
18 10 19 10 19 11
20 9 21 9 21 8
22 10 22 11 23 11
20 12 20 13 21 12
18 20 19 20 19 21
20 19 21 19 21 18
22 20 22 21 23 21
20 22 20 23 21 22
18 30 19 30 19 31
20 29 21 29 21 28
22 30 22 31 23 31
20 32 20 33 21 32
18 40 19 40 19 41
20 39 21 39 21 38
22 40 22 41 23 41
20 42 20 43 21 42
28 0 29 0 29 1
30 -1 31 -1 31 -2
32 0 32 1 33 1
30 2 30 3 31 2
28 10 29 10 29 11
30 9 31 9 31 8
32 10 32 11 33 11
30 12 30 13 31 12
28 20 29 20 29 21
30 19 31 19 31 18
32 20 32 21 33 21
30 22 30 23 31 22
28 30 29 30 29 31
30 29 31 29 31 28
32 30 32 31 33 31
30 32 30 33 31 32
28 40 29 40 29 41
30 39 31 39 31 38
32 40 32 41 33 41
30 42 30 43 31 42
38 0 39 0 39 1
40 -1 41 -1 41 -2
42 0 42 1 43 1
40 2 40 3 41 2
38 10 39 10 39 11
40 9 41 9 41 8
42 10 42 11 43 11
40 12 40 13 41 12
38 20 39 20 39 21
40 19 41 19 41 18
42 20 42 21 43 21
40 22 40 23 41 22
38 30 39 30 39 31
40 29 41 29 41 28
42 30 42 31 43 31
40 32 40 33 41 32
38 40 39 40 39 41
40 39 41 39 41 38
42 40 42 41 43 41
40 42 40 43 41 42
0 0
