15 149
-203 -115 265 -463 -83 -931
19 -548 94 -910 -268 -985
800 -974 78 -477 575 245
290 794 855 741 802 176
-960 14 -677 424 -267 141
361 58 573 -534 -19 -746
-708 42 -507 -369 -918 -570
48 709 -290 232 -767 570
150 -343 156 -333 166 -339
-629 -892 -892 -14 -14 249
267 996 -98 592 -502 957
-922 -926 -241 -201 484 -882
887 131 685 -261 293 -59
-46 -605 187 -474 318 -707
943 -139 29 -815 -647 99
21 1
415 -286 -360 28 -46 803
553 -715 19 -967 -233 -433
630 80 283 -712 -509 -365
734 169 968 -151 648 -385
-134 68 68 164 164 -38
-481 543 -444 387 -600 350
-238 564 500 371 307 -367
645 -420 606 -568 458 -529
-432 -86 -792 91 -615 451
-336 497 -101 825 227 590
598 -873 -136 -874 -137 -140
-804 -906 -726 -689 -509 -767
229 270 286 280 296 223
-302 -651 -114 342 879 154
643 817 604 527 314 566
391 93 507 -393 21 -509
-945 898 -154 903 -149 112
144 872 -197 495 -574 836
349 -574 -639 -685 -750 303
138 -681 -128 -446 107 -180
221 750 63 447 -240 605
57 53
389 -150 536 -9 677 -156
-321 337 -600 463 -474 742
-414 -69 -359 -173 -463 -228
-305 -300 -436 649 513 780
-281 500 -553 195 -858 467
576 194 338 -15 129 223
-863 539 80 444 -15 -499
-197 -377 -229 -681 -533 -649
893 -384 823 -343 864 -273
227 -258 285 -353 190 -411
-997 471 -683 409 -745 95
712 -409 141 17 567 588
-324 -446 -501 314 259 491
-37 931 202 198 -531 -41
-241 8 39 503 534 223
247 8 302 -138 156 -193
106 125 -279 -186 -590 199
-488 -245 -435 -685 -875 -738
36 731 -112 755 -88 903
-229 554 759 567 772 -421
336 -476 -576 -289 -389 623
283 -796 -30 -984 -218 -671
-342 153 -790 104 -839 552
-43 422 329 605 512 233
-777 -942 -670 -330 -58 -437
597 92 526 412 846 483
-153 -326 -442 -349 -465 -60
833 453 531 500 578 802
9 224 -242 370 -96 621
-913 619 -683 554 -748 324
579 -587 10 -198 399 371
-371 200 -759 459 -500 847
-416 736 576 588 428 -404
-829 387 -750 556 -581 477
-204 -998 -321 -987 -310 -870
281 453 297 -258 -414 -274
-474 -213 -423 -339 -549 -390
83 -84 344 -628 -200 -889
402 -307 208 463 978 657
-70 744 712 347 315 -435
-213 137 -309 -25 -471 71
705 -514 718 -926 306 -939
-162 -622 -653 -581 -612 -90
-376 -895 -849 -79 -33 394
-280 -710 -521 -442 -253 -201
-49 870 297 423 -150 77
397 -483 -119 -895 -531 -379
-765 178 62 921 805 94
69 365 162 -416 -619 -509
-388 -368 -813 378 -67 803
565 -88 936 -314 710 -685
-966 -428 -274 -174 -20 -866
496 433 716 -219 64 -439
-154 -954 119 -276 797 -549
-760 -187 163 352 702 -571
510 421 193 -392 -620 -75
537 499 -93 56 -536 686
0 0
