2
4 3
5 4
5
789 289
166 46
9 4
617 252
972 303
2
8 5
32 20
3
1 1
1 1
1 1
2
1 1
10000 10000
4
1 1
2 2
10 10
38 12
10
3 3
2 8
4 8
4 8
2 9
3 2
1 9
9 1
3 4
9 2
3
6 18
30 90
24 72
5
2 5
4 10
3 8
30 80
20 50
3
2 5
4 10
20 50
4
322 120
24 11
140 111
328 262
6
450 400
70 4
28 6
69 50
973 537
42 16
4
588 140
125 82
552 76
195 190
4
35 25
174 124
790 100
57 22
3
448 273
127 71
642 260
3
512 124
954 12
17 10
3
4 3
205 174
808 198
3
899 313
128 104
144 143
4
386 232
948 760
756 180
320 28
2
931 576
187 179
4
100 98
35 26
968 420
266 123
3
858 43
571 490
796 661
2
78 77
360 199
2
903 644
936 374
2
75 30
709 243
3
945 492
920 398
753 705
5
476 249
507 399
269 116
442 28
320 73
4
141 99
738 641
181 116
324 209
6
930 252
372 159
854 735
292 42
976 873
984 363
5
6 4
405 116
584 197
15 10
804 690
3
41 4
919 5
811 427
3
562 455
296 4
676 255
5
105 65
624 191
847 340
619 184
441 201
4
190 106
673 527
631 77
798 151
2
480 239
584 344
3
100 42
342 173
271 58
2
402 197
58 48
4
955 472
70 25
47 12
780 538
3
695 664
732 664
730 404
2
47 6
858 354
3
646 186
913 817
926 252
3
393 41
936 113
35 4
2
551 96
108 10
3
267 193
799 321
45 44
3
371 367
208 36
707 198
4
49 44
185 10
118 49
566 141
2
950 442
231 188
4
990 981
316 123
213 186
736 77
3
987 200
543 6
181 83
3
314 87
832 537
721 483
3
699 265
454 27
388 107
3
995 318
245 57
571 43
2
302 228
675 398
2
339 141
376 108
2
389 231
120 46
5
868 367
682 54
611 223
744 526
196 139
2
102 62
161 137
2
445 346
236 25
3
505 209
757 516
258 13
3
846 98
346 50
945 221
4
209 60
351 242
608 344
590 347
2
604 478
920 426
4
196 18
361 90
374 91
410 177
3
949 27
747 487
410 114
2
816 229
37 13
3
62 36
933 592
756 175
4
890 310
952 105
322 90
459 161
4
308 187
518 317
584 118
325 164
2
611 428
631 242
2
540 336
240 158
5
475 418
441 5
71 22
969 183
525 403
5
51 42
585 164
532 5
96 42
799 16
5
129 121
583 452
473 407
300 60
163 74
5
705 44
858 378
12 10
364 78
937 434
4
479 414
593 47
164 68
208 162
2
372 253
789 402
5
918 682
460 270
959 585
920 570
880 24
3
782 553
977 27
2 2
2
589 506
52 48
4
405 265
710 15
922 549
103 62
9
105 59
282 48
750 535
168 111
105 103
588 230
90 58
930 599
868 247
4
666 23
41 22
316 193
268 39
3
778 677
968 230
203 157
2
186 38
973 43
3
532 246
200 149
733 148
2
610 578
701 325
5
814 315
384 288
690 123
732 177
174 86
3
946 495
683 197
833 480
5
305 102
52 42
601 119
662 168
266 133
2
97 45
684 632
4
197 155
596 594
81 15
323 266
5
460 345
960 454
134 99
296 271
243 198
5
191 129
475 468
627 263
660 192
866 322
4
552 426
822 261
30 20
811 323
5
375 250
589 77
604 397
285 92
134 42
3
418 196
529 500
179 173
4
7 4
696 511
705 546
871 65
4
735 186
486 437
327 184
726 316
4
949 448
431 128
325 94
355 155
5
289 97
342 116
924 611
99 50
578 312
4
363 41
112 94
544 369
560 127
2
249 45
284 282
4
452 33
286 165
809 36
722 557
2
712 263
653 311
3
322 91
398 161
77 51
2
448 169
583 239
2
568 102
671 51
2
178 153
226 108
3
785 196
10 8
447 154
4
675 403
817 133
38 26
587 429
4
883 223
7 5
898 630
719 711
3
396 214
624 507
945 655
3
450 48
59 9
50 31
5
784 435
143 66
663 621
126 121
94 49
2
110 52
626 486
3
146 104
672 123
379 139
5
875 817
166 19
665 240
139 113
6 3
2
427 214
639 444
3
275 156
563 446
812 217
4
852 11
903 449
306 91
142 35
2
999 845
160 71
3
260 193
994 650
609 324
4
912 490
791 588
561 18
950 691
4
558 83
801 272
210 19
397 335
3
700 573
451 232
617 388
4
582 428
626 516
348 29
774 136
2
383 129
36 21
2
146 43
390 165
2
526 163
377 21
3
268 14
346 188
965 66
2
905 785
135 76
2
26 2
444 67
3
267 265
715 209
341 178
3
692 262
292 179
175 143
3
287 217
500 49
31 16
2
511 254
344 206
4
829 476
220 126
730 692
214 4
5
336 201
560 120
779 711
416 196
400 320
3
616 616
856 41
507 336
5
161 56
807 249
506 137
839 784
968 920
3
821 73
941 489
392 55
2
109 78
279 184
5
596 357
343 229
38 26
279 192
196 86
2
782 467
666 637
2
317 172
739 28
4
191 142
662 64
337 92
740 448
3
694 528
417 357
544 319
2
744 508
531 261
2
995 289
41 30
3
521 174
235 64
823 174
2
996 357
730 244
4
523 445
921 273
134 119
303 129
4
984 93
637 230
146 77
147 32
4
6 2
931 647
544 133
725 636
2
236 45
827 634
2
782 242
84 19
3
789 248
395 372
242 236
2
874 433
102 70
3
526 136
805 391
997 913
4
669 260
616 229
908 581
184 7
5
415 101
324 46
609 561
127 30
254 41
5
586 238
792 244
77 50
132 2
833 797
2
463 242
609 419
3
341 238
88 37
907 729
3
633 98
321 62
7 7
2
737 649
655 211
4
312 124
778 566
861 129
875 291
2
565 563
768 365
3
378 34
509 240
523 422
2
979 10
923 506
3
266 216
309 168
46 46
3
12 8
886 229
430 105
3
912 230
315 60
128 79
4
821 530
376 171
697 238
176 93
2
968 849
810 570
2
758 2
142 97
2
466 284
65 26
4
602 63
112 79
101 91
405 395
3
763 490
714 57
29 6
3
275 261
51 8
86 7
3
619 219
555 546
352 337
5
98 35
345 337
927 59
407 48
924 479
3
3 3
919 554
342 201
2
243 67
75 56
4
288 185
396 216
248 8
214 212
3
399 220
207 94
781 153
2
408 381
426 39
4
68 57
650 358
484 47
874 137
4
445 66
290 233
609 542
583 307
4
383 296
54 39
65 36
858 838
3
341 283
316 134
297 61
2
445 31
282 142
5
231 79
172 20
469 67
238 3
925 279
3
792 575
468 199
604 9
3
191 88
770 69
387 245
2
402 194
438 148
3
664 124
363 322
991 318
3
551 200
696 274
499 119
4
961 545
506 206
342 91
234 59
6
243 116
687 445
266 53
5 4
609 152
200 60
3
30 17
717 556
934 802
2
986 891
477 34
3
448 94
580 302
954 487
4
473 463
992 605
576 552
313 174
3
651 460
278 62
581 228
3
713 446
100 61
182 12
5
433 31
285 226
116 92
897 300
377 60
5
112 54
350 76
894 419
262 226
276 171
2
638 270
445 423
7
270 27
805 339
440 324
275 155
154 81
3 3
954 833
6
338 146
82 69
338 201
3 2
235 135
466 317
3
665 134
755 240
766 137
4
85 39
618 137
594 340
385 65
4
120 75
816 495
691 456
128 34
2
807 275
68 42
2
550 394
936 662
3
735 239
544 442
598 68
2
211 89
446 299
4
26 24
791 169
100 34
311 38
2
884 713
515 341
2
331 49
835 337
4
200 17
24 20
753 494
83 23
2
303 290
449 296
3
962 177
539 508
908 439
2
704 255
388 66
3
990 214
311 283
990 856
7
96 95
546 266
894 483
12 7
83 68
375 321
130 105
5
876 816
321 72
23 23
73 61
217 146
4
775 758
946 700
42 24
83 73
2
817 617
645 333
3
528 516
84 47
643 110
4
81 48
392 150
305 131
384 188
2
831 250
694 129
2
549 473
279 2
3
518 352
799 334
289 33
2
293 222
815 7
2
871 579
757 442
2
904 587
153 57
5
211 62
14 14
478 456
139 9
58 29
4
854 636
563 9
840 772
369 135
6
432 157
87 32
68 60
4 4
444 350
625 250
4
568 270
736 3
734 355
960 49
5
606 223
590 469
355 338
350 303
105 49
5
500 137
141 91
460 117
943 882
195 75
5
664 534
534 398
560 373
36 25
375 125
2
104 102
147 140
4
763 443
696 108
209 42
211 101
4
57 56
494 45
179 2
801 373
3
99 53
919 462
280 180
3
608 575
580 543
704 516
4
730 417
280 59
203 6
383 5
2
841 314
861 735
4
681 640
156 46
411 6
289 252
3
662 316
296 56
344 108
3
552 341
282 102
378 315
4
188 80
119 43
325 32
400 242
2
756 313
581 469
3
422 222
424 356
674 646
2
845 39
844 756
3
122 14
545 174
322 296
2
524 226
157 34
4
981 520
747 315
756 108
18 15
2
310 306
700 541
2
348 119
816 782
5
153 50
794 138
85 36
358 75
64 16
4
855 820
927 857
440 198
661 145
2
181 178
486 358
5
51 7
819 793
52 27
606 101
263 102
2
568 423
441 52
2
696 615
271 132
4
40 12
134 48
53 46
89 70
2
870 41
559 126
4
178 59
148 94
484 79
459 131
2
274 19
19 8
2
166 152
865 400
4
133 31
319 142
952 309
842 368
6
150 41
572 234
569 412
2 2
570 77
132 29
2
253 82
34 22
4
768 107
581 133
232 26
984 706
5
657 291
59 57
387 303
253 236
759 575
2
201 192
676 670
3
58 14
553 138
644 240
2
818 423
179 135
3
515 361
202 130
131 93
3
802 311
274 7
527 250
3
181 135
730 21
245 140
2
511 487
455 97
2
542 151
17 9
3
926 334
243 11
473 206
2
973 907
304 227
2
151 46
521 411
2
82 43
744 632
3
441 275
554 244
84 3
5
928 768
435 352
423 5
259 83
96 76
4
182 96
645 100
727 4
288 191
2
697 662
724 378
3
37 3
359 12
117 88
4
68 20
61 57
689 330
350 256
3
160 91
137 18
890 880
4
695 661
238 203
880 117
837 767
6
100 13
154 20
371 78
313 168
616 581
14 14
2
451 101
913 152
2
444 395
195 184
2
813 489
678 626
4
490 114
19 10
248 49
705 403
5
616 246
671 427
972 966
650 460
914 202
2
635 427
142 24
2
946 819
13 4
4
808 551
207 151
79 61
107 105
4
762 377
263 3
889 449
43 37
3
781 583
484 473
885 171
3
145 51
36 25
247 241
2
477 253
698 453
2
116 29
847 5
4
444 142
42 14
296 277
233 93
3
576 162
233 172
387 223
2
760 397
217 49
2
740 227
469 468
4
155 66
621 59
318 218
942 307
2
364 158
90 62
3
836 589
815 418
925 380
4
120 59
508 93
374 85
53 48
2
394 241
238 136
4
955 172
846 736
700 174
216 38
4
406 259
594 162
196 128
47 22
4
945 799
178 21
174 19
307 114
2
637 491
940 5
3
329 20
155 141
639 386
3
760 480
903 422
779 718
3
404 290
916 209
918 519
2
529 50
628 123
3
193 18
447 155
132 131
2
324 108
421 379
4
152 152
681 574
531 108
384 94
2
217 165
194 144
2
10 5
247 56
2
305 273
856 816
2
770 743
775 23
3
33 32
933 684
898 500
2
220 171
242 156
2
807 108
163 104
3
547 427
361 159
515 494
2
880 216
894 260
3
345 207
872 503
441 348
5
236 214
602 448
555 357
14 13
747 378
2
607 211
134 72
4
823 537
75 26
71 65
705 111
2
670 404
553 42
2
476 267
653 443
4
499 264
146 28
411 408
355 51
7
741 630
540 127
689 220
896 352
9 7
456 90
170 90
4
469 161
417 396
458 310
506 35
4
365 25
797 55
930 685
376 46
2
23 20
956 611
3
38 11
762 472
73 10
5
38 25
384 77
114 96
130 71
153 10
3
667 653
305 289
853 75
3
162 147
762 464
926 527
2
288 170
315 236
7
125 120
141 141
108 72
365 239
639 338
598 554
135 117
4
677 410
222 156
13 5
915 691
3
764 352
790 789
655 640
3
326 141
873 417
358 272
3
333 324
95 68
573 329
3
815 808
896 592
644 310
4
458 99
78 59
43 15
312 14
5
13 5
693 624
528 179
618 180
92 9
3
898 222
818 135
537 428
2
260 72
15 13
4
23 4
838 28
627 347
95 32
5
232 165
868 37
315 166
955 451
100 38
3
546 187
22 5
908 69
3
515 241
432 216
452 120
2
981 183
935 832
4
428 414
240 233
865 594
864 716
3
453 182
933 559
296 113
3
83 31
268 120
666 420
4
872 691
990 19
370 44
750 2
2
119 28
455 363
2
368 265
529 136
2
445 287
522 243
4
959 313
7 5
11 5
570 540
3
923 461
917 40
14 5
2
727 232
337 165
2
612 572
748 322
2
872 330
715 6
3
592 44
717 552
39 27
3
668 223
54 29
140 51
2
578 392
677 75
3
224 199
164 75
969 134
3
733 529
514 402
273 128
3
140 82
143 67
914 686
3
297 103
680 331
235 215
2
859 416
595 348
3
732 655
593 103
985 715
2
960 683
496 113
4
674 288
152 66
826 326
175 169
3
632 176
9 6
422 365
3
286 180
362 66
676 238
3
358 122
886 863
196 32
2
265 190
364 18
2
810 718
594 66
3
77 44
492 138
612 21
5
1000 732
64 26
383 306
32 17
422 382
3
11 9
710 25
21 7
3
133 84
838 434
368 286
2
884 132
261 82
3
108 96
771 745
887 605
4
622 514
445 296
275 191
436 10
5
529 106
873 776
819 232
34 33
732 58
3
764 222
764 660
339 297
3
354 354
412 116
53 43
2
104 5
222 105
4
862 638
632 259
930 151
248 24
3
572 40
235 7
910 761
2
503 407
732 122
4
30 21
234 45
564 35
792 398
2
288 46
589 113
3
322 232
571 310
953 269
2
854 330
970 144
5
867 524
780 320
260 14
103 80
729 633
4
810 559
492 453
132 46
398 289
2
371 150
934 206
4
678 120
117 90
566 382
706 664
3
259 90
53 20
539 217
2
170 100
941 299
4
29 25
63 7
172 48
112 31
2
669 271
5 5
3
41 37
111 77
506 294
2
912 864
496 476
3
92 13
357 312
90 15
2
594 553
765 268
3
991 75
524 111
823 762
4
651 136
741 225
392 92
742 702
3
292 3
93 47
942 604
2
171 144
190 105
3
851 11
251 55
823 629
2
875 514
936 69
3
63 47
671 89
984 186
3
133 108
227 28
517 17
3
475 7
127 122
312 63
3
420 357
24 8
200 179
5
593 80
945 762
990 178
84 52
602 10
3
612 443
588 481
876 504
3
765 304
187 69
243 109
4
70 56
346 85
614 12
87 69
4
429 378
103 72
537 319
687 219
4
845 658
684 642
906 245
279 79
2
569 355
115 73
3
367 164
795 178
119 30
2
12 7
256 62
4
408 283
591 317
501 466
738 97
2
80 79
225 47
5
768 662
211 6
219 55
525 415
735 545
4
250 91
891 760
275 131
898 130
3
91 83
870 380
720 223
4
496 162
833 478
39 29
285 235
2
722 63
231 108
4
513 329
7 2
717 625
796 367
3
998 289
999 871
374 11
3
249 222
570 361
463 390
4
95 74
45 10
916 889
935 532
2
316 46
750 733
3
538 311
629 302
785 92
4
767 58
826 210
851 349
431 406
2
532 20
200 79
3
792 726
929 816
70 6
2
105 91
685 666
2
288 101
990 440
5
737 715
760 660
355 88
790 557
948 80
4
309 20
503 501
121 49
128 88
2
25 3
621 136
2
987 563
337 311
3
679 191
752 51
357 89
2
308 139
729 591
6
162 153
6 4
180 33
410 314
682 329
695 637
6
24 22
56 14
65 52
347 317
361 236
412 20
4
666 8
38 27
100 78
633 260
4
277 4
513 134
990 153
671 296
4
370 227
229 70
16 3
821 229
3
858 816
148 16
850 619
5
138 127
437 116
966 542
109 105
426 240
2
431 129
134 56
4
54 13
660 176
708 511
509 157
2
874 300
799 594
3
664 294
973 827
290 44
3
981 637
614 332
955 512
2
42 11
174 87
2
203 89
630 170
3
927 169
689 198
63 2
2
170 57
574 61
4
822 688
283 206
807 296
490 231
5
554 230
536 380
688 129
134 14
638 602
4
33 4
182 158
781 714
6 5
4
177 77
617 472
499 428
270 224
3
697 111
203 59
503 501
2
197 191
646 22
2
705 46
396 108
2
153 113
947 236
3
413 268
273 247
523 274
2
347 203
427 139
2
529 331
807 656
3
453 258
184 180
589 511
3
234 160
510 412
286 156
2
97 92
290 235
3
835 672
34 19
336 96
3
628 92
152 94
224 118
2
828 686
22 11
3
263 55
142 114
695 413
3
929 53
146 122
514 88
3
328 278
971 34
240 117
6
150 66
386 18
370 76
465 444
72 46
832 364
4
137 27
339 148
338 44
416 242
4
752 339
320 277
283 159
83 29
3
256 164
311 47
122 90
3
992 671
985 787
867 773
3
487 467
947 743
159 128
2
267 229
182 142
2
859 39
819 312
5
223 9
226 36
25 25
480 211
708 525
4
19 13
58 58
676 283
32 30
3
837 789
790 617
160 15
6
950 365
310 280
109 29
910 161
140 68
330 123
2
465 362
539 213
5
199 29
389 49
34 31
119 97
426 126
3
864 131
634 229
249 36
2
66 26
435 41
2
214 70
455 35
3
545 84
981 565
842 508
4
534 36
890 210
377 327
463 263
2
827 516
409 88
2
610 140
819 697
2
576 262
900 68
3
574 307
736 301
12 9
4
174 120
53 41
409 146
930 289
3
78 30
713 117
602 187
3
175 144
245 4
85 34
4
36 35
583 245
516 183
232 165
2
551 343
236 28
2
659 247
596 64
3
257 55
560 183
42 29
5
119 41
77 66
557 66
806 364
856 716
3
792 409
987 186
917 192
4
479 328
11 4
510 309
288 244
4
460 317
322 247
685 112
471 74
3
597 8
114 96
135 30
3
125 62
237 50
989 234
3
31 30
681 122
980 138
2
830 446
193 29
3
250 191
258 75
155 116
2
589 421
131 86
3
989 380
115 114
638 347
5
824 95
623 445
651 179
930 818
793 259
3
516 268
798 739
550 366
3
962 331
796 543
886 332
2
710 425
278 104
4
265 165
245 177
728 179
436 248
3
163 158
752 430
34 18
5
517 384
935 835
848 265
990 574
27 19
3
880 645
117 19
970 905
4
872 645
168 25
94 36
494 268
5
13 3
212 108
480 89
276 177
5 5
3
836 141
106 15
911 872
2
751 112
689 84
3
873 652
949 428
169 141
3
544 531
182 72
653 142
2
612 195
974 289
3
318 170
297 292
243 122
2
504 57
676 582
3
405 299
610 607
107 5
2
776 93
502 380
2
874 344
98 90
3
32 27
603 524
103 24
4
449 156
216 176
163 62
720 136
4
189 114
209 14
896 457
986 14
2
226 65
41 6
5
780 632
629 341
28 22
666 358
710 425
3
257 58
424 132
906 398
3
979 936
834 281
618 100
5
528 518
902 294
640 476
770 716
343 52
5
68 37
641 612
900 105
119 14
350 78
3
244 94
202 42
494 85
4
377 125
770 272
85 18
829 162
2
961 209
726 43
4
23 17
676 300
494 310
55 6
4
396 94
36 25
424 389
303 132
3
243 221
925 532
74 56
2
830 304
670 451
2
389 244
360 254
4
702 152
781 526
268 168
132 118
4
900 892
988 314
403 207
684 513
5
566 358
459 422
70 5
552 152
441 435
2
650 136
678 673
2
360 350
991 180
2
639 47
801 787
3
464 452
195 187
705 424
2
774 71
893 154
3
732 379
839 15
908 894
3
44 3
216 136
129 64
4
22 9
685 319
297 36
85 59
5
816 14
298 61
5 4
390 152
885 414
2
597 284
905 41
5
45 3
153 32
88 12
418 12
421 197
3
454 203
872 479
105 18
7
275 202
550 178
596 476
317 289
264 173
94 47
559 559
4
284 201
332 183
844 371
183 182
2
478 164
867 825
4
172 82
828 196
888 15
628 552
3
942 739
380 119
775 757
3
995 204
453 84
563 357
5
676 291
389 265
14 11
340 93
143 48
3
997 431
457 388
40 23
2
400 242
847 471
4
91 21
8 5
844 715
429 39
4
185 160
609 259
202 100
17 11
3
673 282
313 267
81 72
2
154 63
839 392
5
60 53
339 97
405 282
73 42
591 419
2
541 284
406 12
5
564 77
504 208
356 127
931 508
224 78
4
370 268
922 37
975 542
45 18
3
471 188
515 305
530 253
4
595 475
107 26
769 567
507 336
3
912 431
329 111
378 358
4
10 8
519 289
766 9
751 414
4
680 631
734 45
43 42
480 90
3
256 212
758 190
325 114
2
196 167
732 557
4
127 9
93 77
648 447
27 17
4
351 264
175 123
298 219
387 377
2
384 374
902 459
4
273 257
373 90
91 76
742 31
4
88 35
438 150
877 135
69 9
4
422 158
107 26
612 324
106 34
4
315 184
323 174
837 357
843 120
3
335 155
345 213
352 345
3
942 123
405 205
199 98
2
394 338
114 89
4
79 56
504 342
638 434
25 12
3
179 108
969 743
754 239
2
464 144
893 792
2
625 598
78 25
3
55 23
265 132
850 482
2
367 297
187 57
5
102 34
549 281
656 213
289 191
410 32
2
948 775
180 7
3
581 552
311 218
656 244
2
588 252
381 169
2
945 634
466 236
3
307 214
382 122
244 216
2
196 23
531 486
5
101 34
75 70
330 144
217 143
170 131
2
955 636
976 272
2
133 112
178 120
2
269 213
130 94
4
786 257
413 178
11 11
786 342
5
285 111
686 438
83 58
597 477
6 6
6
155 106
180 147
902 606
388 110
255 70
440 2
3
925 458
894 666
20 19
2
443 318
121 49
2
257 168
281 215
4
18 13
852 502
472 189
295 60
4
816 441
452 219
549 270
570 254
3
611 536
458 229
311 116
2
897 832
151 30
6
825 600
612 60
465 438
29 20
85 83
301 40
3
856 554
441 137
625 178
2
604 586
960 491
4
155 29
820 62
69 35
13 4
2
648 322
167 77
3
997 729
730 583
930 322
2
599 351
329 140
2
499 105
485 112
2
848 337
445 316
4
120 25
854 526
945 743
729 343
5
705 239
69 44
18 8
818 623
24 10
4
882 469
556 220
817 117
302 205
2
517 230
248 215
3
564 452
172 60
55 51
4
119 111
998 905
39 21
305 111
3
119 69
204 183
603 334
3
649 150
280 147
455 66
3
209 167
635 218
563 434
4
738 344
766 72
113 34
828 272
4
280 255
259 114
248 62
180 11
4
51 4
406 185
915 914
534 509
2
432 114
789 346
3
542 238
214 51
850 309
4
768 641
912 788
911 543
462 82
3
523 14
1000 772
296 43
3
608 409
316 168
856 498
4
413 103
194 146
567 316
107 17
3
235 50
315 238
706 605
5
45 20
767 761
624 331
922 718
696 352
2
9 4
971 453
3
717 138
421 44
120 54
3
673 499
369 57
738 386
3
204 127
616 193
385 243
3
990 478
31 6
969 108
3
650 45
982 133
346 31
6
846 558
264 108
864 740
567 414
56 50
745 159
2
585 343
361 304
4
200 187
508 22
263 35
540 512
3
857 186
10 3
304 60
2
279 112
325 181
2
684 418
508 161
4
78 67
858 342
826 76
158 8
3
753 564
802 605
810 679
4
212 204
721 245
180 143
285 129
2
436 375
196 44
4
746 67
828 135
322 317
356 252
2
639 194
774 201
3
531 421
112 70
423 420
4
670 144
953 51
105 87
589 296
3
603 289
717 441
135 25
2
693 339
138 12
2
384 226
276 127
4
454 36
694 166
105 33
18 4
3
510 206
613 223
416 252
9
231 201
7 5
168 16
378 378
39 2
626 204
957 213
3 3
170 17
3
265 106
636 269
183 43
3
490 188
120 32
151 39
3
858 518
329 280
76 71
2
60 33
857 588
4
34 2
128 48
886 355
68 27
2
540 82
173 12
3
668 517
139 56
124 50
2
236 59
585 359
4
677 96
16 12
492 262
813 678
4
512 365
663 2
844 671
850 223
3
346 86
95 53
720 632
3
225 155
909 109
539 299
3
975 921
94 74
226 151
2
98 27
672 300
4
578 285
896 258
376 355
810 417
2
454 101
160 50
3
112 14
642 112
396 132
2
363 118
676 581
2
998 176
763 430
8
385 278
10 10
676 627
676 517
25 8
143 37
182 6
243 11
4
528 425
193 7
228 108
307 288
3
961 119
189 95
42 10
4
968 527
584 448
301 65
690 453
2
997 409
731 180
3
860 288
425 145
868 269
2
395 110
54 18
5
101 73
38 38
441 232
3 2
230 214
2
254 72
769 381
2
964 818
179 69
4
5 5
143 17
447 64
776 65
3
624 306
343 281
790 17
2
261 164
399 344
2
93 30
225 18
7
43 31
272 92
40 4
945 300
57 10
988 685
798 421
2
763 736
798 250
4
181 139
794 498
755 97
273 84
2
47 41
307 279
3
922 29
354 330
787 63
4
932 339
966 323
811 447
35 29
3
969 582
453 386
382 327
2
832 222
128 67
2
84 52
761 370
2
867 3
643 32
4
516 473
12 11
369 205
536 508
4
792 728
219 149
192 56
799 412
3
410 134
961 18
269 81
4
332 60
480 400
529 193
259 36
3
920 318
491 118
225 29
3
714 93
601 221
491 461
3
671 634
703 500
158 119
3
110 9
748 564
901 456
3
843 371
437 392
875 267
2
18 7
122 69
4
301 100
520 463
118 93
153 64
3
851 669
887 65
940 294
3
633 207
242 16
899 273
2
170 160
843 347
2
893 637
600 388
3
375 26
913 252
976 685
3
518 103
759 727
20 10
5
504 9
262 149
309 180
175 114
158 120
4
580 337
77 43
335 96
416 112
4
889 416
827 657
302 249
8 2
4
131 13
621 22
950 644
893 328
4
620 158
288 29
658 171
469 156
2
131 13
708 535
3
993 750
605 66
923 354
6
678 194
70 7
15 14
39 21
242 108
968 637
2
783 265
99 54
3
712 136
284 247
42 18
2
680 339
995 503
3
249 121
614 461
893 551
3
660 292
284 250
734 441
5
303 84
669 33
314 80
513 57
141 21
4
669 435
322 32
63 21
179 21
3
370 350
168 70
553 278
2
779 106
555 393
5
996 623
165 153
165 5
238 96
830 297
3
855 732
674 668
327 133
3
499 118
463 359
562 44
4
52 52
566 170
247 222
390 345
4
441 247
529 328
819 65
544 4
3
170 55
526 355
970 457
4
435 349
205 126
27 14
621 195
5
575 268
236 231
385 212
276 113
561 117
3
244 128
560 75
343 75
2
101 23
202 57
2
869 770
300 215
2
621 397
235 232
3
747 376
498 364
193 32
2
969 527
120 51
4
948 595
998 87
675 317
450 8
5
531 407
763 426
490 380
176 67
704 544
3
864 301
652 650
184 112
4
705 30
559 44
320 169
674 251
3
59 13
492 213
987 715
5
984 83
423 50
730 75
376 353
41 6
3
684 375
732 107
540 452
2
407 94
978 60
2
642 271
559 86
3
743 76
245 138
470 313
3
29 16
700 513
380 176
2
8 2
35 34
4
934 508
468 134
858 359
288 65
3
393 342
855 401
513 385
3
47 24
97 73
140 100
3
876 859
168 19
525 103
5
112 105
241 55
508 265
416 169
90 84
2
770 531
788 626
3
797 86
494 156
820 318
4
600 321
69 47
560 313
660 462
4
564 495
272 244
423 373
820 277
6
629 160
737 258
72 42
125 50
370 338
50 27
2
463 271
502 407
2
671 528
463 151
4
852 118
964 110
874 773
117 73
4
58 57
212 182
91 61
160 135
3
152 8
233 93
621 94
4
295 232
357 79
839 332
270 119
2
808 747
907 433
5
836 452
28 24
791 508
594 39
840 659
3
853 657
798 197
274 41
4
100 14
875 213
179 7
659 150
3
52 27
22 11
691 116
3
306 199
766 396
300 198
3
289 99
678 51
644 631
2
32 14
855 36
2
498 413
966 446
2
527 150
883 389
3
534 112
384 110
595 432
5
15 15
281 245
309 109
755 446
75 49
2
886 304
611 264
4
822 255
913 512
934 803
990 567
2
159 129
619 571
5
135 126
891 377
388 166
176 131
113 56
4
722 256
246 133
706 109
201 13
6
542 388
570 309
765 547
800 37
342 68
304 86
2
640 284
864 730
2
653 25
24 12
3
260 177
264 232
118 5
3
553 428
42 40
852 66
3
673 634
255 255
665 346
3
842 434
465 32
919 759
4
808 443
565 401
580 540
768 348
4
319 249
910 770
658 64
676 332
3
696 689
144 35
186 96
4
902 678
968 394
238 6
574 252
4
347 124
896 628
93 87
603 397
5
966 801
408 315
272 234
328 321
640 59
2
342 59
518 435
4
516 182
314 13
334 217
122 45
2
205 131
689 212
4
728 100
810 497
301 244
678 435
4
413 214
215 94
432 325
312 69
3
533 112
983 622
270 266
2
857 191
958 20
4
83 17
42 20
169 106
20 14
3
669 139
666 23
847 480
4
137 112
154 46
840 76
203 44
4
538 412
480 21
481 299
169 27
3
690 104
453 279
212 164
6
44 22
795 401
700 270
76 4
832 680
495 479
4
892 2
481 62
141 37
11 6
2
633 364
626 277
2
763 551
563 505
2
149 62
132 14
2
742 258
435 293
4
152 101
736 553
517 260
347 204
5
516 367
855 247
728 410
686 420
34 19
3
648 643
807 387
601 91
5
943 66
315 209
443 395
32 2
184 180
4
34 25
875 862
224 42
587 227
2
193 187
596 242
4
848 43
186 86
328 174
128 71
3
732 353
565 307
338 59
5
497 96
149 36
63 48
753 558
588 189
2
895 286
99 42
6
98 51
46 9
60 42
130 68
864 751
189 9
3
22 21
612 216
838 40
2
112 79
857 552
6
351 95
152 32
304 85
696 249
660 233
770 750
3
862 247
785 774
706 36
2
395 125
301 41
2
841 422
760 310
2
91 26
225 15
3
571 3
939 584
445 347
2
477 228
49 2
3
447 64
664 591
164 142
2
580 302
397 397
3
377 268
924 265
129 109
4
98 97
842 630
994 774
518 141
2
199 169
13 4
4
712 406
943 373
178 54
64 63
4
175 17
343 196
126 32
313 294
3
955 58
166 107
527 193
2
741 539
576 398
5
736 554
453 218
222 57
60 40
843 342
3
128 77
913 134
369 254
3
332 43
981 507
326 251
7
120 30
470 382
864 798
821 161
56 12
33 17
56 21
8
101 17
305 194
99 81
16 9
154 6
396 164
756 144
909 210
2
10000 3423
9999 232
10
2 2
100 100
10000 10000
3 3
10000 10000
300 300
200 200
2 2
2 2
30 30
8
238 119
1804 837
4212 3357
255 245
884 774
4308 3919
484 66
4308 1359
3
5394 483
5200 1695
3749 1229
3
1325 86
4886 3878
3052 2630
3
4484 1167
3869 120
8505 1449
3
8577 4275
7464 6855
5632 5530
3
3572 3240
5054 4048
9621 3044
3
5016 1219
201 96
4342 1555
3
3154 820
8816 7562
2291 751
4
3160 776
85 2
8340 4732
1616 1350
3
49 19
1368 1229
2233 1493
3
3102 1428
9799 5645
8019 431
3
705 117
12 6
399 169
3
902 460
9017 4586
4128 80
3
774 708
8240 579
2697 882
3
1605 1466
1166 891
6123 4510
3
6396 84
6018 2326
3387 1947
3
4159 1221
7508 2014
940 286
3
564 476
1905 1059
9023 5801
3
1973 1003
557 22
6892 5140
3
187 10
18 12
8042 1264
3
3789 3310
2023 574
896 701
3
5463 2614
7569 568
1990 315
4
1790 1779
1092 169
7020 5699
9396 3198
3
8498 4039
3987 414
3150 1355
3
3652 2753
126 29
8945 8191
3
3809 1441
6606 6140
9048 7554
4
8075 2751
8112 204
1022 826
800 668
3
3761 1852
6259 4826
67 56
3
1033 629
7715 2594
225 208
3
4427 2072
18 5
157 111
3
1162 747
3154 2002
948 719
4
5884 3295
2450 1330
880 711
960 919
3
834 556
9448 4071
5552 2449
5
2303 637
3666 2816
6686 3370
76 11
130 53
3
1998 292
6116 3679
1614 130
3
4010 1659
6330 813
5679 2255
4
47 23
1880 736
9690 1097
185 185
3
3832 3000
7200 5301
1699 182
3
7705 830
3525 2125
1408 1042
3
2013 1622
6950 6344
5797 3682
3
2309 752
6384 3358
7752 2881
3
1800 630
8242 4955
8758 4234
3
418 397
8940 5355
3027 286
3
8996 2904
2945 961
3536 1609
3
119 114
3728 1573
5794 1458
3
1842 1641
4315 1669
1540 115
3
2216 1474
2061 23
2555 470
3
3752 407
9361 8590
3700 1014
3
2158 287
1073 83
2336 119
4
2304 1234
400 341
3764 1092
7300 5523
3
8964 3750
408 95
5152 1830
3
4633 2094
1335 558
4165 2004
3
4936 48
8338 8061
362 321
3
5740 3952
1362 1091
6474 2356
3
471 253
8254 6109
3003 407
3
1795 715
6197 1610
2226 1788
3
6250 180
2430 2410
9221 392
3
4907 1286
3632 2886
140 63
3
6260 5030
3602 2507
287 173
3
7710 3799
4602 3752
2626 2184
3
8432 6185
2046 176
4467 175
3
1090 191
7263 1711
3504 1216
3
534 451
4023 1875
6231 4374
3
4475 564
650 353
4159 4149
3
4864 2513
7657 3846
8437 5033
3
2658 1190
1259 896
8813 3445
3
7445 6787
9090 4100
5860 3364
3
7702 1540
3719 345
2172 2120
3
96 39
1778 1132
9601 433
3
7277 5054
1768 150
1420 749
3
7884 3240
8746 6879
3181 1330
3
9540 1802
1371 932
8482 974
3
7021 1460
2485 1942
3765 2092
4
595 232
365 179
7473 1587
266 52
3
6034 910
6683 179
1068 360
3
162 43
612 405
3438 2791
3
966 790
1070 171
8305 6443
3
3289 2979
1508 1297
4263 3744
3
8554 6468
1236 148
6586 4020
4
309 35
400 240
8866 2012
8494 1973
3
9666 8759
5549 4896
8210 1234
3
384 21
6406 1474
2134 414
3
3293 1830
8755 6316
135 129
3
1981 173
1095 616
391 59
3
4251 481
7301 6645
1182 1033
3
8884 8061
3548 1162
2312 1084
3
3226 662
8274 6097
3399 2007
3
6919 5582
972 201
782 12
3
2896 2335
5248 746
6084 1732
3
4426 4197
909 575
319 269
3
2694 2101
6633 5178
371 188
3
4637 1996
1051 454
2976 1005
3
8283 768
1610 1509
9798 4132
3
6020 300
5237 3791
9212 2918
3
5600 1420
899 868
4467 4417
4
125 5
320 312
5679 625
8679 1562
3
4840 364
466 336
830 72
3
3020 2919
7060 2065
2935 683
3
4428 2628
744 104
3349 2084
3
2604 1406
1647 163
1918 1151
3
2816 670
4841 3373
128 49
3
3703 690
9711 3614
2578 1372
3
4583 1618
9297 8172
1010 736
3
5280 2067
2666 1330
7008 2734
3
5427 5374
1475 955
51 41
3
3085 2887
3546 3079
2618 110
3
3038 2381
2267 1136
7306 2951
3
6025 112
4026 1117
4700 4488
3
1048 636
9202 6407
9647 3566
4
220 2
6774 5505
945 558
2202 715
3
4392 1468
4540 3800
3387 2259
3
8292 6856
776 109
5732 3197
3
689 72
8239 7082
110 94
4
4384 1744
7342 5518
96 40
3480 2627
4
116 42
5137 5119
588 296
4158 2461
3
9506 2234
9081 3646
2548 1639
3
4505 799
3127 2714
6130 706
3
704 52
1405 903
1701 1242
3
2367 186
2512 2226
405 63
4
4234 2320
8500 3859
3620 1289
906 429
3
2517 1564
702 502
5793 3388
3
113 90
4762 3290
1238 5
3
8132 2026
5850 655
1929 1648
4
5400 3261
1595 1090
7020 2548
1204 1124
3
176 144
8648 8558
9384 1543
3
4508 3731
7678 4510
1858 904
3
986 613
4695 3455
5838 1631
3
436 30
9706 5190
1611 348
3
848 499
4000 3615
1290 694
3
247 217
4868 2556
5838 1771
3
7146 4571
785 730
111 70
3
1437 1404
705 410
4169 26
3
340 277
279 209
377 292
3
2412 1125
5784 5756
559 80
3
4745 3003
1123 451
2162 931
3
3747 2918
3325 63
257 231
3
8448 1296
9520 8339
2696 2515
3
9170 1572
9696 3562
6988 1911
3
1394 169
9332 4994
4518 1530
3
2544 1735
3138 2373
7587 3255
3
1158 803
7997 1839
6160 1614
3
5289 4324
11 11
7684 2124
3
9263 2069
116 38
4803 2806
3
5713 1618
97 66
9890 6270
3
3125 1469
1622 101
384 167
3
2476 1303
596 22
5469 4308
3
4466 4180
1814 41
8781 6783
3
4430 231
8054 6390
268 91
3
4435 1469
5187 1046
5278 3118
3
9232 3250
7416 774
5139 4028
3
6825 3950
1535 897
1903 1538
3
6051 2006
1729 1216
7179 401
3
6736 4595
7196 6719
112 66
3
8933 7671
1060 70
2900 1915
3
1580 734
519 40
8305 6711
3
2057 1820
772 468
2031 803
3
3971 2895
2508 924
3442 2782
3
1141 236
3836 186
7758 3147
3
2999 1370
8271 5624
1017 499
3
6720 464
5194 3419
9189 8761
3
224 54
502 187
7032 4246
3
5705 2140
184 67
478 8
3
6387 361
2397 809
4029 915
3
1173 656
7931 7028
5511 156
4
810 538
2440 2349
6972 2590
2806 931
3
1243 564
1033 746
103 72
3
1577 937
1742 264
7106 1749
3
3943 572
2561 752
7385 4655
3
3672 1333
4726 3983
1866 224
3
9812 7653
2235 528
3773 850
3
3445 2831
7161 7027
672 174
3
9439 2418
613 127
2454 12
3
7251 5438
1494 614
2968 654
3
857 119
6898 1138
807 777
3
6611 826
9785 3774
6386 5950
3
7162 420
326 275
4747 4100
3
1760 236
747 207
1701 1443
3
475 27
6830 2795
9303 3099
3
600 413
9271 8395
9918 8836
3
1324 1246
4418 3288
1401 847
3
8849 5204
9088 8000
1547 228
3
1509 6
158 156
6874 3765
3
2868 852
8749 4921
1765 186
3
2469 2393
6334 1195
2736 726
3
6831 5478
8193 1186
1816 602
3
3290 2091
7782 7038
4840 783
3
7066 1196
2397 788
137 83
3
1732 498
9796 7018
8420 3015
3
4842 2703
4578 162
7515 133
3
7862 2173
3712 2068
7304 3248
3
9040 7589
4156 3826
558 402
3
8294 5582
5187 1151
5628 935
3
215 187
9963 338
6355 5814
3
6363 4036
474 251
5873 447
3
5550 5361
5900 3498
31 7
3
1392 1029
8292 5198
2355 1279
3
1200 698
4052 1172
7656 1535
3
5391 4393
2017 161
93 18
3
8179 562
2430 1366
3210 1080
3
1853 815
2086 532
8562 663
3
1260 236
1499 81
7878 2027
3
8136 7680
1560 548
2068 1648
3
1911 805
6931 1831
148 140
3
1482 615
7390 7184
3276 2619
3
5569 3718
200 60
7734 6668
4
693 172
1026 347
3337 2450
1045 469
3
924 866
9644 4000
4089 3306
3
715 426
9596 370
9980 8982
3
5481 439
5010 2086
1897 411
3
9215 3477
7496 4500
3638 2035
3
707 474
5291 3469
2352 1840
3
6799 3778
509 470
240 4
3
5477 3944
2361 795
3016 1846
4
2709 2592
7504 2248
1005 618
2100 400
3
139 81
9852 6538
6390 2622
3
1650 358
6819 356
3863 732
3
2290 2081
7770 3290
2277 2111
3
888 214
5866 2382
5943 5714
3
5883 4797
7410 4150
3900 1518
3
2517 387
1225 751
5090 4627
3
6454 2450
9518 9356
554 288
3
8879 4772
9573 6192
4477 4218
4
2443 1750
782 671
5672 452
48 27
3
8281 7985
1248 747
1388 945
4
2295 2027
3725 3721
8180 7918
1836 808
3
5967 3646
2522 910
9465 7553
3
872 36
4896 3031
3649 3453
3
5768 3591
1378 73
3640 1452
3
4266 1022
1138 380
386 208
4
6045 4823
40 19
7761 3397
8668 4719
3
8888 791
3273 3049
1748 989
3
2880 2412
1183 724
4026 2476
3
679 264
7048 3646
3185 727
3
2596 2507
247 232
6238 4860
3
1897 91
9145 1680
6034 2298
4
588 357
279 94
7486 3610
4578 1070
3
5344 4669
6189 2559
2920 765
3
3234 1962
2172 1258
9612 4296
3
4010 784
8900 2592
1930 963
3
1583 381
6697 2097
512 14
3
2132 538
6015 176
7052 87
3
1031 778
854 189
7923 1643
3
3968 1176
6685 997
7364 4029
3
6608 3014
3077 262
1812 486
3
3870 2821
576 574
4645 2674
3
5085 4845
5800 2979
6165 2558
3
5436 1995
9144 3267
5504 3463
3
4433 1038
8312 2959
6240 1062
3
2549 47
7345 6383
865 250
3
3514 2956
3952 2353
3944 2257
3
4745 1608
2358 1752
6730 3828
3
4681 64
3573 2426
2256 893
3
1065 313
2907 12
7005 5264
3
6528 2148
3315 2457
764 697
3
4567 516
4807 204
5511 4160
3
1043 767
1375 581
6286 4592
3
3861 511
2471 1404
3190 2066
5
5512 2510
679 253
4758 2438
4408 551
3904 1546
3
7589 5851
4390 2206
262 56
3
9590 6896
3985 688
2517 800
3
7042 3066
3723 127
2132 1506
3
9517 270
651 396
8266 1202
3
392 56
3431 617
3634 202
3
9892 6199
1784 1445
428 397
3
4700 1937
4155 1215
1388 702
3
8265 3995
9986 895
4993 883
3
8993 6256
6889 2414
3863 1617
3
8047 2881
2079 795
1107 648
3
8544 4476
1398 512
2826 2547
3
2725 2295
3291 614
1069 956
3
9188 6420
9287 2259
7414 2812
3
3723 2961
6094 148
87 32
3
207 140
3313 1058
2882 1868
3
9050 6697
1409 198
3790 914
3
7350 2397
7310 2548
215 45
3
9022 1357
5330 1119
276 238
3
3486 2073
2988 1686
7533 5966
3
7120 5120
2959 1867
7942 2675
4
8885 3382
2270 2269
3 3
2226 1110
3
4480 1164
9085 3042
3304 568
3
9388 5933
4641 3587
131 112
3
69 42
8256 400
8918 8613
3
4086 3846
7920 1812
6411 2001
3
5973 3988
3847 1914
4356 1652
3
3115 3048
9374 3392
4 4
3
325 206
5905 25
1467 223
3
2390 2
8878 4998
451 370
3
2624 495
788 179
4402 1199
4
112 42
4002 847
8928 1834
2204 67
3
4722 1895
3006 2768
837 86
3
7630 4730
616 410
7200 2381
3
3992 2400
2569 870
4678 4015
3
1652 380
197 160
5430 2738
3
8351 3543
393 238
5520 3611
3
2750 1399
84 48
4833 4724
3
3033 2517
4977 202
1505 1091
4
2828 821
560 476
5820 5127
1576 1277
3
9864 90
7753 6380
7244 2160
3
283 191
1598 171
5306 4332
4
8869 3685
5310 1308
1475 714
4400 1309
3
2760 348
7502 2630
5092 3616
3
8158 3135
2682 1402
1899 1532
3
3180 2280
8672 206
2049 1486
4
1841 736
9317 2706
3267 937
990 760
3
2561 2260
3256 438
1002 756
3
3219 1344
2813 579
7743 3643
3
4412 1915
1144 822
4482 3289
3
1948 1518
3343 2487
2361 1371
3
4704 2053
4226 3249
164 108
3
2361 747
5216 3441
383 28
3
2655 1224
927 648
8918 436
4
528 495
7777 3047
1915 1685
802 524
3
2096 1436
8766 2609
2508 513
3
3843 2973
8972 837
6125 4816
3
4861 1210
9975 294
9020 4471
3
9420 8868
4287 1400
5076 2319
3
328 192
1748 359
4220 1603
3
1421 385
7488 3522
4179 2597
3
4468 4315
437 228
6726 1660
3
5489 5240
2203 1826
8758 7097
3
777 513
7958 605
500 98
3
3186 1537
1061 578
9594 8205
3
6185 1763
6570 3753
3854 2419
3
3925 3478
5850 1500
288 173
3
19 15
9099 63
2838 1904
3
6342 2859
8752 1038
3460 665
3
162 147
5140 1203
4614 248
4
594 243
614 162
6292 4043
2773 2042
3
1232 400
206 43
3700 2536
3
3240 79
5385 3934
6868 1443
3
5168 636
259 62
849 824
3
74 35
3340 159
1529 1355
3
1757 233
4682 2390
11 2
3
9683 5646
7832 2047
333 180
3
670 14
4776 4548
7308 6673
3
633 64
3831 2423
980 367
3
342 206
653 193
872 726
3
1833 403
5067 1818
1196 818
3
4125 3828
8002 455
1395 547
3
7996 7479
1538 1414
2979 162
3
6903 451
1558 475
3125 420
4
6240 5727
2403 516
153 49
2296 420
3
1869 580
575 48
4076 3388
3
331 249
5587 3708
2631 294
4
7305 2958
4734 2998
8670 8517
48 23
3
6254 3790
1190 343
7486 4752
3
689 17
1037 292
1246 426
3
9703 7493
6156 4911
909 167
3
5136 4028
1463 1105
1092 538
3
6366 945
1528 1464
5634 4250
3
192 127
2168 1434
8514 6893
3
1830 362
7470 432
591 75
3
5944 558
3442 60
6153 357
3
342 219
6906 976
8770 7739
3
8382 100
690 102
4578 4455
3
6559 229
3085 982
163 18
3
2118 1450
7357 1375
3999 1495
3
5658 3239
8281 3031
7742 4130
3
4924 1307
5208 5089
2287 551
3
7509 1825
1358 1139
3298 375
3
427 400
6869 4388
7245 4281
3
3574 1302
1809 1061
995 633
3
6411 1786
1610 219
1679 564
3
8419 5586
5980 2093
3849 981
3
3752 1387
922 158
1149 847
3
8034 957
1100 760
3410 2457
3
3420 877
1909 490
604 355
3
4100 967
1840 545
8085 3200
3
1533 250
1326 87
6772 6164
3
2273 1521
7912 4567
428 175
3
1893 1455
1061 575
4363 2215
3
3884 256
929 308
7920 2326
5
627 272
280 262
1617 1204
1577 252
5680 2128
3
4018 2210
810 400
5836 5379
3
2244 235
6302 2686
445 179
3
1664 1369
2576 1095
7247 7234
3
664 333
4883 4097
1438 410
3
6485 5286
1078 68
134 40
3
2044 450
4126 315
1868 1546
4
6610 2516
3839 2269
44 37
9870 6345
3
3605 1922
9548 4433
2940 2209
3
9821 3085
5965 1856
2116 1040
3
3588 3462
3107 1547
7189 373
3
4914 4863
1266 214
8071 1610
3
5923 71
5841 312
9585 6540
3
538 497
1320 1308
1979 1792
3
2730 2379
1909 376
8933 1189
4
2169 239
1923 1134
6946 1403
3205 2642
3
1841 985
4098 1143
5140 1002
3
2550 156
9392 602
5492 1940
3
896 693
5771 5426
3422 2306
3
390 49
3063 1920
3953 2083
3
8906 1217
5231 754
1260 186
3
3068 978
4674 2172
917 84
3
2769 2734
9055 6962
7150 4998
3
6652 2018
138 54
743 448
3
2269 76
5901 4251
2562 2390
3
4460 2843
4090 2537
524 288
3
702 56
863 628
3069 2430
3
4242 2433
5508 3622
1200 892
3
3886 468
2795 1662
9204 6564
4
978 85
1015 33
495 27
9637 1219
3
5214 3047
3618 1842
4421 989
3
60 7
261 250
6444 1679
3
9359 3168
3885 2385
7841 2309
3
4541 956
1186 448
1562 216
3
8072 363
2016 1448
5156 747
4
7111 5933
4917 2086
4433 456
1899 810
3
7329 1221
5383 3067
2862 1172
3
2417 620
801 211
4602 1117
3
4472 1573
9565 3639
2802 658
3
396 115
3248 517
3431 1732
3
80 6
4575 2042
638 10
4
63 61
729 255
6800 5525
5894 5884
3
1486 1171
1352 1179
8010 1827
3
3504 644
688 32
4330 3403
3
1793 1750
211 4
3078 2214
3
5711 4397
8964 5256
3993 2098
3
2021 1226
356 42
3336 3290
3
8428 2467
231 28
6070 5485
3
99 30
8375 5367
1136 895
3
4699 2294
1293 122
7076 2220
3
1941 699
4756 2729
767 112
3
5265 3074
3172 364
4092 3500
3
7960 411
1448 93
6730 2884
3
1806 356
7543 7217
9956 7184
3
6468 553
7009 1844
3384 38
3
1375 375
900 8
7588 1124
3
5000 3245
1003 230
7276 4135
3
6480 2646
4973 300
7487 2399
3
9981 3060
3203 2576
324 93
3
7185 7080
45 28
8244 5895
3
1512 430
5976 4289
5264 2621
3
1477 65
3886 1040
8197 7280
3
7092 4271
226 203
1659 1120
4
2746 275
306 227
8590 8550
60 35
3
3540 891
582 330
5808 4777
3
2630 1422
1138 486
4507 330
3
8716 4959
908 550
3619 203
3
6990 5200
2925 2568
3148 817
3
144 87
5871 4537
7406 6079
3
7768 401
704 294
7462 821
3
4271 4076
4986 3825
6620 1360
4
4110 3285
2132 923
1385 826
376 300
3
5328 4304
8232 1598
325 6
3
7243 4829
8024 2048
834 110
3
7376 876
6723 426
3569 669
3
8338 3084
6001 5753
6358 684
3
1870 265
9768 1349
9205 3458
3
9657 8024
1507 507
5217 101
3
2231 1541
6504 5333
9552 463
3
2001 1513
452 366
1778 165
3
758 167
1544 626
6260 1329
3
5520 5349
5330 5286
8947 3085
3
3928 29
3328 2440
5046 3939
3
7745 5192
3474 2642
980 234
3
7922 800
5249 5030
9918 1670
3
4014 2386
8139 1535
1148 474
3
3537 1340
7064 1750
4638 1060
3
6536 1908
4172 2451
5642 804
3
4693 3613
1048 248
6955 3284
4
9401 5205
6027 1476
8428 1720
9551 6466
3
9217 1449
1608 21
3052 337
3
3799 2925
1635 683
1312 332
3
2159 537
92 75
9865 7189
3
2040 710
6412 3901
735 464
3
3461 1637
6916 2463
8190 7144
3
5919 1413
5041 436
134 8
3
1071 96
1817 53
9964 2140
3
6374 6079
4660 4660
112 15
3
7 7
3822 2515
404 181
3
3344 1936
3090 2766
9735 5520
3
5898 984
8082 2092
737 339
3
4043 1937
8097 6379
9240 7045
4
3084 2252
1288 736
6642 454
7449 3315
3
6963 1499
536 22
6990 4591
3
2056 444
7781 7037
5655 4150
3
9464 95
5815 1037
16 5
3
2728 1470
390 280
7584 1528
3
1818 179
4695 3200
8477 5523
3
4068 2397
522 307
3192 3050
3
2940 1688
1946 402
9198 9067
3
1425 1066
200 68
8468 1594
3
997 312
3515 3033
3922 3890
3
1932 1836
4662 357
7951 4570
3
9511 7001
5423 3774
1848 77
3
7282 4202
9058 197
4722 792
3
279 81
1543 186
6559 596
3
2871 1932
7325 3642
3575 3399
3
7515 2370
1767 350
2183 431
3
6253 2321
2576 1448
3072 1541
3
3465 1253
6220 863
52 27
3
7547 140
710 510
3640 1088
3
1425 798
7785 6187
5269 2604
3
4821 454
242 84
5477 1345
3
7096 2010
9816 2971
340 214
3
564 82
3399 1063
6741 5426
3
7080 4374
8819 5036
445 250
3
934 146
9268 1042
2428 625
3
3655 1350
512 219
5331 1771
3
6900 3584
2900 1107
7898 5781
3
2915 2315
2469 340
2098 1096
3
9918 6497
318 95
9896 2443
3
7276 3252
903 313
124 86
3
1925 695
1951 529
5389 2175
3
8595 3677
1242 37
9730 4125
3
70 25
2701 2195
4008 3140
4
7146 2518
1208 72
2304 1085
4002 1073
3
7919 4706
898 267
578 80
3
7719 425
4382 548
1715 353
3
2972 2369
2915 1725
2608 816
3
5626 815
6461 408
966 134
3
924 490
8185 6854
1415 331
3
9114 622
66 14
8006 1944
3
3991 665
747 593
3805 725
3
1257 304
4960 4610
3443 1314
3
2860 631
2828 2653
662 107
3
8987 2070
7086 3165
9394 1967
3
5724 3198
3689 3362
4403 4225
3
92 38
7734 7162
2337 1016
3
3432 1667
1575 469
7042 6141
3
682 341
3797 2875
3815 3674
3
639 24
4584 4018
6633 1193
3
1225 982
6995 6584
5025 4206
3
3637 249
3148 1756
2118 646
3
2177 672
2456 1195
792 627
3
2975 586
2858 2096
4658 1759
3
7402 1787
1930 1729
7070 5278
3
4896 2424
207 197
2652 1517
3
2879 601
2587 735
303 300
3
8866 589
4923 3808
1077 862
3
418 345
6663 2298
1542 415
3
3724 511
7116 5742
9443 3665
3
8300 5471
9287 1853
333 95
3
751 295
4686 3183
2444 1310
3
182 20
4652 2508
9329 6508
3
4815 2841
9195 5799
9279 6831
3
1317 1084
8421 1849
2760 148
3
3387 2227
7118 6516
1965 1085
3
2599 718
1547 533
2191 512
3
7220 3968
8415 4726
4512 2059
3
1309 668
4207 417
529 130
3
5657 3164
978 33
8463 6902
3
6195 2869
505 197
562 336
3
1327 1011
6800 45
2060 387
4
3084 1002
2142 847
8403 214
9945 5382
3
9428 1358
550 37
3732 1906
3
2009 1054
427 30
9234 631
3
5088 4678
1933 564
7488 3627
3
3585 2829
2917 549
7990 376
3
444 92
669 151
8287 4118
3
1790 557
3622 284
2155 1098
3
9149 3392
7755 6636
9 7
3
8346 2327
9312 650
1222 502
3
761 278
1034 280
2898 322
3
688 444
2707 787
5640 4895
3
7264 808
4205 1512
5190 4783
3
8747 8369
2414 1286
24 6
3
8871 1450
484 442
4650 659
3
1040 357
3869 421
3760 123
3
7518 3291
4764 4153
765 625
3
702 451
2652 1122
157 157
3
7588 1178
4662 510
3430 3137
3
6773 6013
3959 789
1665 1245
3
7074 2421
7715 4400
3842 128
3
8580 696
7592 851
834 277
4
845 487
170 120
5629 4776
2004 714
3
8778 3015
7391 477
335 318
3
4938 2527
6304 5428
7060 3310
3
1945 860
7763 7476
9600 8742
3
6582 3363
402 214
3258 2439
3
286 134
9004 8490
9465 880
3
3528 1062
2694 2526
5864 1987
3
110 100
175 106
4815 1280
3
1449 1057
987 140
2379 288
3
8374 5061
5122 1703
538 196
3
3938 3232
644 238
6165 1906
3
2471 2364
1330 561
5288 4865
3
3866 2157
3639 1761
2672 762
3
3949 2331
2491 1652
1279 1120
3
3019 554
5256 2142
1336 1216
3
3455 2263
8900 4415
836 287
3
4088 1304
2645 1818
2352 1927
3
7830 4909
744 227
3294 979
3
1517 548
2493 1722
8418 7486
3
4974 1991
4889 1210
64 29
3
3585 1902
9577 1448
5124 55
3
501 418
4584 4234
2220 1578
3
2179 439
3451 1423
8912 3616
4
648 624
5066 2363
5214 990
6633 2081
3
802 687
959 716
540 45
3
1021 1002
3180 14
5060 1507
3
680 195
1072 656
4622 3833
3
4653 1995
4511 2715
690 151
4
457 128
1875 505
8836 1423
1000 509
3
3677 1643
478 255
6624 1302
3
4391 1104
6976 75
2608 2259
3
6236 6012
7415 6169
295 138
3
179 173
258 12
9627 8521
3
319 32
8045 2123
9130 7952
3
375 12
9529 6633
473 463
3
3035 881
6792 3615
2382 186
3
1431 954
5380 4648
8682 3159
3
8250 6794
8965 8550
701 259
3
7843 3089
3507 3065
830 530
3
1508 1273
5116 1180
3135 3070
3
920 818
3640 3254
5335 845
0


