85.003687496117
6914.012248722268
6791.731737929584
957.747357083276
3869.709773423276
2109.574364652737
3246.421414419268
8010.001823541991
5394.158692511744
2927.540434431553
3389.600108552543
4826.320946908921
4610.572740994333
6400.523646792258
2616.828700933836
3633.206354201265
13009.611831257687
2309.999754515485
8311.108530154086
2991.352088876847
5839.740240955980
4033.340633990925
1634.736640294897
5869.272543549139
1740.334435208095
7615.540725749181
3990.129993216336
4625.136065186897
701.663805423162
7481.310045707236
5869.382548471392
9256.543631399358
7579.418063128854
4793.667470560598
1528.698259896367
2643.511758483904
1690.685239386323
4299.971768698232
9073.980794640813
2235.289235659860
4044.446643199996
2575.889122426619
2488.425639416512
852.442781687382
5345.994443472950
1504.648232278141
2115.051374779580
5045.116153271400
3109.044822220149
8503.065058652286
3009.655112941532
4110.960958218893
3458.337744858908
3687.000983768207
6044.465234958267
2426.045921560113
572.478685757415
1379.032392985761
3969.316703978805
10517.749758528240
2276.413180057442
2268.224585745122
8636.516485250289
2680.581282166965
6398.741907594023
1144.233299058858
2748.518216928679
2869.279509650725
228.000000000000
431.990187521703
1647.958042888308
1759.127546993570
1437.476892325948
709.172582827174
2173.861554176886
8267.411928771906
1864.837491664071
3672.039074396557
1596.175741231323
7587.685945036174
2202.495973326443
2975.744863097043
2317.026314223896
3478.149912222550
3446.630383432491
603.670590399947
5915.000000000000
7412.565345411803
1423.818043595403
2053.686684964384
5876.696350842028
2870.399038498917
6589.734746098627
818.226672668726
5672.856423354992
3106.520040236699
1929.479854316553
251.229013458820
1528.397853963424
295.496755478084
7124.043795485820
9781.720298597787
215.470541691351
5445.333774315338
334.511790993880
7443.592481328566
1993.155822093860
207.150470935786
3859.051085862898
1311.907898772176
2402.499531737727
1690.377321353626
864.645038668316
231.041951230471
5440.000000000000
2149.536928316703
1112.473514685578
8421.401308570919
1864.265270823871
3609.129306290499
2368.065113052663
1191.272011620648
7279.408491487008
1793.142492943603
1628.183322483286
2200.627096022397
6957.930726875627
2352.734579165274
6354.795669413769
4429.560018567332
3594.517195890284
593.514991161728
3068.408307459748
4823.850315732102
6805.894504031046
263.429981227129
405.959021819244
1215.971808302041
244.454912001017
640.535859229679
11457.082348067963
447.833730662788
7977.338811885866
4122.662490380379
3234.057049589571
4745.929873077283
1348.418300418636
2701.676092652679
1096.691771204165
401.156056066175
3426.371987977955
7741.155727667542
5842.269795502427
5633.862464203383
3189.298407667381
8338.974757126922
1932.777168536803
4629.743576186674
3337.663853655727
2891.499265087231
11911.056314649335
6341.434224546603
12307.450661537985
2930.593993569853
7355.299209829042
855.634675625377
536.732430004066
4890.480548984936
1064.927113509029
11571.478589064251
4407.659356166263
2737.005389338418
1118.000447227102
3162.544710754063
2733.389972416700
5316.561822306638
2336.160320929368
1995.331551396910
131.957917553958
1617.045899852448
3769.861712338031
2017.762112753831
1936.504356783186
3577.044095351785
2268.250300927472
3784.576773674225
4052.009976919873
1318.027576019503
3572.686945991868
9762.796730445636
994.134109644615
6202.332222640125
2777.251307383163
554.805675906819
857.515500143980
5024.106681359624
2466.831676796192
1021.719950031937
10981.701324821390
2525.393846661069
3449.148183538323
3562.062072288490
12044.080911385476
233.167910629645
9848.044664216384
7261.835388418670
10036.256772323035
4320.364098927831
3908.022190719816
1332.783129677776
1058.317768914422
6996.144223784984
5716.516770691755
4539.581854322008
5475.568330192938
858.383436987736
3377.091875113819
758.396403182520
6264.046139841724
3066.359834029220
2711.879657343942
1872.751985715140
1291.791457877738
1496.618875477961
477.823811217574
4965.420328548675
3006.508995257411
5731.994441088305
878.224118683828
308.891631040908
1860.408489057369
599.766621278644
1299.310971245914
10783.589615707750
280.831165202100
2480.463017427761
511.590656677778
1215.857093264717
2509.224417570500
1742.935454915069
1734.435009373314
330.717173465387
3994.325975681003
1722.259195799726
10222.018293859584
7314.644331610012
561.424433808363
2721.349869525839
4215.693962520592
2167.796824432996
4650.901595320893
5409.255771360788
2610.000000000000
5244.806955456034
643.204477596355
253.418517604796
324.467642567976
5795.341036040907
1374.979272571045
363.194594134393
10198.172875569428
2693.319995770680
1035.531624061905
1698.962619814749
4549.546332681669
2648.695874376131
1039.058377078533
3012.011396135028
4811.931836591204
1397.296212918834
2625.781019560789
151.178017389119
2640.260759272896
1830.078686832891
4713.062782346456
1673.457446889452
3892.406068230806
641.311596320328
1061.735926998014
1079.033721933783
3707.652863417024
4632.518614753260
2698.802697493835
1509.233063694513
3670.218928944983
4417.197754232880
10600.471687618434
770.898739412660
4123.829504140585
2627.143245554365
4524.463813676544
2097.593128470749
737.329492454776
2677.510037329459
9634.302517567112
2555.760093391895
696.452768055299
2426.096769664367
5951.715719017500
2541.494589748007
3636.714622298703
672.635706133006
6344.929077617810
361.795522360352
1429.160493088322
4551.926797469709
4047.900392034796
1447.093638988162
3672.397037358570
1806.949086167067
1593.603521024578
5653.730935810371
4546.124723322052
4268.653769047099
2535.408949922627
1499.753172537508
1270.427405321781
4715.547284858769
1617.309949850185
7439.337201659836
4042.324083989308
4318.959347019887
959.001934343827
1002.397126891333
1960.060540748846
8052.432278991381
2365.217810883973
1444.825595011384
6614.244353876111
12256.835480661393
6975.723060535157
1091.015878852554
385.972307549159
5611.179311688381
5280.428012955011
2845.070933805614
2413.920715783404
1585.853172400294
5504.693451955341
7090.066995452159
566.138004732791
1425.651775818337
1234.309523579884
2594.318157955024
777.880453540260
9114.693192861732
14037.418031817675
5308.546748843409
632.131922656020
4547.633322310527
1423.691562063453
5147.339505035604
2464.249212233414
5987.491524581157
1835.848723161090
2013.783559396633
2542.148021449404
10432.773360904568
1548.723542280361
4913.194745224571
488.542583414704
3673.084781354079
10340.109588916652
451.896699816373
3984.159608903754
7668.741748161819
3017.846417563359
2289.159237135681
4560.031798134745
4107.337914581254
4990.615338156411
5058.901066437255
6213.810198898504
3756.131525538178
244.045279952586
4295.542457012851
3904.305992816706
9400.000000000000
5882.478206076313
3531.885719604915
11766.405395890817
153.976985911169
3400.000000000000
1984.822106574741
4699.176503685339
2949.817790983030
1455.497852969904
1520.989876225322
309.507390292530
5383.708758839021
1190.692156079582
6070.147132147034
10196.568050084303
5468.914855291903
6061.154038013688
1138.676731383178
1840.088041371934
2991.684744071231
3215.732575945954
4112.063503277525
