9
-13 -90 43 -22 47 -10 51 18 -33 86 -81 74 -61 -18 -49 -58 -25 -94
5
70
-47 -61
17 -29
9
24 8 32 24 40 64 16 80 0 80 -88 32 -80 0 -40 -80 8 -16
20
43
30 20
22 71
7
43 -52 88 -25 79 2 16 56 -65 -34 -47 -61 -20 -79
18
60
65 14
-40 -57
5
96 -80 84 -26 -30 40 -54 46 6 -26
3
64
94 -71
-25 18
8
-51 -73 61 -84 88 -86 94 13 71 42 -5 74 -50 -3 -59 -50
69
85
-5 74
21 6
10
-64 -34 -78 -57 -59 -68 -40 -70 -4 -71 26 -63 53 -50 98 69 89 72 4 59
63
84
26 -63
64 63
8
-56 37 -40 -51 0 -99 24 -99 72 -43 88 -11 80 37 -16 69
73
80
-40 -51
14 -38
5
93 34 2 -15 -40 -43 9 -92 65 -29
15
34
89 25
22 -9
7
40 -45 70 90 30 90 -35 85 -60 50 -30 0 30 -75
82
84
4 88
15 -16
5
18 -22 72 50 45 86 -18 77 -9 23
10
96
69 46
41 56
8
29 58 -4 67 -55 79 -58 58 -64 -20 -37 -50 8 -71 80 13
3
17
-37 -50
-49 71
10
26 -69 66 -69 86 11 56 71 -34 91 -39 91 -69 6 -69 -19 -59 -29 -29 -54
29
30
-29 -54
-19 -31
4
2 42 -62 34 -86 -54 34 34
65
94
-54 35
-2 32
4
-23 -66 47 32 -65 25 -93 -73
49
56
-79 -24
-36 -7
7
84 -70 98 -68 89 -21 64 28 -77 21 -65 -32 71 -67
26
53
-65 -32
66 0
6
-32 -2 38 -64 70 -52 58 34 50 80 -50 58
52
91
64 -9
10 55
9
-36 24 -31 -46 4 -41 79 -21 99 54 74 74 34 99 14 99 -6 79
38
62
74 74
32 -26
7
-98 -40 12 -70 62 20 42 40 2 70 -58 30 -78 10
20
84
34 46
-2 24
10
-86 -34 -65 -76 12 -69 47 -13 47 29 5 57 -37 78 -65 57 -72 50 -93 15
45
68
47 3
-47 30
5
38 -92 71 67 -16 76 -28 16 -4 -80
6
82
10 -84
-19 20
8
-82 -70 -70 -86 90 -82 94 -74 86 42 50 86 14 90 -50 86
34
75
41 87
82 29
8
95 45 51 63 -17 37 -99 -23 -67 -77 -47 -91 91 -95 93 -47
37
43
-17 37
33 -11
3
60 -83 -18 -47 -24 -95
16
42
-10 -93
22 -71
9
34 79 -29 76 -59 -32 -50 -53 -35 -59 -17 -62 7 -62 79 -53 64 64
57
85
3 -62
45 -24
7
12 -88 22 -68 37 -3 -13 62 -48 52 -73 -28 -38 -88
1
24
1 -88
-25 -24
6
90 54 70 66 -32 92 -88 74 -44 -2 38 -14
63
67
85 57
-31 20
10
-14 44 -38 20 -38 -52 -26 -76 34 -82 88 -64 88 -46 82 -22 64 32 28 74
45
83
-6 -78
-9 -55
3
79 11 -20 -43 61 -97
11
82
25 -73
43 -26
5
52 79 -38 19 -68 -41 -18 -31 32 -1
45
63
45 51
-13 9
3
46 29 36 79 -74 79
9
97
45 34
18 46
8
-88 53 -99 6 -77 -97 21 -92 69 -20 88 79 -1 90 -76 78
27
57
88 79
5 -5
8
69 54 24 63 -57 0 -84 -54 -66 -81 -3 -63 33 -36 51 0
42
47
69 54
-7 19
10
-59 37 -83 -17 -71 -77 1 -83 61 -71 91 7 91 43 43 79 -17 85 -35 73
48
81
91 29
74 -25
9
36 24 26 34 -2 46 -58 58 -100 26 -58 -48 2 -78 60 -38 56 2
12
41
12 40
16 -23
9
8 -64 37 53 18 78 -34 67 -78 -1 -85 -69 -64 -84 -40 -82 -4 -71
9
58
18 78
-7 -40
3
59 5 -51 7 -23 -66
25
62
-23 -66
-4 2
6
-27 65 -45 47 -51 -7 6 -88 66 -79 93 86
39
81
-41 51
17 42
9
-59 59 -41 -31 -23 -76 4 -76 31 -58 49 5 40 32 22 77 -5 77
56
82
-47 -1
-51 52
8
66 -12 46 52 24 84 -66 82 -96 74 -96 40 -84 -76 6 -48
39
86
66 -12
-65 34
7
1 -7 11 29 -7 39 -51 27 -97 -47 -99 -73 -21 -57
56
99
-60 -65
-36 -47
6
76 -43 67 13 -25 92 -87 67 -76 19 80 -83
25
70
-25 92
73 -47
10
-88 -3 44 -99 68 -90 83 -36 71 21 53 36 23 57 -13 75 -61 66 -88 51
38
46
73 -72
40 -39
3
-58 -12 2 -22 82 93
47
52
-52 -13
-47 -10
6
15 82 -89 -58 15 -70 63 -62 55 38 43 82
25
89
52 49
5 -54
6
-18 38 -81 62 -90 14 9 -61 21 -61 48 -22
33
88
21 -61
8 -4
10
-74 13 -68 -29 -59 -35 70 -23 73 1 79 58 67 73 37 97 -38 58 -41 55
12
43
77 39
46 48
5
23 -99 39 41 -61 55 -65 21 -51 -39
21
65
-65 21
8 -4
5
68 55 -52 -70 -57 -90 33 -40 88 -5
5
10
-52 -70
-32 -73
7
-24 51 -78 -51 -60 -81 66 -9 72 -3 84 63 42 75
39
70
-42 17
-32 -6
4
-49 27 -31 -36 68 9 50 36
59
91
46 -1
8 -10
4
18 78 -2 98 26 -70 62 -14
15
99
16 80
12 27
8
31 -62 59 -98 99 -68 99 -54 31 38 -21 68 -35 32 -7 -8
1
66
82 -31
14 -15
9
57 6 36 72 -30 78 -42 75 -72 66 -51 21 -9 -3 15 -3 57 3
54
97
36 72
0 17
10
41 77 1 93 -31 93 -55 77 -87 21 -23 -67 25 -75 81 -75 73 5 57 69
29
44
64 -75
55 -59
3
-87 31 -31 -61 13 59
52
77
-31 -61
-8 6
4
-37 -90 89 -55 96 -6 -9 -27
57
90
-29 -72
47 -18
10
45 -54 27 6 -12 66 -45 69 -87 57 -99 30 -87 3 -36 -54 3 -72 33 -60
37
47
-53 -35
-18 -42
3
-32 80 72 -44 56 4
56
74
56 4
5 38
7
4 70 -94 -36 -74 -80 60 -20 74 -2 90 84 36 92
40
48
-94 -36
-64 -44
8
59 -91 86 -46 89 -25 14 14 -49 44 -64 -40 17 -88 53 -94
5
97
88 -32
5 -34
5
-57 -28 18 -83 38 -83 58 57 -27 22
11
61
31 -83
27 30
4
26 -71 31 89 -14 4 -34 -81
3
98
13 55
-3 6
9
77 67 67 73 -43 83 -51 49 -67 -41 -63 -89 13 -75 45 -53 55 -31
14
32
-47 66
52 58
7
-86 -58 34 -63 49 -38 54 22 24 57 -31 67 -81 62
42
74
-82 38
-12 34
6
65 -72 45 -32 -45 18 -95 38 -45 -12 15 -52
39
73
-75 30
-28 0
5
-36 89 -68 73 -60 17 12 -39 52 -31
24
25
-25 74
-39 18
10
-83 62 -99 -38 -91 -62 -87 -66 -31 -50 85 6 85 18 73 30 -51 82 -63 82
16
23
85 13
-72 34
10
93 -40 73 8 69 12 -11 40 -67 -28 -59 -60 -27 -88 21 -92 41 -80 93 -44
1
91
9 -91
-18 -5
10
93 -41 51 67 39 79 -63 55 -51 -35 -39 -53 15 -77 33 -77 81 -65 93 -53
45
76
-30 -57
14 -20
3
-51 -19 9 61 -91 11
41
94
5 59
-69 19
5
-41 -37 -49 -85 63 57 57 81 7 37
9
96
-41 -37
-31 -37
8
40 54 -48 22 -72 -18 -8 -74 8 -82 80 -42 80 6 48 46
72
78
42 52
13 19
7
-77 -81 -65 -93 -9 -75 99 27 67 53 15 47 -69 -45
5
27
41 50
-23 -21
5
31 85 17 92 -18 78 -39 -13 52 -41
76
84
40 31
-20 28
9
-88 95 -86 66 -77 10 -57 -38 -41 -73 -26 -90 1 -19 14 46 -5 81
7
28
-88 95
-5 74
9
87 -38 80 -17 52 32 -4 32 -32 11 -11 -10 59 -59 66 -59 80 -52
4
88
14 32
43 17
10
-73 53 -79 11 -73 -61 -37 -85 -10 -85 56 -70 77 -55 74 41 68 77 41 86
75
96
-28 -85
58 -62
8
86 -12 86 -2 36 48 -14 48 -64 8 -34 -42 16 -92 66 -42
29
64
86 -10
69 -13
4
-54 64 -84 -41 66 14 31 34
21
89
-54 64
0 1
5
33 -6 41 -6 49 34 -15 90 -23 50
80
90
35 -6
-7 40
7
4 -93 16 -93 64 -81 46 -57 -8 9 -44 45 -62 21
31
62
10 -13
-1 0
4
7 28 19 -32 61 22 73 82
1
93
19 -32
11 10
10
85 41 70 57 7 88 -24 60 -38 34 -66 -83 -67 -93 -9 -80 88 -24 97 25
28
80
-24 60
65 53
9
-30 -91 -12 -91 0 -85 84 -37 90 -19 84 41 6 71 0 71 -72 47
87
99
3 71
-3 17
6
-65 -36 29 -73 57 34 35 86 -41 75 -82 -22
2
100
57 34
0 -9
4
67 -83 88 -6 -24 15 -3 -34
5
96
67 -83
35 -20
9
17 -35 21 32 -17 86 -27 85 -91 -5 -93 -30 -93 -87 -16 -97 10 -64
19
69
-93 -87
-21 -23
7
25 64 -65 -31 -50 -71 -5 -56 65 -11 80 14 70 39
38
56
43 54
-10 16
7
-55 -22 30 -57 60 -2 70 28 50 48 -20 78 -95 13
42
57
60 -2
15 -25
7
11 75 -5 75 -53 67 -53 -21 67 -45 75 -37 99 51
9
61
-5 75
24 53
8
43 68 1 89 -62 47 -62 -2 -48 -51 -34 -72 -13 -79 36 12
81
86
-13 -79
18 -10
10
-65 39 -89 27 -89 3 -81 -45 -49 -73 -25 -93 95 -21 91 15 67 63 47 79
2
96
-23 54
-49 -55
5
-86 78 -78 46 2 -50 26 -50 -78 86
20
93
13 -33
-22 -4
7
88 -8 38 55 -17 64 -99 -12 -95 -38 -64 -68 74 -85
60
89
88 -8
81 -23
6
-51 51 -67 43 -59 19 61 11 61 75 -3 67
68
93
-63 31
36 66
8
-50 -53 -26 -69 46 -37 94 3 78 43 70 59 54 67 -2 75
93
95
58 65
45 27
9
-92 39 -84 19 -20 -97 4 -89 56 -69 20 47 -28 87 -68 91 -92 63
40
76
-88 29
-30 -36
4
-10 54 -96 -7 53 -92 40 69
31
52
53 -92
0 -13
4
68 43 -58 70 -58 -65 77 -83
40
57
75 -55
28 29
10
-68 -9 -44 -45 -26 -63 -2 -63 22 -21 22 3 10 81 -32 99 -38 87 -74 9
41
82
6 -49
-1 29
6
-50 41 -50 -34 -5 -84 80 21 25 51 -25 51
27
57
-35 47
29 18
6
34 -35 5 75 -70 79 -76 28 -48 -58 -31 -64
62
91
-70 79
-6 -2
4
0 -93 25 32 -70 67 -70 -63
21
27
-49 -72
6 20
7
-94 20 -25 -49 2 -68 52 -43 43 14 29 93 -48 90
2
73
-71 55
0 39
8
46 37 0 75 -32 88 -97 78 -92 56 -59 -38 -12 -65 41 -29
50
74
-59 -38
-40 16
3
72 0 -4 -28 48 -92
1
74
9 -44
51 -65
7
2 -94 34 -94 34 -66 -42 78 -86 -14 -86 -42 -6 -90
8
46
-36 -72
15 -41
6
8 -68 28 -2 -36 16 -92 0 -74 -52 -40 -72
15
95
-57 10
12 -37
3
7 42 -47 -66 -2 -48
14
91
5 38
2 0
7
-5 66 -69 58 -77 20 -77 -96 35 -48 65 38 13 62
77
98
65 38
-58 -60
4
11 1 11 57 -69 25 -25 -11
27
34
-9 49
-29 8
3
-12 10 22 -70 0 2
10
33
-3 4
11 -36
10
73 66 43 84 -17 96 -68 45 -17 -42 19 -87 34 -90 94 -90 91 -9 88 24
12
25
-9 -52
42 -50
7
-11 -77 44 -60 90 -44 28 62 22 66 -91 -9 -69 -61
37
57
44 -60
11 -35
5
11 17 -61 47 -73 29 -37 -79 -1 -55
22
49
-69 17
-20 21
7
24 91 -86 29 -72 -75 -32 -93 54 -59 48 13 38 69
27
80
51 -23
39 43
7
-69 10 -66 -5 6 -71 30 -83 45 -59 69 31 -42 55
52
91
-6 -60
33 -39
3
-48 34 92 48 -76 76
6
87
72 46
-27 52
5
-41 52 -56 57 -96 -28 -6 -83 34 -48
66
84
-35 44
-3 -4
5
62 47 68 95 -64 17 -58 -1 -10 -79
27
44
63 55
-8 -40
6
-24 19 -52 -44 -59 -79 25 -86 74 89 67 89
14
68
-40 -17
34 59
3
78 23 -46 -21 -94 -57
7
91
-94 -57
56 15
7
-6 -75 64 12 84 70 69 68 29 54 -46 7 -41 -58
9
96
-41 -58
2 -34
4
-37 31 -45 -41 75 -49 55 23
8
24
60 5
-18 0
7
37 63 4 87 -20 51 -17 -33 -8 -54 64 -57 79 -15
47
91
79 -15
0 19
5
68 38 84 62 4 14 -12 -18 -12 -66
75
84
34 32
59 41
10
43 -33 79 11 91 43 87 63 11 59 -37 15 -81 -29 -81 -33 3 -61 15 -57
4
79
15 -57
-5 7
9
-34 40 -54 20 -44 -30 -14 -50 56 -60 76 -40 86 -20 66 90 36 90
38
60
74 46
27 48
4
66 14 -38 -66 66 -50 82 -10
23
40
76 -1
25 -25
10
63 23 27 11 -84 -40 -87 -49 -90 -73 -63 -88 3 -97 60 -73 72 -64 66 11
46
73
-63 -88
49 -32
6
-60 -90 81 42 60 66 18 84 -39 93 -63 54
2
99
-60 -90
-39 23
6
-100 -44 -38 -78 72 -100 -22 20 -76 52 -94 60
70
96
72 -100
26 -66
6
-1 -92 84 -17 74 48 64 78 -51 28 -81 -92
18
21
-80 -88
13 33
9
69 64 27 88 -45 76 -75 70 -81 34 -81 28 -9 -68 3 -80 57 34
48
83
-81 34
-35 22
9
4 49 -16 74 -76 69 -96 59 -96 39 -41 -91 -1 -71 44 -26 34 -6
44
95
-52 -65
17 16
5
8 59 -35 69 -87 69 -61 -72 88 -24
34
39
-75 69
14 -41
9
-17 88 -62 51 -100 17 -53 -28 -1 -57 62 -89 91 -72 91 -40 72 28
10
57
62 -89
29 -67
10
-33 -78 23 -57 58 -8 93 90 86 97 65 90 44 76 -26 -1 -40 -29 -47 -71
82
90
-39 -27
14 -1
6
15 12 3 12 -66 -21 -42 -57 42 -60 78 -27
37
59
57 -14
-3 7
4
-87 41 -15 -25 -9 65 -81 77
55
92
-14 -10
-29 37
7
-72 17 -20 -39 0 -51 8 -51 88 49 36 69 -84 45
82
95
60 14
15 -15
8
65 75 5 87 -39 67 -47 19 -19 -49 41 -77 93 59 89 67
50
87
41 -77
55 27
6
-24 22 -14 -23 36 -58 46 -58 96 -8 76 7
31
71
-14 -23
61 0
4
9 -34 -95 78 -95 62 -87 54
68
100
-30 8
1 -26
6
7 60 -100 -19 -91 -44 5 -86 71 -30 42 55
39
59
71 -30
30 13
6
35 -13 51 43 35 83 27 91 -61 -21 19 -45
35
89
-61 -21
11 13
8
37 91 -83 75 -81 13 -73 -54 -52 -86 75 -80 75 -57 74 51
4
5
-52 -86
-5 35
8
-72 36 -18 -27 0 -45 18 -54 72 9 72 27 54 36 -81 54
77
91
2 -46
9 7
6
-80 47 -80 -7 -74 -67 -26 -79 58 11 46 41
32
88
-80 33
12 -23
3
61 62 13 46 -99 -18
8
79
58 61
-11 32
3
-8 -6 -86 30 -56 -60
4
84
-86 30
-66 -11
8
-76 40 -76 30 44 -20 94 -10 84 30 44 60 -6 80 -66 100
7
100
-76 40
16 20
3
-24 -29 -54 76 -69 76
71
91
-26 -22
-40 19
8
-42 70 -74 76 -78 24 -76 -64 -72 -76 20 -52 70 -34 84 2
67
81
-78 24
37 12
4
-88 -15 -88 -33 83 57 -52 84
89
97
-88 -19
10 48
4
81 -66 83 26 -39 -44 -7 -72
5
85
-23 -58
44 -14
7
-67 -83 34 -18 51 -4 43 74 -2 87 -82 -18 -86 -42
28
48
-2 87
17 41
10
-60 55 -60 -25 -50 -75 -40 -95 75 -65 65 -15 55 20 35 45 5 60 -55 70
22
72
-57 -40
-10 -33
10
83 55 86 76 2 88 -10 88 -73 52 -73 49 -58 -38 -37 -68 -4 -62 32 -38
8
45
-31 76
17 10
5
64 -73 82 -88 22 98 -59 41 -35 17
7
79
70 -78
0 17
8
-67 -48 -49 -66 17 -84 71 -54 71 -36 53 -6 5 42 -61 48
33
74
23 24
-3 -20
4
88 41 -19 83 -17 -91 89 -23
40
74
-18 -4
-1 -2
5
-78 -67 -72 -71 76 83 -74 91 -98 81
30
93
-98 81
15 52
3
-44 36 -68 36 34 -90
31
83
-51 15
-6 -32
5
77 21 -43 -19 -53 -89 7 -99 77 -19
1
98
70 -27
43 -15
9
41 81 32 90 -13 99 -76 45 -94 18 -58 -27 -31 -45 50 -27 68 -18
85
90
-76 45
43 35
5
24 -15 6 81 -45 27 -60 -42 -15 -48
76
91
11 -26
-40 15
7
-25 45 -27 38 -39 -19 2 -82 52 -35 87 24 77 41
20
65
-25 45
5 -62
9
-99 44 -94 14 -69 -46 -14 -46 51 24 66 44 71 64 66 74 -69 94
70
98
-87 64
-81 32
4
14 -88 42 -34 20 10 -46 -62
30
61
25 0
-22 -39
9
-12 36 -72 -4 -72 -44 -42 -74 -12 -94 38 -64 58 -44 48 26 28 56
7
44
-45 -71
9 -50
3
-22 40 78 -90 38 60
1
98
-12 27
3 46
8
97 -9 62 56 7 76 -68 -19 -58 -74 -53 -89 12 -79 97 -49
58
74
29 68
66 32
5
51 -72 47 53 1 88 -62 53 -42 -96
32
91
1 88
45 36
5
-94 -41 -34 -61 16 -51 36 -21 6 29
52
91
18 9
-32 -27
3
23 -30 31 -78 95 -14
50
54
41 -26
54 -30
5
-52 -4 -8 -60 92 -96 92 -60 -20 16
17
24
-30 -32
-7 -56
6
81 -86 83 62 37 90 -74 46 -88 7 -24 -55
4
93
-56 -24
76 53
10
72 6 79 83 9 97 -61 97 -68 34 -68 6 -40 -22 -12 -43 2 -50 58 -22
6
27
-68 25
43 -7
6
-72 47 -88 -73 56 -65 24 31 -32 79 -56 63
56
59
-88 -73
-12 -3
9
72 13 57 22 27 25 -75 -8 -72 -59 9 -83 78 -68 81 -62 90 1
3
99
-45 -67
-19 -59
8
-51 -82 59 -82 69 -62 74 -37 49 3 -36 58 -96 53 -86 -32
14
19
-48 57
-67 35
9
-79 22 -16 -50 11 -77 65 -77 83 -59 47 58 29 76 -7 76 -61 67
64
85
35 -77
36 62
8
-62 -62 -30 -62 50 -6 50 34 34 50 -38 34 -86 10 -94 -22
7
34
42 42
-17 17
8
43 -30 53 28 45 58 11 94 -67 98 -37 2 -7 -90 37 -54
66
83
-7 -90
6 51
7
-67 -58 -46 -82 -28 -100 89 -10 35 38 -25 14 -73 -46
2
65
-71 -50
-30 -28
6
-42 98 -62 66 -48 -34 9 -73 89 -28 38 70
41
69
-62 66
32 30
7
41 -5 29 63 -71 67 -91 -25 -83 -89 -27 -69 33 -37
17
88
-86 -2
18 27
7
19 -81 67 -73 83 -25 59 23 35 47 -29 47 -77 -17
72
74
71 -61
-17 7
10
18 -44 24 -38 78 52 84 64 72 70 6 100 -18 82 -72 28 -36 -38 -6 -44
36
69
19 -43
17 9
3
75 37 3 28 -78 -98
10
73
58 22
-27 -30
7
9 61 -45 79 -99 70 -99 16 -81 -92 -27 -38 0 16
20
78
-22 -28
-27 7
3
-45 -90 71 -86 29 34
54
59
42 -87
30 -15
6
7 21 22 -54 32 -64 67 -84 97 -79 57 11
11
61
30 -62
27 -26
5
83 65 89 87 -95 99 -29 15 37 -1
28
66
60 32
26 86
5
94 56 70 76 10 72 -26 -24 14 -4
28
48
-16 -19
36 17
8
-48 63 -18 -9 6 -51 24 -69 66 -75 78 -39 12 81 -6 93
8
51
56 1
-6 -5
10
-78 -67 27 -18 55 24 55 59 48 87 34 94 -29 94 -64 73 -92 10 -92 -67
27
57
-80 37
-75 -64
6
19 12 32 80 -19 52 -71 -31 -41 -57 5 -61
9
37
-71 -31
-7 -17
7
98 -7 98 21 58 41 -38 53 -58 17 -38 -11 2 -27
22
85
66 37
43 12
4
37 -21 28 69 16 84 -5 -30
32
45
23 -24
22 -4
5
-22 -32 50 -44 98 -2 8 34 -16 34
50
60
58 -37
-5 -1
10
55 -90 79 -90 79 -72 73 -60 13 42 -41 78 -59 84 -77 78 -59 24 -47 6
21
71
-64 39
-7 -16
9
-92 91 -64 -41 -4 -61 20 -65 60 -53 72 -49 88 -25 24 63 0 71
25
46
74 -46
-62 -12
3
2 -25 -68 -55 42 -65
50
88
-47 -46
-7 -29
5
-18 -94 11 -59 15 -25 13 54 -41 56
7
89
15 -25
-29 34
10
-30 -91 18 -95 79 -95 88 -8 53 53 -21 80 -41 64 -55 28 -68 -8 -84 -66
2
27
82 -66
8 5
8
-75 -2 -90 -32 -80 -47 -75 -52 85 -32 30 53 10 58 -70 3
7
73
10 58
-86 -37
3
-40 17 100 17 58 87
36
94
94 27
49 47
7
-34 -23 56 -63 81 -28 66 42 61 57 -4 92 -94 52
15
70
48 64
-18 43
9
1 75 -13 79 -81 -19 -79 -25 -75 -31 -39 -47 75 -23 99 -13 83 35
56
72
-75 -31
-19 -28
8
-63 -36 -7 -44 41 -44 49 -4 57 84 41 92 -39 28 -63 -28
34
67
-63 -34
-32 15
4
26 23 61 93 -37 51 -2 -26
5
70
35 41
6 53
4
-16 -41 69 -86 -61 59 -86 84
50
90
18 -59
-59 42
6
-73 35 -64 -91 6 -63 79 4 49 68 -41 75
21
49
-70 -7
5 2
5
18 59 -82 45 -40 21 78 -27 96 45
81
98
-82 45
71 -20
9
74 5 80 49 73 57 -44 100 -77 85 -75 50 -46 -25 4 -54 35 -42
93
98
-44 100
22 23
5
85 29 -13 23 -69 -3 1 -87 91 -85
30
81
-13 23
-20 -28
4
-20 71 40 -89 50 -89 30 -19
82
88
-5 44
34 -38
4
13 -85 51 -89 35 -35 13 -25
9
70
35 -35
32 -46
4
23 79 -97 39 -97 -1 55 55
22
39
31 73
-57 16
9
-96 26 -88 -26 -83 -35 -21 -77 81 20 83 69 57 84 -35 97 -50 91
13
27
81 20
-47 -16
10
5 -59 71 25 77 49 11 73 -55 67 -79 55 -91 43 -85 -5 -19 -53 -7 -59
76
93
60 11
23 4
4
-22 -9 39 -33 -13 31 -82 46
44
97
-82 46
0 0
9
-35 -7 -33 -21 55 1 99 15 87 75 77 85 39 93 -15 67 -33 21
38
81
87 75
25 21
9
-93 -20 -78 -38 79 -90 96 -64 65 7 39 53 -79 42 -92 28 -94 1
59
78
-78 -38
-57 26
10
-2 80 -86 44 -94 36 -86 -46 -74 -76 -32 -56 24 -12 46 10 74 58 40 70
38
49
-4 -34
-49 39
4
-93 71 45 -58 69 -73 -18 59
16
37
-18 59
30 -34
4
-10 72 53 -68 81 -82 25 58
86
96
61 -32
23 33
9
-37 45 -19 -35 -3 -61 7 -75 87 -49 97 35 95 89 75 97 -15 67
73
93
97 35
53 71
9
-59 -14 -35 -59 -5 -77 4 -74 40 -59 88 97 70 100 -56 85 -98 64
42
48
1 -75
55 22
6
-12 98 -50 52 -98 -80 82 -84 86 -74 6 92
21
89
-98 -80
5 -69
5
-15 21 -45 39 -27 -27 33 -93 45 -21
61
70
-17 -38
4 -12
3
-48 6 -41 -57 85 -78
18
78
31 -69
-33 -20
10
86 9 94 93 6 95 -66 53 -84 13 -86 -5 -90 -75 -76 -89 -32 -91 30 -55
14
80
-66 53
43 35
3
-59 -9 -11 -65 13 31
2
23
5 -1
8 21
8
-60 66 -100 11 -75 -64 -65 -74 -25 -84 35 -39 85 6 15 56
19
80
64 21
-74 -47
3
-67 9 11 27 -25 63
20
29
-1 39
-4 25
7
0 73 -20 83 -100 13 -90 3 -40 -7 20 13 60 33
61
96
33 51
-40 0
9
-44 -58 -24 -48 46 -8 66 22 76 62 66 72 -34 82 -94 52 -74 -8
36
52
-40 79
0 35
10
18 92 9 98 -18 89 -36 77 -75 5 -72 -85 -15 -73 48 -55 93 11 63 56
15
81
-53 -81
-17 -40
3
-55 -63 22 28 -20 -14
26
43
11 15
-19 -15
6
-77 -39 -35 -46 -14 -11 -7 10 -35 52 -70 38
13
74
-65 -41
-23 17
8
28 -25 49 -11 84 31 -42 59 -84 52 -77 -25 -63 -81 -28 -60
14
35
-82 30
-25 -16
3
48 6 -15 51 -24 33
34
76
-20 41
-14 42
10
-33 -34 -6 -43 12 -43 39 -34 75 11 75 65 21 92 -87 56 -87 38 -78 2
19
49
-85 30
-71 53
8
-48 58 -78 10 -88 -100 28 -70 90 -38 100 -16 72 70 36 68
36
75
36 68
80 34
6
-60 70 -83 -64 61 -62 89 -13 95 18 88 93
6
63
88 93
-65 -56
3
69 -72 -72 0 -81 -60
77
99
-72 0
-27 -35
8
30 4 -14 88 -18 92 -50 24 -38 0 -26 -16 6 -12 30 -8
11
50
12 -11
6 38
3
-24 70 26 -72 74 -44
4
100
1 -1
5 17
10
-86 29 -44 -62 12 -55 33 -6 40 43 26 92 -37 99 -72 92 -79 78 -86 43
3
63
40 43
-21 -44
3
-25 40 -19 34 95 -14
18
90
19 18
1 26
9
-54 -71 54 -59 90 -29 36 73 9 85 -27 94 -75 43 -78 25 -60 -56
42
63
-54 -71
16 -18
5
-15 25 -24 -2 -3 -68 60 46 45 82
7
34
25 63
36 33
6
-65 36 -57 -28 -33 -60 23 -60 23 4 7 60
64
89
23 -24
16 -18
3
-93 -11 -57 -38 6 7
6
87
-71 -7
-45 -4
8
27 -99 97 -69 97 6 37 76 -68 36 -73 26 -83 -29 -78 -74
22
83
-68 36
27 -19
9
-17 53 -41 32 -59 14 -62 -31 -47 -64 4 -52 49 -40 73 -25 58 47
22
29
-47 -64
-19 34
5
60 -14 -66 -14 -73 -35 -3 -84 11 -77
32
72
46 -32
24 -37
4
-85 -84 14 24 23 78 -85 24
65
67
14 24
-14 38
9
74 54 33 70 -20 76 -50 39 -66 13 -73 -31 -61 -60 -37 -70 41 -88
37
67
-24 -73
-32 -33
3
-37 -58 89 32 -46 59
33
93
-40 -19
-40 53
8
48 -64 54 -43 84 95 -48 50 -99 11 -93 -28 -30 -61 0 -64
59
65
24 -64
-86 -20
7
-9 -71 47 17 39 61 -41 69 -93 45 -77 -43 -37 -67
37
66
41 50
-24 1
6
72 -88 82 -23 72 42 -23 12 -53 -8 -93 -88
77
84
-44 -2
-39 -35
4
-88 -33 74 -87 80 3 -76 15
34
86
-37 12
-1 6
6
40 36 -2 66 -62 54 -92 -18 -38 -72 46 0
17
20
39 -6
-26 41
3
54 14 -44 -28 26 -77
56
95
30 -64
22 -13
8
-52 34 -38 -57 25 -71 67 -36 88 13 25 55 -31 83 -45 55
31
44
67 -36
-39 43
8
-45 92 -67 -16 -71 -48 -47 -50 19 -36 69 8 77 60 5 80
40
47
-47 -50
-33 -21
4
-93 36 -93 26 7 -14 67 6
46
95
52 1
-2 13
10
80 2 82 28 6 70 -36 86 -80 64 -100 46 -58 -38 -38 -42 20 -52 56 -56
19
60
6 70
-18 63
8
16 -85 38 -33 46 5 -50 59 -64 -23 -70 -63 -46 -79 10 -99
20
78
16 -85
4 -37
9
89 43 59 61 32 67 -49 82 -91 43 -94 -41 -13 -80 17 -83 71 -86
19
67
89 43
7 35
5
-46 -8 -62 -32 -38 -72 -6 -32 -14 8
5
68
-41 -67
-14 3
6
29 -78 73 -94 93 -54 45 58 -27 30 -67 -34
12
60
84 -33
77 -80
7
-67 6 -67 -2 -43 -26 77 -66 45 78 13 86 -27 94
49
65
71 -39
-4 -11
7
20 47 -50 77 -80 67 -70 -13 10 -43 60 -23 60 27
23
66
60 -10
22 5
6
-77 -35 -59 -57 -20 -96 46 -96 18 -51 -60 57
14
23
-77 -35
-53 12
5
90 -78 96 -69 89 -50 33 28 -40 80
4
42
33 28
52 -27
5
84 -98 75 69 -14 36 -93 -23 -22 -85
55
84
-14 36
33 -61
7
-45 45 -15 -25 75 -5 55 35 45 45 -5 75 -35 85
21
89
-20 80
8 40
4
11 -69 67 91 -37 99 -69 75
24
35
54 92
-59 71
3
7 51 -15 55 -31 5
21
79
7 51
-4 50
6
-86 -4 -16 -84 64 -84 64 6 44 16 -16 36
20
60
2 30
27 -9
7
91 -83 91 -68 43 13 -31 15 -63 2 -55 -32 -41 -46
13
22
-43 -44
33 -23
7
-68 -12 -3 -72 67 38 67 63 57 83 -28 33 -78 3
1
95
67 47
12 51
9
-54 78 -78 54 -90 -46 10 -74 74 -70 94 -42 86 6 18 70 -34 78
24
91
86 6
-54 52
4
73 -6 -32 54 -67 -82 44 -98
27
29
44 -98
-10 -45
5
-44 -10 -74 -75 56 5 86 80 16 70
16
75
-9 -35
36 54
9
-34 -47 28 -85 52 -43 34 13 16 51 -24 59 -60 27 -66 21 -60 -7
46
95
-60 -7
15 -30
3
-37 41 -92 -89 28 76
45
46
-24 48
1 56
3
43 -39 69 65 -5 81
42
53
-5 81
32 8
9
-94 -12 -94 -17 -59 -82 11 -87 56 -67 81 -32 26 23 -54 18 -69 8
6
74
-69 8
-28 -55
6
91 -47 42 51 -35 65 -35 58 -14 -75 77 -96
81
92
64 -93
11 18
7
-84 -11 -19 19 21 44 6 54 -44 79 -59 79 -79 69
64
87
-84 -11
-9 37
10
20 63 -25 81 -88 45 -97 9 -25 -54 2 -72 47 -36 56 -9 47 18 29 54
27
35
-97 9
13 4
3
-5 66 -31 -1 65 3
29
44
65 3
7 54
9
-84 71 -68 -9 -40 -59 8 -77 100 -49 100 -29 84 1 -66 87 -84 75
2
24
-54 -34
-3 -58
7
41 -54 77 0 71 30 38 18 -28 -9 -40 -39 -25 -99
30
76
-32 -19
-9 -2
4
71 27 23 -13 -9 -85 79 -45
3
86
29 -8
32 -47
8
-6 62 -16 62 -46 52 -56 12 -16 -48 24 -58 54 -18 34 12
46
98
4 -53
9 -25
9
46 -44 76 36 86 76 36 86 6 86 -44 26 -74 -34 -44 -54 -4 -74
14
86
-14 62
49 -11
5
-89 50 -57 -38 47 -78 71 -22 -49 50
10
56
-59 50
-38 10
9
78 19 27 49 -33 67 -81 52 -84 -32 -33 -59 51 -71 90 -44 87 4
12
61
90 -44
74 -28
5
70 70 -38 97 -56 -11 7 -47 25 -29
50
62
-41 79
35 60
7
42 -49 92 29 80 39 -30 89 -54 53 -92 -97 -30 -99
19
36
-92 -97
-51 53
3
-77 70 -86 -14 10 1
50
54
-48 47
0 5
9
15 -76 61 -80 55 40 35 54 -13 62 -39 52 -41 50 -33 28 -19 -4
15
58
17 57
-17 49
6
44 4 9 53 -12 81 -33 53 44 -45 86 -66
10
75
53 -11
46 -27
8
-24 -76 8 -72 68 -40 96 16 100 68 -8 80 -36 52 -52 0
61
73
-28 60
-5 50
10
36 -80 18 -53 -18 -8 -81 28 -90 28 -99 10 -90 -53 -45 -98 -36 -98 9 -89
13
62
-93 22
-59 -7
3
16 -66 52 -78 -38 84
30
31
-2 -16
16 -34
7
69 55 49 79 -31 95 -79 55 -99 15 -99 -53 85 11
10
26
-1 89
-81 -2
10
-84 -49 21 -82 75 -58 93 -10 93 83 72 86 12 71 -12 59 -57 23 -72 -16
86
100
20 73
59 12
8
-72 -71 36 -89 54 -80 90 28 81 55 -63 -8 -72 -17 -81 -44
67
73
-72 -71
-10 -31
3
16 -49 -60 83 -96 67
5
91
-78 75
-33 6
7
-2 -81 47 -11 -2 59 -23 73 -37 80 -65 45 -44 -74
60
66
-32 -76
-8 -57
3
45 11 -27 -16 45 -88
5
88
-3 -7
17 -27
3
-13 -87 57 63 -3 23
88
89
57 63
25 3
3
-45 -66 45 66 -3 18
80
89
30 44
9 24
7
58 9 -22 89 -46 65 -46 1 -38 -15 2 -39 74 -55
9
56
20 -43
-18 21
10
-34 -46 -14 -91 16 -76 51 -46 46 49 1 79 -24 89 -49 84 -69 79 -54 19
10
11
51 -46
25 5
5
-55 -21 -83 -84 -6 -63 85 42 -6 70
45
50
7 -48
74 36
10
42 -33 57 22 57 32 12 62 -53 62 -93 32 -88 -63 -63 -68 -33 -63 32 -48
4
55
-36 62
-7 42
8
-12 96 -51 81 -69 69 -99 -9 -99 -57 -39 -66 -21 -66 12 30
14
60
-69 69
-61 -41
7
-22 -30 -10 -36 98 63 53 99 -61 96 -79 54 -55 3
6
95
-40 -12
6 -3
8
55 -14 27 58 -33 86 -97 34 -37 -22 -5 -50 51 -54 63 -46
32
84
-65 60
-14 -16
6
93 -82 21 -1 12 8 -24 -10 -6 -55 84 -91
88
100
-8 -2
10 -10
4
56 57 2 63 -70 9 20 15
24
52
20 61
28 25
4
4 75 -68 39 -8 -57 94 99
11
70
-58 44
-60 33
9
-36 -87 -26 -92 19 -47 29 -17 -36 58 -56 68 -91 68 -66 -32 -46 -77
5
24
-72 -8
-18 -27
6
-80 -27 -14 -93 52 -99 88 -27 76 27 -26 57
61
92
66 -71
-36 18
9
-25 -82 50 -97 80 -67 95 -2 65 33 50 38 30 38 0 13 -20 -22
38
83
83 -54
62 -34
6
22 -66 42 -14 58 54 -58 -34 -74 -74 -30 -82
30
43
9 -70
-14 -43
9
-81 -78 -54 -89 26 -35 46 -19 41 9 -29 71 -45 76 -55 73 -79 7
60
97
-29 71
-63 -70
6
-28 26 -46 -1 -55 -73 71 -19 80 62 -10 35
26
71
76 26
25 16
4
20 -40 -94 52 -60 -24 26 -70
13
69
-17 -47
-34 -16
4
-11 -44 27 96 -81 -22 -61 -58
10
30
-36 -51
-8 46
10
-77 84 -81 64 -81 48 -65 -2 -53 -30 11 -32 85 -20 79 70 29 88 -59 92
43
92
11 -32
-11 14
6
7 2 -73 -58 -65 -70 -13 -66 3 -54 35 2
59
63
35 2
-67 -64
3
-71 -24 29 -54 9 46
58
78
-51 -30
-7 26
7
-77 18 -97 -14 -37 -82 3 -78 43 -66 63 14 27 26
19
37
-52 -65
-60 17
8
-37 -54 3 -86 35 -98 47 -10 11 70 -69 50 -97 30 -89 -10
6
55
38 -76
-34 33
10
-36 -75 69 -96 83 -96 90 -89 90 9 76 37 48 51 27 51 -1 23 -43 -26
32
66
54 48
-5 -13
4
28 -15 68 35 68 45 -62 -65
35
37
40 0
-12 -36
3
-63 33 -27 -48 9 -48
13
82
-22 -48
-51 16
10
44 90 4 76 -78 31 -81 21 -71 -67 13 -86 46 -71 81 -16 86 20 85 29
61
80
44 90
45 -1
8
73 85 63 87 -17 85 -76 54 -98 -63 -44 -60 22 -7 36 6
3
96
36 6
-63 -32
5
91 80 -61 56 -81 -24 -81 -32 51 -84
38
74
-81 -27
-22 -45
4
-73 -24 -25 -60 65 -6 -79 30
64
98
9 8
-54 3
8
68 -39 76 -21 58 49 -52 -19 -90 -57 -64 -93 -34 -89 58 -47
42
98
3 15
7 -8
3
93 51 -2 53 -54 -63
7
95
44 13
-2 45
9
-60 75 -60 -15 -45 -45 -30 -50 65 -65 65 -5 60 30 30 45 -55 85
56
94
46 37
-37 74
10
-76 -72 -73 -93 53 -93 68 -84 89 -69 80 -51 41 -12 -4 27 -40 36 -76 -42
54
74
-76 -72
-53 -42
5
-40 17 -55 -13 -58 -79 35 -70 8 62
20
53
35 -70
27 -40
5
-48 22 -80 14 -16 -58 48 -26 -8 14
4
59
2 -49
4 3
5
-51 2 -60 -34 -15 -79 48 -7 -15 11
29
31
13 3
-42 -9
5
9 -40 61 -36 25 56 -35 88 -91 24
75
80
52 -13
16 52
10
-37 -53 -19 -87 19 -91 31 -81 69 -27 75 -7 87 37 -7 73 -23 77 -89 67
1
11
-37 -53
26 -17
7
85 -11 1 89 -23 93 -55 65 -67 -43 -19 -51 21 -51
31
94
29 -46
3 -30
8
-56 -23 -60 -35 -16 -47 32 -35 72 -23 84 9 88 49 84 53
22
34
62 -26
31 -22
4
38 6 59 41 -18 6 -53 -78
50
75
38 6
4 -23
3
-7 77 71 -49 23 89
32
46
8 83
11 84
5
-68 -94 -28 -80 90 14 98 90 -92 -16
26
62
-28 -80
56 -6
6
-63 16 15 -44 57 -56 63 -38 69 -14 -63 70
35
60
62 -41
53 -26
7
-64 15 20 -51 26 -51 86 -9 92 21 26 63 -70 33
38
47
-65 18
63 -15
4
-84 84 -90 -30 54 -66 -27 84
7
24
-86 46
-10 46
5
41 -3 71 67 -29 67 -69 -63 -9 -43
39
81
-51 -57
36 33
7
-42 -18 -12 -33 63 9 15 33 -21 45 -45 24 -45 -3
18
64
-42 -18
-23 26
3
57 -98 -15 38 -27 46
53
71
15 -26
16 -23
3
-62 -40 22 62 -74 -10
17
36
-38 17
-52 -5
4
2 -13 -22 -93 42 -77 58 27
95
96
-16 -73
14 -25
8
-59 18 -80 6 -98 -66 -56 -78 1 -90 70 -60 88 6 13 42
4
38
1 -90
-49 -53
6
49 34 37 84 -83 66 -93 8 51 -64 65 -56
46
90
43 59
33 17
10
69 -61 97 -23 98 47 95 49 90 51 -21 -39 -72 -88 -72 -94 -47 -98 18 -99
37
75
97 -23
36 0
6
-53 56 -63 -94 37 -9 72 36 77 51 12 61
22
85
-63 -94
-6 47
4
81 -47 81 -38 -63 25 36 -38
19
80
-63 25
22 -27
4
57 -19 73 85 -39 85 -63 5
31
100
65 33
8 52
8
-46 69 -74 1 -52 -21 46 -85 80 -51 96 47 -8 91 -28 95
8
22
80 -51
59 -61
8
-96 -39 -24 -69 75 -81 84 -75 69 36 18 42 -36 39 -84 -12
31
61
-18 40
-64 -47
6
-33 27 -60 0 -78 -63 -69 -81 -33 -72 48 72
6
58
-33 -72
15 33
9
-89 -84 -77 -100 51 -68 99 -52 99 -36 95 -24 67 44 -17 88 -53 36
52
95
-17 88
-51 -48
9
-72 83 -80 -5 -80 -37 -56 -61 8 -69 24 -69 32 -29 -16 83 -40 91
78
99
-60 -57
-71 30
10
-21 -24 28 -52 49 -52 84 -38 63 53 35 60 -21 67 -49 67 -63 32 -28 -17
6
100
31 -52
67 13
10
29 74 -10 62 -82 -70 -94 -94 11 -97 38 -82 68 -64 71 -16 68 50 65 77
80
84
70 6
-29 -2
5
52 -10 49 88 48 95 -50 -15 37 -59
27
57
49 88
44 89
4
21 82 -35 47 49 -58 77 82
55
57
48 82
63 18
10
-48 -19 -20 -75 1 -89 92 -33 99 -19 99 9 71 51 29 65 -41 72 -48 23
62
96
-43 58
64 20
6
21 -5 -32 55 -75 -19 -83 -38 -83 -41 -62 -90
5
32
-83 -38
-7 -12
6
-84 -8 -20 -64 36 -8 4 64 -20 72 -84 0
10
89
-14 -58
-32 -39
9
15 53 -65 43 -65 -57 -45 -67 -25 -67 55 -37 65 -27 65 3 35 43
5
48
47 27
39 6
4
-44 100 -35 40 22 -77 91 85
6
89
68 31
14 3
6
-66 30 -74 -74 -42 -90 2 -68 62 -22 -44 76
34
93
-44 76
8 -42
4
-9 94 -13 -16 71 -22 95 38
30
77
-11 39
49 17
5
76 -82 -50 68 -38 -40 -14 -58 46 -82
19
72
76 -82
-17 -3
10
-40 86 -70 76 -70 46 -60 6 -40 -34 -10 -64 20 -74 70 46 60 66 -30 86
65
76
-42 -30
-44 32
10
51 17 61 77 -29 67 -99 7 -99 -3 -79 -53 -39 -83 -29 -83 1 -63 41 -13
85
90
-43 55
25 18
8
86 -50 68 16 23 91 8 55 -1 13 8 -44 68 -68 92 -77
24
90
2 -6
23 -13
0
