1682.969263404094
1440.844994866887
3954.498619717604
781.774388012838
6188.093405888440
10440.858075067646
4443.422104639621
1438.713901051429
8784.729477906534
2308.128217282690
516.521905544144
752.396172239067
3969.822248321124
2589.356676860104
6030.315360376885
7017.606277458080
6297.433544235845
3510.105038925395
6650.455623489266
1372.787768553502
2998.963429398818
2980.368433600114
1226.635532776054
4726.339348601941
1130.270276987802
8157.783093463567
1925.170641787372
2531.508863399582
4498.370064807642
812.831221117459
5946.849661177268
3932.582993402682
3068.292197956076
2428.027401033222
2355.346445175546
3366.878699980623
4454.705666997670
3341.955683829139
11322.913610981188
2564.954540115346
4762.810986490307
2146.776187682358
303.209498531956
5563.535667555124
4050.099553777614
1388.041065674932
4883.234730714296
201.372826883915
1749.572333421397
2782.548788858795
1676.009752622234
1053.930156713264
6348.810133152997
807.732629030176
3766.305061495834
6187.798047464021
1677.208070800640
3773.744973425007
1490.320770840962
4645.986949092191
2850.816724106860
1012.989286543658
2069.654684114882
5188.450250315599
2642.131645815693
1443.086968966181
3381.339006309197
2271.908408590388
4369.173834948662
3674.093757946209
850.832855779465
3426.677691292252
982.024241773892
5046.296067414198
722.811585616469
1434.635658550155
7146.391024699063
1104.811296104452
5044.162179602674
5199.823211408806
542.950345081529
79.228809759222
3493.867854869025
5378.898772053625
4536.916488945897
2902.197059118098
5529.596787927183
3334.063638584182
2851.025258026143
1383.149645723876
6267.986344756443
1649.691526611187
1811.118721101222
1236.949223718823
8510.053886354359
3815.406269324408
4738.977744242742
4409.010705099458
5146.097737346694
4836.782312904192
3405.385752122733
9388.282598379343
2894.042328646905
3105.445101915003
4186.670855943990
378.230995173950
1311.844846702154
2381.141612127608
726.233342687883
15328.048497225207
1551.011283002158
449.992742152989
1264.389071373727
2359.827536071227
2167.200953664047
2085.529806086460
4030.796695443718
1960.627671607270
3967.876877526612
3806.793524063713
1780.017442385295
1193.714397934634
2543.613925516106
1376.885990811527
7331.363016948523
2149.710209450326
2913.730280244066
2822.552036721378
1902.542102538341
8558.424017424073
2536.165327112220
4860.858575804069
3177.454399670345
3945.774955569565
8571.486536635344
5518.327735827223
655.922741544324
5313.049971532359
2640.083793083148
3858.760133864278
4978.599736376974
6820.460047320186
4720.350613982636
3159.311930852726
3206.698113898812
5406.480194090567
649.037749287358
4864.884171283012
7787.581481127167
621.240308894578
685.009250295652
3300.353669748277
3197.168218628194
9365.575743113714
11515.252363713094
1837.932022952384
2385.936328123100
3421.326058708816
3312.029281820423
2662.573168142945
3781.971972397469
1266.675964878153
6519.509221269077
2426.227302608170
2387.433941453389
10747.748601451376
5954.766326229771
3341.592518076441
3186.752377251783
2384.634699380230
1736.226884265217
258.936621858982
3704.085762252224
2607.926490501170
5606.663535472768
734.479407471714
617.573429858212
1712.391400201236
1520.691185658051
6096.159118658239
1557.895046969300
552.308790442448
11815.305751439528
1181.524160558224
11403.557062436990
1541.727112622379
6945.390701753214
4947.441454598960
8229.651754479044
3352.527423532285
2045.598910810570
2098.618591077775
4306.595871451140
1039.332563908461
3827.899030910898
1925.102389115161
2203.732370722826
3435.196091132426
1861.801231074710
2887.015225516132
901.124297752535
4353.619184081217
2487.456537089833
4646.564101719708
2182.630080610225
1852.941381591677
1912.960802746049
1048.821570372296
3908.019482816460
4049.096703130277
3950.809740179681
2630.073895790411
1676.554444998685
6822.153068700911
3701.365423732167
13710.110742951389
9938.668924961732
4093.375792712794
7541.723987410011
503.859557589477
3129.619936023800
2998.357688124854
3502.039691379868
5343.917508629132
6656.591137055683
5253.866005143260
4202.017848605596
2035.411164804655
6879.211464771593
5287.113390121305
5328.864794681885
3306.366424182690
2339.508495389577
2873.447960948876
6362.408455596297
99.713376779234
5037.421386118209
415.216810835014
8049.664750512371
3092.142299442249
3258.331904810925
1199.957626957513
2091.818201177009
2400.947810589413
456.013149354543
1126.124175145010
2852.280116404095
2221.433357571735
4977.769983264392
1053.998364740647
1036.937885369047
1347.010181699289
388.709568638378
5278.369972624057
1064.543206989212
820.539456699067
304.200437048664
8342.298035008558
2955.692305809634
1480.577789361974
2097.431762894803
2733.074459285733
2849.142613267204
7525.941364337094
5372.416216191743
2803.637637070811
1490.499370832312
1604.244370412438
4335.697715555075
5816.826626262811
1513.516765681834
3666.511739083780
1237.316951049617
3033.862295716511
3860.682390483949
531.224980469527
796.838222300554
5203.654965502613
2695.784549889675
982.923525276632
890.366439818556
9054.093438881664
2961.495091766457
3250.426409480659
448.305255061108
2366.745337958236
1629.907024851154
546.116251679716
6038.841329154455
2194.248162811125
4524.322632931342
6952.273598484188
1207.078253515102
3657.962687450406
2988.287123233512
11316.373977560126
6322.179345306871
3853.462846237835
2269.135015499911
458.999143675154
980.125471915363
1934.037738977383
2787.406680052267
3642.146060843209
1978.198455968072
1098.976047711579
4857.018426977605
3042.953302652405
3248.142353928370
1181.559607893643
1159.230714304583
1830.830685781730
1858.782776576452
789.131167804187
1979.974740388057
7240.165743959181
5386.193089743441
804.931918815732
2020.290078181844
2320.776690779766
6023.716379761143
2505.647084428817
2474.394754848892
629.659079803561
4926.645504269219
1213.087052152198
3586.923891572232
1719.107380664220
5900.193189610686
1969.771560359221
1909.771959508024
474.736678735178
1275.600541335451
12454.027461026413
2402.860006867103
1525.136715183265
11799.213288090061
3689.951354692904
1693.969163594305
1720.974348933054
4691.097952505362
7653.916644437670
5217.261843631778
2402.904463424739
2607.571526494157
4288.828962809347
2265.916759300012
1280.828111304242
7225.578617496855
3147.185177896881
3062.151949206691
5328.003160574352
2287.833035866036
1460.341713759418
5260.922582171186
2783.718178941964
709.507067062073
532.687087713075
1745.110025184659
5797.586902659713
590.026181910341
2714.018546770134
958.185858146504
2330.624281793001
107.154645020190
3218.936791441553
1045.710455492958
6136.989377888020
1027.068072585523
6770.509389113443
1880.380828778405
224.521713871955
706.746022408253
5433.973132064604
1205.151543551536
3272.532657031988
4889.401803901987
5355.811168883667
2030.030011781914
6008.327554319921
334.767625942348
4915.625309781496
1246.512146651689
9513.996246758503
7837.779229500539
1164.039592021639
8343.107334800387
290.644112274789
3746.855881936213
10497.134189125281
1231.330550213537
1304.838380982729
967.038587933281
3629.490529980358
8249.156820267403
4920.775955070500
3702.466318130868
4684.204089869961
6967.302203866286
1949.121240543139
