7
90 67 -74 63 -78 51 -94 -37 -58 -65 -10 -77 82 -89
27
37
-74 63
59 23
5
32 -69 72 75 -40 43 -56 19 -56 -85
44
78
-40 43
8 -7
7
85 56 65 92 25 36 -39 -72 -35 -96 -7 -88 61 -4
2
45
-35 -96
8 -61
9
52 -42 76 -26 92 6 84 22 4 94 -4 94 -44 38 -12 -50 4 -58
13
66
-44 38
40 61
5
-30 65 -46 9 42 -87 46 -63 46 81
1
86
27 77
19 38
7
19 -50 57 48 63 86 -11 98 -71 20 -57 -46 -17 -94
39
58
57 48
24 46
6
83 4 83 40 37 94 -59 66 -63 36 -67 -4
17
48
83 40
31 77
3
83 -56 -46 79 -67 -89
23
32
-52 31
-18 -10
6
-3 -56 5 -64 69 -80 21 56 -11 72 -19 64
27
89
-7 -26
13 -6
5
-46 -70 18 -54 46 -22 -54 62 -98 -22
75
84
46 -22
0 -31
6
10 10 -95 67 -44 7 1 -41 49 -92 61 -50
1
75
1 -41
-60 34
10
-55 -63 35 -47 47 -41 79 -19 89 3 97 49 51 59 -23 69 -89 67 -73 -35
21
30
45 -42
-71 -7
8
69 50 -51 66 -75 -30 -67 -54 45 -54 69 -38 77 -30 85 -6
21
25
77 -30
75 12
9
-88 -47 -48 -71 -44 -70 56 9 74 38 77 53 28 100 -3 90 -51 43
70
75
56 9
-28 26
9
-74 -49 22 -73 55 -73 67 -55 97 2 100 26 49 44 -2 20 -50 -22
6
84
67 -55
73 -40
3
-98 13 11 41 23 80
55
74
-98 13
10 47
6
-83 63 -11 -65 21 -41 45 23 -11 47 -75 71
52
99
-75 71
17 -6
10
-55 -65 15 -86 92 -86 99 -2 99 68 92 89 8 68 -34 54 -69 33 -69 -2
6
13
93 86
30 16
10
-53 -32 -77 -47 -68 -65 -38 -83 58 -86 70 -71 85 -17 67 -8 22 4 13 1
6
97
-69 -42
0 -14
8
83 53 68 92 -4 68 -26 55 -65 -6 -56 -23 -49 -24 41 -22
51
86
-49 -24
-13 -11
7
56 -50 24 50 -8 82 -92 34 -48 -74 52 -86 56 -74
3
40
32 25
0 -10
4
59 -2 44 52 14 70 -69 14
22
62
-69 14
8 10
3
-99 69 -95 29 71 61
27
52
-99 69
20 58
9
-87 2 -87 -30 -47 -46 -15 -46 57 -38 41 2 17 58 -7 82 -39 82
56
82
-47 -46
32 -35
6
74 42 32 54 -31 48 -61 -36 35 -39 77 -36
26
48
-41 20
-22 9
4
85 -65 79 1 67 37 -35 91
38
42
83 -43
22 39
10
-2 -96 5 -96 36 -92 82 35 37 60 -21 91 -26 91 -56 77 -56 44 -55 -65
62
82
-26 91
-13 -19
6
-50 -72 -23 -66 19 -51 88 87 -95 -9 -95 -24
9
84
-34 23
11 6
7
-76 -26 -68 -74 8 -60 38 -54 52 -18 14 26 -52 94
49
88
-75 -32
-11 30
9
90 -40 93 -1 93 35 81 59 36 65 -45 41 54 -49 81 -73 87 -61
29
57
93 18
52 -19
5
-61 -41 43 -17 27 87 -93 71 -93 -33
14
78
35 35
34 14
3
81 17 11 47 31 -83
6
86
11 47
57 -13
8
83 -14 66 82 17 55 -39 16 -67 -7 -13 -83 37 -83 92 -67
79
87
-39 16
-22 -45
7
62 -25 2 65 -10 59 -40 -55 -40 -79 -16 -79 56 -37
56
74
-6 61
-11 15
8
-96 13 -96 -43 24 -3 32 45 32 69 -8 85 -24 85 -48 69
39
51
24 -3
10 58
9
69 -55 90 5 96 47 75 68 27 74 -30 5 -33 -22 -9 -58 12 -58
18
38
-19 -43
6 -53
7
-67 84 -95 -8 -59 -64 45 -72 85 -12 89 32 -55 88
2
93
45 -72
-46 36
3
-50 -34 70 -42 -50 6
15
37
-50 -2
5 -27
3
94 37 -30 76 -27 60
52
85
-30 76
9 57
8
-73 -30 29 -6 53 24 71 48 71 60 47 78 17 72 -85 -12
19
32
-51 16
-36 3
9
83 -52 87 -41 70 17 47 50 -30 73 -49 59 -97 22 -59 -40 42 -73
16
94
83 -52
32 -60
9
-72 -30 10 -38 100 39 98 55 90 99 12 98 -10 97 -71 74 -94 20
9
44
94 77
12 -24
7
55 5 -22 61 -43 54 -78 33 -99 -30 -29 -86 6 -93
17
72
0 45
-51 -49
3
68 -15 11 81 -100 57
2
27
-100 57
13 13
3
10 -69 3 -48 -95 1
35
94
-17 -51
1 -51
4
-77 -85 58 -60 93 60 -57 -45
35
95
-23 -75
39 -50
6
-14 -44 94 -20 94 16 16 28 -62 34 -50 4
26
83
-36 32
-45 4
9
-2 66 -96 58 -76 -18 -6 -34 90 -50 92 20 86 56 78 60 32 64
1
92
-76 -18
-59 61
5
70 -69 90 -29 100 21 0 11 -10 -49
20
80
62 -67
34 1
10
15 -43 60 -33 90 -8 90 7 80 62 20 87 -20 92 -35 52 -25 -18 5 -43
2
87
-29 10
-13 32
6
-81 -22 -62 -38 16 -62 100 44 -22 62 -58 27
10
35
58 -9
-59 -32
3
12 -17 72 -27 -28 83
72
85
-8 33
15 19
8
-25 92 -76 11 -91 -28 -61 -70 -37 -88 -16 -91 29 -49 35 5
2
48
-91 -28
8 -27
9
69 87 -36 99 -93 21 -63 -48 -18 -57 72 -69 78 -21 84 75 81 78
70
90
77 81
-81 5
10
21 40 -57 -2 -33 -38 -9 -56 12 -65 63 -47 84 -29 81 -14 54 25 27 40
18
42
36 35
-28 -17
10
80 -38 68 -8 14 70 2 76 -16 70 -40 58 -34 4 8 -38 62 -80 80 -74
65
68
-18 69
30 -44
10
-83 -16 -71 -49 -3 -65 43 -52 95 -31 95 3 84 41 77 54 0 66 -93 12
74
93
77 54
0 2
8
76 29 73 66 34 73 1 45 -42 -7 -67 -92 61 -90 71 -54
35
61
71 -54
41 54
8
-99 0 -77 -77 -39 -100 28 -47 68 49 62 90 -14 58 -91 6
2
96
-85 -49
-32 -61
5
92 91 94 99 -35 35 -75 -31 52 57
82
85
94 99
11 40
4
-50 -41 44 5 -10 49 -100 35
49
60
17 27
27 9
10
22 -87 84 -17 100 23 96 49 73 76 42 99 6 69 -64 -44 -60 -78 -40 -87
15
29
6 69
-40 -28
5
68 -6 -36 42 -76 22 -88 -18 -60 -30
52
79
16 18
-57 11
6
-64 -31 26 -61 62 -1 62 11 44 23 -70 47
44
83
-69 34
7 -29
8
-9 76 -30 90 -79 90 -100 69 -100 -43 -51 -78 54 -8 -2 69
66
75
-67 90
-5 52
7
-38 -30 2 -60 92 0 72 30 22 70 2 80 -68 50
50
88
62 38
-24 36
4
97 -17 10 40 -14 -2 76 -38
44
99
90 -24
15 31
10
74 -74 99 6 54 51 29 71 4 81 -81 41 -61 -39 -31 -79 -1 -99 34 -99
8
98
19 75
46 -46
7
6 -90 26 -70 48 -44 70 8 48 90 -4 58 -16 -84
39
53
-4 58
37 49
5
67 48 57 90 -71 26 -57 -50 3 -68
26
28
-35 44
33 0
6
-51 -19 13 -43 89 1 -7 65 -59 77 -59 45
77
94
59 21
-23 67
4
-94 64 -58 12 62 -100 -48 40
21
40
29 -58
2 -39
6
71 -42 15 78 -77 58 35 -66 43 -68 65 -50
28
83
-21 -4
-29 38
5
2 -52 74 -7 -25 2 -70 2 -43 -43
5
26
-67 -3
-18 0
4
78 62 16 48 -2 32 78 -16
3
80
16 48
67 54
6
8 70 -17 18 9 -29 45 -89 87 -13 48 93
75
97
87 -13
44 -1
7
-62 -66 -40 -84 -6 -78 30 38 -38 94 -88 90 -94 12
39
59
-21 80
-58 17
8
47 -36 63 0 63 88 -61 96 -73 96 -93 -20 -97 -76 19 -84
52
89
-96 -62
-51 -1
5
-10 72 -66 40 -10 -16 86 -56 54 96
6
94
-23 -3
55 56
9
9 -77 36 -77 99 -62 99 52 51 76 9 70 -45 43 -63 -11 -63 -50
40
90
-63 -50
54 2
8
65 21 71 39 -13 99 -19 81 -13 21 -7 -3 5 -39 35 -39
13
26
71 39
10 -14
6
-55 -88 -23 -96 57 -80 65 -24 17 24 -95 -56
6
26
62 -21
31 7
8
76 48 22 72 -32 90 -53 75 -86 -21 -83 -63 -26 -36 43 18
99
100
-53 75
35 47
3
43 24 -42 -56 -2 -66
3
94
-42 -56
18 -4
6
89 23 21 91 -43 93 -61 11 -41 -73 1 -83
24
79
21 91
3 51
4
-75 -52 81 -76 45 -13 18 23
44
62
16 -66
-29 -34
5
36 -53 46 7 -44 22 -89 -53 -14 -88
6
46
38 -41
-59 -55
6
-60 63 -36 39 88 -81 76 23 44 83 16 79
41
83
-52 55
28 72
7
-20 -24 -44 -80 -36 -80 84 -56 84 -32 60 0 20 16
9
36
-32 -52
30 3
3
-52 -32 76 -97 -10 70
29
35
76 -97
41 -62
3
-81 48 74 -17 -51 88
72
75
49 4
2 39
4
8 35 -64 62 -46 -100 89 -100
6
88
-16 44
28 -30
7
35 0 -33 16 -87 18 -83 -44 -7 -70 7 -66 61 -14
24
49
7 -66
-19 -40
5
99 67 99 73 -79 81 -9 -27 79 -27
75
90
-79 81
63 40
9
5 60 -58 46 -86 39 -93 32 -51 -38 19 -73 40 -80 40 -52 19 25
60
61
-92 33
-58 -2
10
71 74 67 86 23 74 -41 -6 -57 -38 -65 -70 -13 -78 31 -82 59 -2 71 62
74
95
23 74
-15 23
9
-12 84 -4 -44 36 -52 52 -52 60 -44 84 -4 92 68 76 84 -12 92
46
83
10 90
-2 67
3
34 -51 66 69 -62 -91
69
94
50 9
46 38
10
-64 -59 24 -27 36 -19 36 -7 32 69 -80 77 -84 77 -96 45 -100 1 -100 -55
18
29
4 71
-24 50
6
-12 87 -22 77 -82 -43 38 -43 68 47 78 97
54
80
-12 87
7 -36
7
-9 63 -49 43 -49 13 -39 3 91 -17 71 63 31 73
4
7
-49 36
48 -4
5
-49 -12 -99 -27 -89 -82 16 -97 16 -87
48
52
-49 -12
-57 -29
6
61 0 71 40 -9 50 -9 -40 1 -40 51 -10
45
64
6 -37
61 15
5
37 11 -46 58 -98 -39 -29 -64 70 -26
20
52
37 11
-17 -19
3
90 -97 -10 43 -40 73
7
20
-10 43
-10 38
10
-33 -84 3 -68 23 -48 55 12 67 56 7 92 -61 56 -69 28 -69 -36 -53 -68
23
44
3 -68
51 35
10
16 94 -8 100 -56 76 -92 52 -98 34 -62 4 -8 -2 34 40 40 52 28 88
61
71
20 92
-15 16
3
-39 -10 26 90 -28 35
44
73
-39 -10
8 63
8
-100 -33 -79 -47 -65 -54 40 -68 40 -61 19 23 12 44 -100 9
3
93
18 26
-27 -20
6
-63 70 -45 25 63 -92 90 -92 81 -11 45 43
19
82
75 -92
-35 52
4
78 -77 38 67 -30 39 -50 -89
45
96
-50 -89
56 -51
8
-27 30 -33 -2 -1 -62 55 -40 69 -14 65 2 43 44 5 64
45
49
65 2
0 -35
6
92 -79 97 21 82 76 -88 66 -78 21 12 -84
8
93
-30 -35
-67 48
9
-9 69 -81 -3 -97 -35 -97 -43 3 -91 59 -95 67 -91 91 -55 67 9
30
32
-22 -79
-63 -48
9
-11 28 -39 -24 -33 -50 51 -82 55 -64 65 64 65 74 59 88 19 58
76
97
59 88
-5 -13
4
67 26 -52 96 -38 26 46 -79
23
93
22 -49
7 13
8
-1 -63 47 -51 99 -5 91 25 43 43 11 53 -43 1 -63 -65
33
79
7 -61
-18 -33
4
-87 -48 -19 -80 13 2 -37 18
9
12
-87 -48
-2 -28
8
50 83 -48 76 -90 34 -76 -1 -27 -36 43 -43 64 20 57 62
30
79
-41 -26
-63 52
9
18 72 -17 67 -32 62 -42 -18 -7 -88 68 7 78 27 68 67 58 72
4
87
-7 -88
-5 -6
3
-54 81 -54 -36 0 81
28
51
-54 62
-27 38
4
57 14 -38 12 -86 -35 -88 -60
55
89
-38 12
-25 4
3
-35 -30 97 26 -25 92
11
45
-25 92
-10 54
8
-75 -69 -75 -77 -35 -69 -3 -61 37 35 13 43 -51 27 -67 -21
4
95
31 37
-21 -34
6
-59 -6 -49 -36 -34 -66 1 -91 36 -66 11 34
9
68
-36 -62
-26 0
8
-67 10 -78 -77 18 -86 81 68 85 84 69 85 43 78 -46 27
10
93
-46 27
-19 -27
4
-87 -83 21 -65 30 43 -60 -20
18
97
24 -29
-50 -35
6
-16 -85 74 -100 94 -95 74 -15 19 15 -71 -25
15
19
-71 -25
-47 -19
4
80 63 40 63 -40 -29 24 -61
18
53
14 -56
55 56
8
15 77 11 77 -57 -39 -65 -59 23 -99 67 -55 67 61 55 69
20
65
11 77
0 54
10
-80 73 -84 51 -69 13 -41 -45 -24 -72 54 -5 83 36 43 64 -14 87 -44 81
69
77
-80 73
-68 29
4
80 21 71 54 -61 -12 5 -84
15
71
-50 -24
9 -3
6
-22 -77 34 -63 97 -35 90 42 69 91 -50 77
4
95
88 -39
71 -40
10
-16 60 -56 23 -85 -42 -91 -75 -76 -76 -34 -78 25 -68 73 -40 67 -19 20 61
65
75
-91 -75
-31 34
7
67 -11 57 9 47 24 7 74 -73 -6 -93 -41 -18 -76
23
100
-85 -27
-46 1
7
24 -48 42 -48 60 6 33 87 -30 96 -57 96 -12 6
42
65
-42 66
-25 37
4
9 -80 -1 58 -42 46 -74 -77
48
58
-1 58
-10 42
7
-30 71 -94 91 -66 43 30 -81 62 -77 66 -17 66 -1
49
98
-80 67
12 4
10
51 -67 73 -17 75 -11 69 11 53 53 35 81 -15 93 -67 5 -75 -11 -55 -75
2
56
53 53
-19 0
3
-79 51 89 3 2 66
14
78
2 66
20 25
4
69 9 87 39 69 75 -69 45
8
94
75 19
0 50
10
100 -20 78 36 -14 76 -28 80 -76 76 -86 20 -84 -36 -80 -72 -14 -92 88 -48
54
66
-76 76
28 -64
7
26 -62 50 -38 56 -26 86 58 26 88 -22 76 -34 34
98
99
76 30
-22 73
5
-11 12 9 -60 49 -80 93 44 53 56
16
61
9 -60
17 -13
5
53 42 21 -90 45 -62 53 -50 73 6
20
60
21 -90
43 -5
9
-75 -62 -18 -53 42 -41 75 -32 90 49 75 79 36 85 -39 94 -81 -59
25
50
36 85
-27 24
9
62 41 54 57 -10 85 -22 77 -74 25 -74 -11 -10 -95 50 -87 70 -63
8
81
63 28
25 20
5
26 -46 22 -14 -90 78 -58 -6 -14 -82
3
91
23 -22
-39 -30
5
-86 12 -71 -27 -17 -42 25 24 -44 36
71
95
-71 -27
-35 0
7
-98 -9 -90 -90 -42 -78 -17 -66 42 10 -9 66 -77 26
51
82
-17 -66
-39 14
8
-70 -56 -34 -74 50 -8 80 46 68 58 14 64 -64 4 -70 -26
8
42
-70 -34
-9 32
4
80 -39 70 71 -10 1 20 -39
72
78
70 71
5 -9
4
-44 42 -34 4 56 -92 44 -20
5
91
-44 42
7 -18
10
77 -32 93 -16 73 24 21 52 -55 60 -59 12 -67 -96 -63 -100 -19 -100 17 -80
7
17
-46 -100
-52 59
10
-56 -35 -16 -60 29 -80 69 -60 74 -15 44 95 -21 95 -51 75 -86 40 -71 -10
17
30
29 -80
44 -40
3
-9 -45 39 -9 -39 27
56
90
15 -27
14 -10
9
87 0 95 16 63 40 23 48 -57 40 -57 0 -33 -24 15 -56 47 -32
26
64
-57 4
13 -20
3
-5 70 -35 -96 35 41
31
81
-20 -13
17 51
6
-77 -15 -56 -8 -49 -1 14 83 7 97 -35 97
20
62
-15 97
-67 4
5
66 82 3 89 -74 82 10 -44 80 -72
1
100
30 86
43 51
6
-9 80 -21 62 -33 -4 63 56 63 80 27 86
4
100
63 58
-31 3
8
-36 -61 52 -61 100 19 92 59 -4 83 -12 83 -36 75 -52 27
31
86
-10 83
-14 8
3
63 -79 79 85 -25 -39
10
60
1 -8
50 -54
5
87 82 -53 40 -67 -16 -18 -72 45 12
30
86
-58 20
-40 29
7
-17 -58 67 -52 43 2 -35 98 -77 38 -71 -34 -41 -58
31
76
-75 14
-24 55
8
-50 -36 -20 -76 70 -46 80 -6 70 44 40 64 -30 84 -70 4
10
85
46 60
-22 14
4
-68 -70 22 -20 22 10 -78 -30
4
87
22 -5
0 0
10
93 6 98 60 90 72 -50 98 -75 82 -87 33 -47 -36 -20 -76 81 -19 82 -18
18
88
-20 -76
-19 24
5
22 6 -6 27 -20 27 -76 -57 50 -64
28
56
2 21
-29 2
3
53 -88 83 2 29 8
5
100
62 -61
36 -15
5
-41 -55 -25 -63 27 -11 79 65 -41 -31
9
97
69 57
-5 -19
4
10 45 -20 -5 80 15 100 95
56
88
5 0
10 2
7
26 61 -46 -43 -30 -83 18 -43 98 53 74 69 50 69
30
96
60 69
48 -4
3
-53 -73 -10 -51 -58 77
49
96
-10 -51
-42 -42
3
16 -68 32 56 -68 84
73
88
20 -37
-23 23
8
7 -41 75 -35 87 -15 81 -1 -27 61 -67 75 -91 49 -41 -25
5
71
87 -15
-26 -23
6
-79 80 -70 50 -10 -43 26 -61 62 -1 59 32
49
56
59 -6
1 -26
5
53 -51 93 -41 3 89 -77 99 -77 9
13
47
-77 19
30 8
10
8 -47 86 8 90 46 69 54 -22 63 -70 44 -89 29 -91 22 -80 -75 -72 -83
4
24
69 54
-41 2
4
48 43 -62 76 14 -76 84 -21
10
17
8 55
-36 30
5
46 87 22 87 -32 27 -32 -87 70 -75
79
94
36 -79
-20 -43
7
-13 -86 53 -26 77 -2 77 82 -55 64 -37 -32 -19 -86
60
75
-11 70
-16 -13
3
-66 -22 6 -85 -30 23
21
33
-30 23
-45 -5
5
-77 -62 -28 -69 14 -13 0 29 -35 57
81
85
-49 -66
-42 -10
6
92 -29 84 31 56 55 -68 99 -88 19 88 -69
42
76
91 -39
52 -1
9
26 2 -37 -47 -30 -75 5 -89 40 -96 68 -82 96 -47 96 23 75 37
37
79
0 -87
28 -15
7
-57 -93 18 -78 48 -23 -7 37 -42 67 -92 72 -97 -43
52
54
-96 -20
10 -69
3
36 59 -6 -4 57 -32
3
32
51 -6
6 11
8
56 89 51 89 -9 79 -34 4 21 -11 31 -11 51 -6 91 24
71
92
91 24
20 26
5
79 15 74 45 -56 20 -71 -25 -46 -20
75
93
77 27
-31 -10
4
43 78 -65 24 79 -48 79 33
21
71
79 11
48 21
10
-59 -77 -27 -93 27 -85 85 -45 87 7 87 29 43 71 -37 91 -85 63 -95 -25
4
97
43 71
-4 -58
10
-87 -6 -67 -46 -62 -51 -22 -66 8 -71 68 14 53 39 8 84 -32 89 -72 84
4
74
-56 86
12 13
4
3 -32 -33 67 -96 49 -60 -77
12
44
-11 -42
-35 49
3
-14 -54 -50 72 -50 -81
1
89
-42 -75
-30 -35
5
25 45 -3 -39 95 -53 95 -11 46 31
25
100
95 -41
28 32
8
49 -31 -2 68 -14 80 -77 50 -80 47 -92 2 -38 -22 34 -40
32
66
15 35
-34 51
8
40 51 16 75 -20 81 -86 3 -98 -75 34 -63 52 -51 70 -9
76
84
16 75
-38 59
4
80 -25 41 74 -16 86 -64 -4
28
95
-40 41
0 24
4
-68 66 22 -60 94 -6 49 75
14
21
-28 10
12 -19
10
76 93 -20 95 -28 91 -98 35 -88 1 0 -55 22 -57 36 -41 88 41 86 87
64
91
-88 43
20 23
7
70 75 -14 79 -64 39 -42 21 14 1 68 25 86 63
42
46
-14 79
28 17
7
28 -22 22 60 -66 80 -80 44 -78 2 -24 -48 16 -50
67
69
28 -22
-73 3
4
63 -2 79 10 -93 -42 -81 -58
16
34
-84 -54
64 1
10
96 67 86 94 -22 81 -46 55 -18 -64 -4 -64 5 -63 53 -43 58 -39 73 -14
12
25
-9 -64
40 -40
4
-72 85 -42 -35 -18 49 -12 91
10
84
-22 90
-29 25
4
12 66 -35 68 -80 -15 -4 -24
57
68
-35 68
-34 -2
10
-94 -34 -84 -64 -44 -74 -34 -74 76 -44 66 46 46 56 6 66 -64 56 -84 16
11
81
-36 60
-26 13
8
-11 -11 -17 -23 -17 -59 1 -65 25 -59 91 -29 97 -23 37 13
55
61
-11 -61
68 -37
10
-12 -43 36 -28 75 20 90 56 78 80 66 80 33 74 -3 59 -54 32 -78 -16
54
59
49 -12
25 4
8
-6 -51 62 -64 73 -42 61 30 33 65 -26 92 -51 22 -36 -38
24
100
62 -64
-8 -13
5
41 61 -99 81 -49 -49 -19 -59 1 -29
43
99
-25 -57
-28 64
9
-36 -75 48 -75 78 -48 69 6 30 33 -3 39 -90 54 -93 -60 -69 -69
82
92
7 -75
17 -37
6
90 -62 84 4 6 46 0 22 12 -44 60 -62
37
44
8 -22
23 -17
10
-65 22 -45 -28 -15 -48 25 -68 65 -78 85 -78 95 -48 95 82 55 82 -45 52
5
88
53 -75
63 -15
10
-88 -45 -60 -93 32 -21 44 -9 76 63 40 79 -28 95 -48 91 -84 43 -96 -13
59
80
40 79
-57 -14
4
69 -97 44 -2 -61 73 -41 18
1
97
-45 29
13 -31
8
-78 -1 -86 -65 2 -57 66 7 74 39 66 47 26 39 -70 15
22
48
5 -54
-72 -41
3
28 -42 73 38 -7 28
25
31
41 34
42 33
3
2 -43 93 48 -68 69
46
82
47 54
20 8
8
-46 -73 -28 -82 50 -64 59 -37 74 92 -13 86 -37 41 -55 -61
24
33
-49 -69
-3 -26
7
44 -52 72 -24 80 60 72 84 32 88 -84 68 -80 -76
37
93
75 75
-27 44
5
-30 20 -30 -4 -6 -100 82 12 90 36
71
87
71 -2
-26 -16
6
-94 46 -62 -54 69 -92 79 -72 99 -6 33 72
20
54
-62 -54
-23 60
3
72 42 -54 -48 99 -30
66
98
84 10
17 -28
10
49 78 43 78 -95 56 -97 54 -89 28 -73 -22 -49 -26 -25 -22 33 38 51 62
10
21
-25 -22
-4 14
9
-38 8 -62 -8 -78 -20 -78 -28 -26 -52 2 -56 66 -48 2 4 -10 12
47
74
-65 -34
-25 0
6
-63 86 -87 80 -45 -19 84 62 9 95 -12 95
45
61
41 35
0 34
6
33 -69 87 30 78 84 -48 84 -48 57 -21 -69
49
86
25 84
-19 39
4
-80 -20 -14 -98 82 -74 -20 61
21
68
48 -29
2 -4
7
21 51 -59 81 -99 -19 -99 -59 -39 -69 -19 -69 11 -19
10
30
21 51
-55 -46
10
-77 -31 -29 -51 27 -67 71 -55 91 -39 43 49 35 53 -5 57 -41 25 -69 -7
9
61
81 -47
9 2
5
51 -32 42 31 -84 49 -57 -95 -3 -95
5
37
33 -53
21 -34
10
66 -41 92 47 72 70 63 74 -27 88 -62 67 -73 49 -84 15 -81 -55 -2 -70
70
98
-73 49
28 -32
5
83 -38 19 18 -29 50 -69 18 51 -70
24
94
83 -38
18 -29
10
-78 59 -77 -45 -12 -94 -4 -94 26 -87 76 -51 81 -22 74 52 52 57 -39 59
52
61
26 -87
-43 7
4
-52 -17 73 -92 73 -57 8 33
3
96
-40 -7
28 -17
7
-52 0 33 -75 68 -75 73 -45 58 40 13 80 -32 65
4
96
73 -45
27 63
10
-51 40 -71 -10 -21 -70 19 -80 69 -60 79 -50 89 -30 69 0 39 40 -21 70
34
86
64 -62
24 -57
5
70 16 70 58 28 72 -14 72 35 -96
40
79
35 -96
10 63
10
71 80 26 98 -28 98 -37 71 -46 17 -46 -28 -19 -55 8 -64 62 -55 80 35
9
98
80 35
-39 0
9
94 -83 72 70 19 99 -14 75 -75 30 -70 21 -20 -63 4 -76 28 -80
17
82
-20 -63
16 75
7
-60 -56 -24 -59 87 -44 84 -20 66 25 6 91 -60 94
36
98
84 -20
-15 -39
6
-87 51 -80 -5 -17 -54 4 -61 11 9 -87 65
51
65
-87 53
-6 1
10
-62 -14 -42 -64 -32 -84 18 -94 68 -74 88 6 68 36 48 56 18 46 -42 16
27
36
-38 -72
24 -2
6
49 100 -87 -24 -87 -32 -3 -48 85 52 89 60
28
36
71 78
70 65
8
83 -3 7 73 -37 41 -65 -35 -53 -59 7 -83 51 -95 95 -91
30
76
-43 -63
18 -44
3
80 81 -16 89 32 33
1
27
-4 88
28 39
9
-26 70 -26 -44 -8 -74 52 -62 100 52 100 64 94 88 88 100 16 88
3
7
88 100
59 51
3
-74 -4 11 -54 1 31
33
50
-6 -44
3 7
7
-10 -47 14 -59 62 -23 50 -5 -28 55 -70 55 -58 1
17
100
56 -14
-16 -6
5
72 -33 64 26 -62 97 -2 -49 70 -55
5
53
-32 24
51 -37
3
88 -92 78 68 -62 52
2
76
13 -20
33 36
8
-92 -71 -74 -71 -47 -62 25 -17 -11 100 -38 64 -56 37 -92 -35
51
88
-79 -71
-26 62
4
-27 -92 7 -6 -15 24 -67 -10
40
78
-27 -92
-12 -10
6
63 60 -49 81 -84 11 -84 -10 -14 -73 21 -17
6
92
63 60
13 -23
9
41 -7 57 26 32 60 5 67 -57 77 -73 -49 -58 -80 -33 -83 0 -58
13
20
57 26
-29 43
10
42 -90 68 -86 89 65 40 98 16 87 -84 32 -87 18 -87 5 -20 -60 -5 -73
37
81
55 -88
55 -9
6
2 2 78 62 78 96 4 86 -50 50 -38 -24
38
78
78 85
-28 49
4
-37 -3 -86 -31 40 -24 89 11
8
60
-58 -15
66 7
5
-61 86 -81 76 -91 36 -11 -44 9 66
58
79
-9 -33
-3 36
8
67 54 60 89 -45 82 -66 61 -66 26 -52 -9 4 -51 60 5
36
85
66 59
-31 61
10
29 -53 74 -8 83 10 65 37 56 46 -43 82 -88 91 -79 10 -52 -71 2 -71
51
70
79 16
-51 -5
8
79 -84 46 95 11 93 -24 88 -41 48 -44 -38 -27 -52 52 -96
62
66
79 -84
-28 0
9
87 28 63 58 51 64 -51 40 -75 34 -57 4 3 -44 21 -56 87 -44
8
24
61 59
-17 39
5
-6 -16 4 44 -56 44 -56 -26 -46 -26
25
85
-4 -4
-3 37
4
70 45 -62 89 -90 85 -66 -27
86
100
70 45
-20 24
9
-41 -26 -41 -92 35 -74 77 -48 79 -36 95 64 41 96 -19 92 -35 78
89
94
79 -36
29 18
8
-15 54 -22 33 -22 5 -15 -16 34 -30 55 19 55 75 6 61
56
59
3 60
-3 -17
8
-38 -77 40 -59 62 5 32 19 -24 13 -84 -13 -94 -69 -74 -81
7
71
-89 -41
-54 -41
10
-41 42 -81 14 -77 -38 -53 -58 35 -90 43 -74 63 -26 79 30 75 42 51 70
27
92
-79 -12
10 -21
4
60 -1 60 89 -90 9 -10 -11
72
79
60 29
11 48
4
15 9 -84 81 -3 -45 24 -45
10
96
20 -45
-3 22
5
-4 19 -22 2 15 -38 58 -13 57 23
70
94
58 -13
15 10
9
11 -74 31 -58 53 -28 55 70 -9 22 -31 -38 -33 -48 -27 -68 -13 -74
3
99
-30 -58
-7 -7
3
-52 90 -47 -45 23 -20
30
80
-48 -18
4 3
9
78 -75 93 -61 50 6 3 77 -82 100 -80 75 -64 37 -40 -6 8 -55
57
65
-64 37
-47 54
9
83 21 51 65 -34 90 -74 79 -64 24 -40 -97 -18 -99 31 -85 83 9
13
69
0 80
-69 76
5
-72 80 -81 48 25 -60 95 -13 -23 65
4
43
25 -60
3 37
4
41 36 -14 1 -44 -89 86 6
2
48
71 16
51 26
9
-95 -8 -86 -62 -50 -71 4 -71 22 -62 76 -8 -14 73 -41 64 -95 37
14
37
-95 -2
-68 18
9
37 72 16 72 -32 57 -65 -36 -11 -60 25 -63 58 -63 73 -57 94 3
2
62
34 -63
71 29
4
37 -39 40 24 -26 33 -8 -6
17
83
-14 7
-10 5
7
46 -30 98 58 66 94 -14 68 -56 0 -52 -32 -32 -74
53
97
-42 -53
9 -49
4
-97 5 47 -4 56 32 -61 68
49
94
4 48
33 14
7
-9 -59 31 -39 47 -23 51 17 11 85 -85 9 -57 -79
20
32
39 -31
1 -51
9
63 65 -42 95 -47 65 -57 -50 -37 -70 -17 -65 58 -45 73 -25 68 60
12
90
-29 -68
1 57
9
7 -65 49 -58 84 19 77 40 28 68 0 82 -49 26 -56 -23 -56 -30
1
91
-56 -23
6 -62
4
-94 -52 -94 -82 32 -4 -82 -28
67
94
-73 -69
10 -15
8
-24 69 -45 46 -76 4 -49 -67 -14 -100 12 -83 99 -23 28 61
21
99
41 -63
-13 -80
4
-70 -77 -15 -47 75 58 -55 -7
34
38
35 38
-16 -7
9
19 50 -41 80 -71 60 -71 -30 -31 -50 9 -60 69 -40 89 -30 69 20
35
78
71 15
-6 -28
7
15 -80 30 -60 80 25 70 30 -35 75 -40 -95 10 -85
31
48
21 51
-16 45
9
-73 21 -71 -47 -47 -55 -19 -47 15 -35 71 21 83 47 65 87 -65 83
3
88
-33 -51
43 38
9
76 -11 60 53 52 77 44 85 -60 93 -60 61 -52 -3 -12 -35 44 -51
11
91
59 56
45 -20
4
86 30 -31 -24 59 -51 77 -6
43
65
79 2
45 -43
6
-72 -91 -50 -91 84 -27 -40 11 -94 19 -90 -5
23
41
-90 -5
40 -32
7
-82 64 -90 24 -82 -16 -50 -24 38 -40 22 0 -2 24
9
50
-89 19
-8 17
5
53 -10 69 14 53 46 -27 78 -11 -2
83
92
37 -8
-6 36
7
-47 -12 -27 -74 25 -56 65 -36 77 18 37 44 -51 100
27
76
73 0
-8 -55
9
51 64 -3 55 -21 -44 -12 -80 51 -71 69 -44 78 -26 87 55 60 64
79
81
-14 -72
11 -34
3
-52 -76 86 -100 -22 2
67
75
32 -49
2 -81
3
-86 79 26 -21 66 11
79
84
41 -9
22 0
7
32 47 32 77 26 98 -52 29 -61 20 -73 -31 -52 -52
84
92
26 98
-1 14
3
-30 78 -58 -27 -2 -20
2
13
-26 64
-23 38
5
-75 -79 52 -34 94 4 89 32 -3 67
21
45
-75 -79
-42 -15
9
-72 25 -79 -3 -79 -17 5 -59 89 -45 96 18 96 25 61 46 -2 46
78
97
4 46
-57 19
9
-65 -46 -23 -46 33 -34 55 -28 73 -22 63 94 29 90 -19 60 -57 10
36
89
-23 -46
29 77
3
61 62 -69 -13 36 -58
5
51
-48 -22
-35 -9
5
5 89 -30 19 -40 -11 45 -51 90 -26
8
12
5 89
42 6
6
-2 56 -32 84 -50 98 -54 -48 -6 -68 70 -32
37
86
-18 -63
33 -42
9
39 86 4 79 -72 45 -84 -48 -81 -59 -49 -89 6 -86 45 -43 53 9
31
52
-34 62
30 -56
7
-2 72 -50 60 -88 12 40 -62 62 -42 92 46 46 76
58
67
62 -42
-8 -6
6
-82 55 -52 -55 -37 -95 -2 -90 28 -85 68 -20
23
77
-4 16
36 -68
6
-9 80 -1 12 35 34 71 82 71 100 55 100
46
81
-7 63
21 32
3
75 -44 65 -14 -25 -84
40
72
70 -46
62 -20
4
76 -11 86 79 31 9 -4 -51
55
87
85 70
34 -25
6
-51 58 -96 23 -6 -82 64 8 39 83 -11 88
8
49
29 84
-7 20
8
99 -62 99 -38 57 34 21 70 -57 52 -69 10 15 -74 69 -86
3
32
28 63
-21 -30
9
-30 72 -81 32 -58 -40 -33 -74 -8 -93 72 -84 94 33 86 54 56 96
28
43
-30 72
-1 -65
9
-57 85 -78 75 -85 64 -84 57 -42 -40 58 -82 91 34 23 67 -11 80
1
98
-78 75
-32 -11
3
-64 20 80 68 -64 100
1
61
50 58
48 60
7
-41 76 -71 11 -96 -84 -66 -89 54 -29 79 -14 54 61
65
73
-91 -65
13 55
5
46 -21 58 11 -100 -9 -36 -53 12 -41
78
82
4 -43
-66 -9
4
5 17 23 71 -31 80 -85 -55
13
82
-25 79
-58 -3
6
90 -95 100 -15 100 15 20 45 -70 -25 -40 -65
11
61
100 -9
27 -6
10
-39 89 -81 75 -81 54 -46 33 38 -9 73 -2 94 12 52 61 31 82 3 89
67
76
6 7
90 14
3
-30 -97 45 28 -50 3
27
49
-50 3
-27 -17
7
66 82 -90 41 -71 8 -53 -21 -17 -20 14 -7 64 33
21
80
14 -7
-67 12
9
42 -71 65 -68 57 32 26 46 -22 57 -78 58 -100 35 -47 -28 11 -57
11
80
-22 57
-65 12
8
-84 57 -76 1 28 -71 60 -79 88 -43 76 9 -68 93 -84 73
59
70
-20 65
19 -38
7
-96 -6 -84 -24 -36 -72 24 24 -24 78 -36 78 -96 36
69
100
-76 50
-19 -36
7
16 49 -41 52 -41 49 7 -32 61 -98 70 -92 76 4
13
73
-41 50
16 0
8
85 64 5 94 -55 74 -75 64 -85 -6 -85 -36 -15 -36 75 24
8
31
-61 71
73 38
10
-39 62 -63 22 -71 -64 -25 -78 43 -82 69 -80 73 -58 75 -14 19 80 3 94
14
49
69 -80
43 -48
8
-88 -77 40 -97 78 -83 84 -69 82 -13 44 37 -14 61 -80 19
51
76
-25 54
-53 33
5
-91 68 -54 -80 70 -13 39 55 -75 85
8
93
-86 48
8 34
10
-85 88 -89 24 -81 -16 -69 -60 -45 -92 75 -16 87 -4 67 16 -21 80 -53 88
45
52
80 3
-52 4
6
82 41 12 55 -72 -8 5 -92 82 -99 89 -29
15
40
42 49
-32 20
7
-72 -97 -45 -97 -9 -88 63 2 72 38 -18 65 -81 29
8
93
65 10
-51 -60
4
-96 8 -42 -100 21 -55 -6 53
56
98
-40 36
-26 -70
5
-7 -68 7 -86 83 76 21 60 -39 -18
13
83
-7 -68
27 1
6
25 -62 53 -38 37 6 -31 14 -95 -6 -47 -58
67
87
25 -62
-22 0
8
-18 36 -58 -12 -34 -92 78 -92 86 -52 94 36 86 52 38 68
47
69
-18 36
30 9
10
-100 45 -90 -12 -44 -63 48 -78 79 -59 90 -38 86 -18 54 37 20 65 -83 50
19
24
-83 50
-13 -50
3
-10 48 -37 12 80 84
30
67
-25 28
-22 24
8
-52 -72 -26 -70 78 10 74 64 66 76 6 98 -38 98 -44 94
37
65
-26 -70
45 57
7
37 -49 93 -28 44 35 -61 70 -82 -42 -68 -63 -47 -63
31
96
-80 -45
12 -40
8
50 85 -12 82 -86 22 8 -73 33 -52 69 19 75 36 79 52
12
62
-12 82
-61 40
5
64 -92 100 34 1 25 -8 -65 1 -92
78
82
0 15
7 -29
4
-29 29 -89 -87 -1 -83 87 -55
10
15
58 -34
-54 -20
3
0 96 72 -57 81 42
47
97
78 44
70 -6
7
-82 3 3 -52 83 -57 88 -22 88 53 -37 43 -72 33
49
51
-72 33
-6 -17
6
-36 45 -81 9 -54 -9 18 18 18 27 -9 45
79
97
18 22
-61 6
7
-26 51 -76 11 -46 -69 -6 -99 64 -69 84 41 34 51
36
38
74 43
54 -34
6
16 61 -40 45 -44 -3 -44 -99 -12 -95 -8 -79
51
88
10 26
-33 -43
5
52 -95 60 -23 36 9 -100 17 -84 -23
64
96
52 -95
42 -29
10
-9 38 -17 32 -21 -44 -19 -76 -5 -74 3 -72 87 -38 93 58 85 76 13 50
91
100
3 -72
59 31
10
-84 5 -74 -20 -39 -60 16 -85 21 -75 26 -50 36 30 -54 95 -74 50 -84 15
21
56
25 -55
15 28
7
-30 46 -37 38 -20 1 32 -39 57 -16 63 53 46 81
11
57
63 53
43 -13
6
44 18 -49 78 -64 24 -19 -63 -10 -66 47 -51
45
70
-49 78
13 21
5
-3 22 -28 -58 47 -38 57 -23 72 42
9
46
72 42
17 1
9
55 59 46 86 -62 41 -71 23 -71 14 -62 -40 28 -40 37 -22 55 50
84
99
55 58
5 -16
7
29 -78 20 -24 -25 12 -52 3 -70 -6 -43 -69 11 -96
17
50
-23 -79
-37 -4
3
83 -35 -12 55 -72 -70
15
82
-60 -45
7 -14
5
-77 -37 -8 -88 34 -76 -2 -7 -92 -25
18
76
-22 -11
-2 -50
8
49 63 49 87 13 87 -53 39 -65 -15 -47 -69 -41 -69 43 21
55
74
-65 -15
35 71
3
-93 -27 -12 -63 -93 72
1
61
-93 54
-53 -31
6
-87 3 -37 5 43 17 27 95 3 97 -87 71
27
64
-62 4
-45 21
10
82 -6 62 64 50 100 -18 98 -84 94 -100 -32 -96 -48 -34 -82 44 -60 74 -26
50
86
74 -26
-28 -58
9
-46 22 -2 -64 42 -76 66 -60 80 -40 78 38 58 64 14 100 -44 76
34
40
78 38
-34 2
5
66 -42 -24 90 -90 48 -84 3 -66 -45
53
56
-88 33
-1 -31
8
42 54 -22 46 -54 -42 -54 -74 42 -98 90 -66 90 -10 74 30
37
55
-26 -81
35 26
6
88 -16 88 80 -14 74 -56 62 -62 56 82 -46
4
79
-56 62
79 5
8
23 -51 -49 45 -73 51 -97 9 -19 -63 -7 -69 11 -75 35 -75
9
23
17 -75
-18 -21
10
-23 72 -29 -3 -29 -42 19 -72 52 -66 91 -45 94 -39 73 60 61 72 16 75
67
85
52 -66
0 3
9
-3 50 -29 52 -77 36 -51 -22 -17 -40 31 -46 85 -44 97 8 15 46
11
93
-51 -22
79 9
7
80 -88 88 34 12 32 -50 22 -48 8 -14 -50 76 -94
24
96
-31 -21
75 -15
5
7 -42 63 38 71 66 -77 42 -49 -74
6
36
-77 42
-47 -3
3
-82 -20 66 0 -100 74
61
76
-45 -15
-20 -3
7
73 81 -31 71 -39 59 -49 -61 -47 -93 69 -87 85 53
44
71
69 -87
-33 -47
6
-17 48 -81 48 -65 -40 15 -64 79 -64 63 0
21
80
5 -61
-70 14
9
40 -84 74 54 68 80 6 96 -50 54 -78 22 -90 4 -100 -26 38 -92
26
61
-95 -11
37 34
10
82 22 88 34 88 85 -2 91 -74 88 -89 37 -83 -20 -68 -29 -2 -50 31 -59
46
79
13 90
15 20
5
-22 -21 32 -30 71 54 11 99 -28 12
19
86
11 99
-9 39
10
60 16 40 36 -15 31 -60 16 -60 -64 -40 -84 -10 -89 20 -84 40 -79 70 -69
22
46
55 -74
-38 4
4
-25 -63 61 -7 -17 39 -33 -43
7
26
-25 -63
13 6
6
-64 -44 -68 -76 -20 -32 0 -12 56 56 -24 4
2
15
-44 -20
-9 8
6
-67 67 -61 54 1 -51 95 -92 2 86 -15 94
37
43
1 -51
13 0
8
-41 7 -9 -33 15 -49 55 -57 55 -9 47 31 31 63 -73 87
15
31
-3 -37
20 17
3
87 -63 -35 83 -38 -89
9
33
-38 -89
-34 47
9
-72 -79 -32 -73 16 -65 66 1 62 37 -32 95 -44 77 -76 21 -74 -51
61
79
66 1
-61 10
3
-8 -16 97 12 48 47
29
82
62 37
36 21
4
91 -2 51 62 -5 14 19 -66
8
58
61 46
55 -7
8
94 13 30 89 -58 33 -74 17 -58 -67 -46 -79 6 -87 94 -91
12
70
-49 -76
79 -61
3
-34 -28 44 62 2 44
44
45
-4 32
8 44
7
1 73 -65 -59 -41 -65 91 -11 85 13 73 55 25 97
70
89
88 1
-48 -48
8
11 99 -91 27 -91 1 -89 -61 -69 -83 1 -65 53 -13 59 35
15
83
-91 14
31 30
3
53 -17 -3 87 -59 15
94
96
-45 33
-28 31
9
87 18 86 24 70 73 -77 92 -88 44 -43 -28 23 -69 56 -75 86 -27
51
63
-68 12
47 -43
0
