4657.267288622486
5406.249716762998
358.686617378450
1662.347172979718
2384.259505788266
1917.511929558719
1751.944328888126
1704.431870154979
2369.294018517274
3937.261992806676
493.855437523977
3520.633395072923
1015.760613628005
6427.723158319748
236.891483328596
6518.495226968164
9152.941392060928
1129.420453529884
1181.977758028650
2694.868465650496
1711.899683063421
2015.371912135053
3463.125238131752
4819.899447805163
1053.815923204807
4292.432876586424
9082.772484214278
3290.741176812993
7469.586577753275
3084.926440007189
609.318359069864
1372.941777840845
5509.236789247671
3142.454784505375
3040.261091597847
761.831620098574
3621.879009021591
1415.274898279902
2662.913662875265
635.181863720935
1810.669770225119
1718.947816777684
4560.421562492259
351.993226142963
1395.258935331581
3467.013279123183
1911.373102437075
129.360622725909
4390.403417853398
1687.286764966125
1703.238246562820
2288.695043032164
1485.335974643759
15779.543719639045
2579.230084368002
8348.505974124952
8640.996296724123
5523.344534358501
2725.347570371694
8604.407696334527
1201.461193775986
1897.519638260511
5491.411637026411
7517.968543769859
5453.897688809353
7298.792577684726
5035.585653602454
4801.023492480811
2224.737737352428
2267.827153907458
7431.789022079731
987.191842362285
2758.630493487048
324.566267387369
583.357074946795
4330.373771396645
4310.635451995448
6258.781817127676
2079.279401007463
10889.217713702232
1728.611502691012
303.981432000033
9234.717104492156
543.852342572063
3453.299235303907
3253.711641362926
1263.530307263525
4683.821358778691
1201.574281230889
1662.821584142643
4284.026833914100
1980.345559500183
1801.708078463323
12497.808796313728
2976.524987296428
4833.894772107577
2153.206213998093
2586.036854139434
997.424369338594
9956.706282702125
533.029828299771
976.991299858909
3818.338353250330
3174.387612992517
82.928141837763
3072.443928820227
5940.710479395541
3842.094305466348
4107.965851702382
5199.555909429611
7278.092048292844
3664.859342457770
2319.448340009933
1624.954007964976
10908.470589352724
3763.664342227589
2961.240757927613
1046.449388816710
3840.919480553831
3440.445344301165
1822.909640241144
1284.373703380955
1190.915998611932
2932.023528449480
1583.299233422484
5409.246185572631
4894.501285140521
415.256270470385
3342.425923308274
640.566750733934
3511.406959977639
2857.548801357634
632.360574216755
8808.202628174353
2485.552673555365
1519.650730339466
1064.670780701982
8420.506792845159
2788.662614467607
2278.805948811141
2005.684709840449
11510.521100280386
10594.850305690969
1884.509938286021
1832.442603796017
4329.672863852746
3143.880988440500
808.428318615074
4275.000000000000
6803.529672162825
1261.668449747781
7837.145554503749
1767.535673915081
1285.992775816768
1250.720886127595
1532.644772933376
3610.755800058784
3697.345078248536
2524.269769784450
2636.098531428037
561.307444351211
5931.444451840818
2177.642184071288
1624.420985396985
4456.910758655027
4636.872767663698
253.392035579544
6228.981689148909
1703.587248636676
638.136168282141
2214.364660202995
363.091619875961
3734.406582549375
3059.707109324950
6495.926107954123
1113.258238354369
3435.681009639865
3382.634580878324
1702.959974103628
852.621686807956
6257.887183387057
6236.284951796221
803.024592663841
4797.043360237637
4086.806444901768
5911.035967376803
6305.988582292232
397.304156760771
6533.583317811622
9520.471929375606
2312.522294768833
3956.938055377976
3970.834210301837
1615.736701917859
962.264060461606
3637.902574007714
3264.693838195152
4730.922954350451
4128.949624299139
901.510231012621
9995.097998519073
3444.782721740226
7179.316541287199
2647.690613225979
832.903308745771
1117.978664144213
4750.227021150908
3892.216463661804
4768.995329308525
1701.820202019003
5375.824118518631
9618.108383028299
3615.026417607484
695.701085237043
3296.411338384386
10750.404643547143
584.230423973924
2648.380384810605
43.840620433566
4373.760395815025
2077.952116868914
7110.564595429068
8526.443865997126
3573.520590621399
7548.545025367472
588.012677454092
3884.823805528380
2449.446165206135
5336.389127135231
2400.230683647189
2253.125242634291
3951.265843328642
820.409287665715
12687.877994369272
3537.958397936198
7112.976662410751
1597.415468384944
825.636905445750
2739.811304728879
7783.522646787010
2853.644329706313
4953.419692283289
6182.229543977203
5942.152835392541
3366.336881537557
469.382573174591
4301.215499736678
102.051660136346
385.516802309603
2257.805696044904
4663.868926987428
1516.932718219323
2420.310198794476
9309.579534968787
4355.569315772299
913.087836142216
1740.307750114288
4934.296024706768
5935.184320726663
1106.656403658213
4345.119465813994
6122.309648281022
9217.966153116424
8978.183557936427
863.022771046365
1482.618036903775
8887.283931617214
6917.786929358261
4556.771335057312
2477.452808819244
7756.479121502261
4151.823936536808
816.503107100768
4583.885687928965
1347.730210565859
4134.984995569763
1562.705986422270
1233.549924225906
1140.754630390844
177.388450050254
1204.725364635360
349.535977256277
286.329556972146
3908.830969962855
3770.784580622300
937.290099709726
5015.330812558135
271.178013388588
6779.497968771229
2711.259521808334
2531.162739300550
6879.051678828994
1717.223632054350
3164.615783631627
2729.583120373396
3121.262636063524
4464.024103248272
1637.789522219157
5660.056536820105
3870.348071228339
3684.387194636307
3289.756829919196
1765.998867496806
8117.403525758714
106.344852167490
1563.245279161481
5762.154469030995
8496.300606512705
900.507437091745
885.041026830660
2724.963314213222
6980.406864932731
5273.883199313386
3331.483324506656
3179.234277488298
1574.552826331410
7314.945261586531
3368.251602385626
767.788691421508
6021.535518453744
2131.630215133157
155.563323239955
11590.625401893176
6381.265078336740
1677.328129397104
3652.458252475176
6406.128315917501
1413.126417312435
2631.250420264500
2356.664183341768
7709.539545264684
10317.460927960910
2666.808864543547
1628.029917386858
1845.659420219965
1930.999244791409
3710.337113234717
6864.196966870924
1361.241344120116
3969.229826031264
10478.212061224949
2975.556918878299
6768.689459563055
3800.014868391965
2929.573347776089
335.000000000000
8013.398349689204
4422.971002995384
881.418768408768
3647.607055855781
1596.897008204306
3023.804498548013
4222.849275074827
7421.355437009476
3023.090471686218
6042.251670778459
5360.175255192153
11723.907198540935
2772.663085343393
1506.468112471007
4500.933169498247
1721.175866752408
8771.872089020122
2627.045921089014
4642.055356350479
2522.002107080071
9273.148506610421
887.081649063178
1423.203866875414
7207.118258443174
4705.741174352877
6048.259253702672
6774.160464588952
1593.515932837644
1154.152296800025
7344.019675899568
2936.123881991617
6032.304406860459
965.061283738960
1996.607152240825
6910.612852398910
3035.154544345140
7340.076830927152
5532.256682403665
1723.540732801416
5146.610320122097
1364.005859034176
163.665285234920
2252.888146357915
1819.517793262819
1276.118256564887
10058.161362793897
1930.644893160484
1853.915238194647
3133.799842427967
763.675323681471
11793.299059772697
5149.265178008622
1643.255305787874
7993.553667719973
