7
-100 93 -82 51 -13 0 32 0 20 57 -22 99 -76 99
28
91
24 38
-12 16
3
-35 19 -91 33 63 -79
25
56
19 -47
-30 3
5
91 -33 -74 -75 -38 -81 -29 -81 58 -60
32
62
0 -74
13 -55
4
14 -78 92 12 26 36 -28 48
76
85
79 -3
0 -4
7
-44 88 -52 84 -92 40 -52 -20 -28 -40 36 -84 56 56
72
90
6 72
44 -10
8
26 10 -16 100 -55 67 -58 -2 -52 -32 -40 -89 17 -83 56 -68
4
27
30 -78
-20 4
3
60 -43 -100 79 52 -43
59
83
53 -43
12 -8
5
-35 4 55 24 60 34 35 64 -30 54
52
66
35 64
-9 50
9
-81 55 -88 48 -88 34 -53 -50 -46 -50 3 -43 73 -15 52 41 -11 83
27
31
4 73
-13 -30
9
48 -43 60 -11 44 1 -40 37 -48 35 -66 27 -66 7 -12 -55 30 -59
31
55
-66 21
6 -46
6
-49 -42 56 -91 56 -84 -21 7 -63 14 -63 -28
66
94
-57 13
-19 -20
9
49 -57 70 -57 76 51 61 75 43 96 34 99 7 99 -59 51 -59 33
34
35
27 99
51 55
7
-50 -65 69 -2 90 12 62 82 20 61 -78 -9 -71 -72
17
43
-43 16
-47 -9
9
38 -37 62 11 74 41 -16 59 -70 5 -88 -25 -88 -37 -64 -67 2 -61
8
64
-88 -36
-1 -41
3
-28 78 76 6 92 86
3
52
50 24
73 50
10
20 -78 0 -33 -25 -3 -45 -8 -90 -23 -100 -43 -85 -58 -30 -93 -20 -98 10 -98
70
75
-19 -98
-30 -9
4
-12 -1 -24 35 -90 5 -6 -79
9
73
-46 25
-17 -62
7
-66 18 25 -73 60 -59 88 -38 88 46 81 53 -24 39
33
37
21 45
14 36
8
23 -75 50 -48 59 69 -4 78 -13 69 -31 42 -67 -30 -67 -57
44
68
-67 -41
-56 -38
8
-87 36 -21 -36 59 -94 65 -98 79 -28 65 80 9 90 -55 66
46
48
65 -98
-54 32
8
-2 98 -30 70 -86 7 -65 -28 -30 -63 47 -63 47 -28 33 84
74
85
41 20
-24 55
9
27 -72 47 -57 52 -22 62 53 32 73 -68 8 -73 -7 -73 -37 -8 -77
7
45
39 -63
1 11
6
93 -11 78 83 38 100 -87 57 -30 -48 90 -74
57
66
38 100
29 13
3
17 -80 87 90 17 -20
15
47
66 57
29 -9
9
-12 79 -66 91 -78 91 -84 37 -78 31 -18 13 90 13 78 37 24 67
51
79
18 69
-23 26
3
19 34 -37 -86 -13 -86
42
69
3 -26
-12 -40
4
81 -97 14 53 -32 8 -60 -98
22
64
81 -97
27 -22
8
20 -74 28 10 14 30 -32 52 -90 76 -74 12 -42 -56 -10 -90
13
96
-32 52
-30 -16
6
50 -53 50 27 -45 52 -70 7 -90 -48 0 -68
3
64
50 6
-58 -23
9
-76 -70 -68 -75 51 -73 94 -27 90 40 81 54 66 68 2 39 -86 -2
30
77
90 40
64 21
5
68 -44 -28 74 -59 47 -3 -9 85 -75
48
77
68 -44
18 12
3
36 -37 16 27 -18 -79
8
94
36 -37
12 -52
6
79 -5 1 55 -47 55 -59 -35 -17 -83 61 -65
61
84
-4 -80
39 -63
7
40 60 -12 86 -46 88 -94 70 -74 -54 2 -100 48 -50
39
87
-62 82
-39 25
7
-88 -29 -88 -31 -69 -100 -30 -81 31 19 -38 76 -77 20
5
92
-69 -100
-47 4
8
-6 -66 38 -34 74 62 -18 86 -58 50 -94 -38 -70 -90 -50 -90
47
71
-67 28
-39 18
8
-17 -72 53 -52 53 -32 33 18 -17 88 -42 18 -47 3 -52 -77
48
56
-48 -13
-5 16
9
-50 -66 -26 -90 43 -84 73 -78 79 -63 76 0 58 15 -35 15 -71 -21
59
94
43 -84
17 -30
6
2 -75 63 24 43 68 -28 85 -64 2 -41 -64
25
84
-64 2
-16 -19
7
4 -78 40 -26 49 6 19 20 -51 49 -58 -9 -47 -73
26
47
40 -26
-1 -7
6
-69 79 -83 -11 -47 -43 27 -17 1 49 -19 79
49
56
1 49
5 22
8
-15 81 -57 79 -33 -77 9 -97 23 -83 89 7 49 49 -9 79
7
74
49 49
-26 31
6
35 27 3 75 -53 67 -69 59 -5 -37 35 -1
68
77
17 54
-25 3
5
-39 91 -69 10 18 -65 39 25 18 91
13
64
-69 10
-19 66
6
-16 -53 56 37 29 64 -25 82 -88 -8 -61 -35
17
49
44 22
-20 35
5
78 32 -12 32 -22 12 58 -98 98 2
45
66
82 26
14 -35
3
-11 42 25 2 41 33
25
79
16 12
25 20
3
-28 -50 2 -75 -73 45
49
89
-64 26
-41 -11
9
51 42 37 70 -19 56 -75 21 -96 7 -89 -56 -19 -84 23 -98 58 -7
37
47
51 42
-16 3
8
18 -95 74 -55 70 -17 66 -5 -8 63 -22 67 -40 47 -40 41
8
71
18 -95
-10 -2
10
-20 -34 70 -52 80 -42 98 12 94 24 80 36 58 40 16 44 -52 38 -38 -22
62
66
-45 8
19 -24
3
48 -42 96 12 -81 87
75
85
72 -15
40 19
4
59 -19 23 98 -31 44 5 -1
42
88
50 -16
5 0
8
76 62 30 100 -13 57 -29 1 -12 -29 65 -45 97 -7 94 44
20
42
95 27
1 63
10
92 -28 42 -3 -48 32 -68 37 -68 -18 -53 -43 12 -78 32 -88 82 -58 97 -33
8
72
-68 22
-65 -6
6
60 -80 96 -62 54 64 18 46 0 4 36 -56
26
28
30 52
30 49
4
48 49 24 -89 86 -99 92 -35
9
83
81 -14
43 14
5
-73 62 7 -2 63 46 39 70 -41 70
55
64
-13 14
5 32
10
85 -20 94 25 94 52 85 58 -26 88 -38 43 -53 -74 -44 -86 -26 -98 64 -74
43
57
89 0
-21 85
9
-82 -89 -77 -99 -37 -99 38 -24 88 56 63 71 -7 71 -17 61 -37 16
29
54
73 32
2 48
3
-78 -40 -34 88 -74 96
12
60
-59 93
-66 44
4
87 -4 69 32 24 86 -3 77
2
95
71 28
47 42
3
86 66 -89 -59 56 -4
18
86
-61 -39
15 -16
3
-68 45 -2 -21 10 9
7
86
-68 45
6 5
7
67 72 -59 45 -77 9 -68 -72 13 -54 76 -36 76 72
6
91
69 -38
62 -2
9
-26 -9 16 -39 34 -45 64 -51 100 -27 94 39 82 63 52 63 -32 21
14
49
77 63
13 -15
10
-83 100 -79 -13 -70 -41 17 -85 33 -93 49 -96 73 -63 44 0 -17 59 -47 81
40
83
-70 -41
6 -27
3
-34 30 -24 -10 66 -70
79
82
-3 -24
2 -8
8
46 10 65 79 54 76 -9 52 -61 15 -74 -42 -46 -62 -28 -49
41
58
-53 -57
23 -5
4
39 -17 27 31 -33 -20 3 -71
74
100
33 -26
14 1
9
47 -51 41 9 23 21 -31 27 -73 -21 -85 -63 -85 -81 -61 -87 47 -69
49
86
-77 -35
13 -29
5
-28 -100 14 -70 26 -58 -10 2 -64 -40
2
80
-28 -100
-2 -29
7
82 44 67 59 37 69 -38 84 -48 79 -48 -21 2 -91
60
64
-8 -77
-29 19
8
-68 44 -68 37 -47 2 16 -68 93 -75 79 -19 44 16 -40 79
74
89
-68 43
-39 36
4
-19 -28 21 -48 -29 92 -89 77
51
73
5 -40
2 -15
7
81 23 69 35 3 17 -87 -31 -69 -55 -27 -91 9 -61
34
53
-84 -35
-14 -34
7
65 51 51 87 -29 31 -35 17 -55 -69 37 -65 63 25
25
73
-9 -67
3 -57
5
-66 -3 -64 -13 30 -31 -20 53 -78 87
5
97
-66 -3
-16 44
3
-73 -30 60 61 -31 47
80
89
-55 3
-33 30
10
-73 -43 -1 -87 45 -77 63 -71 87 -19 67 27 1 83 -19 85 -75 61 -89 49
1
10
77 4
-49 15
10
96 94 -38 44 -86 -12 -80 -72 -48 -84 -4 -86 32 -60 36 -56 58 -28 88 12
12
55
-4 -86
54 19
3
-55 76 5 -54 45 -84
41
48
-43 50
-12 4
4
62 45 52 85 -68 15 -48 -85
20
57
-63 -10
24 56
7
8 72 -70 54 -22 -78 2 -78 20 -72 44 -54 32 48
32
86
2 -78
-10 -31
6
-94 0 -26 -50 52 -58 89 -19 47 99 -66 24
46
82
13 -54
63 -31
6
-63 6 -63 -54 -23 -64 87 -64 67 16 47 16
24
97
-63 -37
34 13
6
0 -37 49 47 56 89 0 89 -42 19 -28 -30
15
56
34 89
-14 31
6
-33 80 -73 50 -88 -10 -83 -30 22 -70 17 -5
24
32
21 -57
16 -22
8
-75 -93 15 -93 50 -83 60 -33 55 57 35 52 -80 -48 -95 -73
10
58
55 57
41 32
10
15 -82 64 -33 71 58 57 79 -13 79 -48 65 -69 -5 -69 -19 -62 -33 -13 -68
25
56
16 -81
48 74
10
-85 -70 -68 -77 -21 -86 83 -71 85 -15 63 58 34 96 17 95 -31 65 -95 -36
10
43
85 -15
29 52
4
-12 -46 24 14 21 29 -75 -85
64
88
-59 -66
-47 -53
8
-10 77 -54 17 -26 -47 -6 -79 26 -91 58 -87 90 -79 46 41
4
41
32 50
18 -22
8
-62 79 -67 59 -52 -56 63 -46 73 -11 73 89 48 99 -37 99
10
70
69 -25
-48 -14
7
66 54 -22 70 -66 54 -58 -14 -26 -82 10 -78 98 10
55
86
-62 20
40 37
5
-25 6 -34 -72 -13 -66 41 3 62 36
53
56
-34 -72
0 -8
5
41 38 -15 80 -36 45 -78 -46 20 -18
49
80
-60 -7
-33 26
10
-2 87 -10 79 -82 -9 -66 -49 -42 -73 -26 -81 54 -81 70 -65 70 7 54 47
2
82
-43 -72
-42 -57
8
-5 94 -45 86 -77 70 -85 14 -61 -34 3 -18 27 -10 11 62
22
80
27 -10
-21 32
6
-82 78 -75 8 -61 -34 51 -6 72 36 44 57
34
57
-74 5
29 59
9
44 -26 65 2 93 79 9 86 2 86 -68 37 -68 -19 -61 -54 -54 -68
15
82
-68 22
-27 58
5
-31 -9 -40 -36 -4 -81 77 -90 95 45
24
70
-37 -27
64 -35
4
-19 -98 53 -42 61 46 -43 6
18
45
-28 -59
20 3
10
16 63 -18 32 -63 -23 -73 -65 -60 -79 43 -48 71 -27 72 -21 78 75 55 98
7
67
51 -42
8 18
7
-24 -32 36 -2 66 38 66 58 -64 88 -84 -12 -34 -32
50
71
63 34
3 -10
5
95 -11 95 70 5 34 5 -38 77 -38
28
52
7 -38
14 25
6
-85 63 -93 39 -21 -73 27 55 3 79 -13 79
7
21
6 76
-41 -18
7
51 58 19 58 -61 50 -69 42 -21 -22 91 26 67 50
72
88
74 43
18 23
5
-91 24 -33 -46 41 2 43 92 1 94
1
58
-33 -46
-35 -12
5
99 -51 -55 -9 -69 -16 -13 -51 43 -79
10
71
-13 -51
-3 -35
8
-34 -49 16 -39 51 -14 -44 91 -74 86 -94 71 -99 16 -54 -34
22
85
-94 71
-14 27
5
51 -84 79 32 71 32 -89 -60 -37 -84
10
91
42 -84
64 23
4
-82 21 62 -24 44 30 -64 93
9
75
-72 61
-43 20
4
63 -41 51 82 -24 39 -24 37
10
91
-24 39
32 26
6
-41 9 -95 -72 -65 -93 1 -96 7 -69 25 36
24
81
-45 3
-34 -79
10
72 69 72 77 48 85 -48 85 -72 53 -88 5 -64 -35 -8 -75 8 -75 64 5
50
69
-81 26
58 73
5
21 89 -29 69 -49 9 31 -51 81 9
8
95
-37 0
36 -42
6
-41 -34 -41 -66 39 -82 79 -18 55 -2 31 6
69
82
-41 -60
-20 -23
3
-54 10 0 -74 6 22
4
92
-14 18
-7 -62
9
64 -60 96 -48 84 -20 16 56 -24 76 -68 72 -68 24 -64 12 -16 -76
37
74
-46 74
23 17
6
82 9 82 29 -88 44 -48 -66 42 -91 47 -91
20
72
24 -86
-35 -5
9
52 -19 22 21 -28 51 -48 31 -68 -9 -58 -29 22 -89 42 -89 52 -79
31
88
-66 -13
-29 -49
5
-53 20 -63 -92 83 6 71 82 5 84
3
30
-53 20
-43 17
10
65 4 35 34 -30 94 -90 84 -80 49 -65 -1 -40 -81 70 -81 80 -51 75 -11
7
91
-90 84
-4 -73
5
9 -99 86 -15 93 27 58 69 -40 -85
73
83
42 -63
37 1
6
7 29 -19 27 -79 -9 -91 -45 -1 -83 57 21
11
58
-19 27
-5 23
4
89 -4 38 93 -10 4 77 -76
91
100
-10 4
28 66
10
-86 -5 -84 -7 40 -93 51 -94 86 -63 78 -52 30 5 -1 38 -96 99 -89 0
38
79
40 -93
-84 78
3
72 49 30 67 -12 -47
16
68
30 67
7 -18
9
-97 -27 -97 -35 -73 -75 -45 -75 -13 -47 79 57 19 53 -33 33 -89 9
30
34
-20 38
-11 40
10
84 -35 88 -7 92 29 80 57 56 77 -60 13 -88 -39 -92 -55 72 -71 76 -71
4
23
80 -53
37 18
7
88 -56 63 -15 -14 47 -25 -31 -19 -90 39 -95 89 -92
6
55
88 -56
35 2
4
25 31 81 -65 89 55 33 71
60
87
47 67
41 68
9
-58 -91 -55 -91 35 -37 47 -22 47 95 -40 35 -82 -43 -97 -76 -97 -82
14
96
-87 -54
-54 -38
9
90 -20 48 22 3 46 -3 46 -51 31 -69 -5 -54 -23 48 -80 84 -98
88
96
3 46
84 -73
7
-18 -53 6 -87 88 -49 94 79 62 97 -68 73 -80 57
4
98
-49 2
0 -6
8
-6 60 -44 90 -54 92 -72 54 -84 2 -66 -88 -18 -90 38 -38
76
83
-80 -18
-20 -61
9
-87 -4 -66 -32 -38 -53 -31 -53 46 -25 60 3 32 38 -31 73 -87 10
6
70
36 33
-3 49
8
49 1 -1 51 -31 41 -21 21 39 -59 79 -89 99 -89 99 -69
24
82
80 -89
21 -8
10
-16 63 -58 42 -82 -15 -64 -63 -43 -90 -25 -84 14 -54 50 36 65 75 56 96
3
98
-40 -89
37 40
5
-6 18 -34 14 -44 -68 86 -70 84 6
91
96
54 10
25 0
7
25 10 52 34 -2 89 -43 44 -84 -12 -95 -31 -57 -62
62
98
-84 -12
0 0
3
-74 -52 40 -10 -44 80
12
97
-54 36
-46 -31
5
-91 -80 35 -17 56 7 -10 64 -46 67
18
37
-46 67
-46 -40
7
2 -41 68 13 8 22 -82 22 -97 1 -91 -44 -85 -50
2
41
-97 1
0 -1
4
-87 -44 -73 -51 -66 -51 -31 12
29
42
-66 -51
-45 -12
4
-93 -42 3 12 -63 90 -75 60
22
34
-52 77
-7 15
10
40 86 -86 76 -92 50 -96 2 -60 -60 -18 -80 58 -94 74 -42 62 26 54 62
39
85
58 -94
3 15
10
-61 -90 -9 -94 14 -95 82 -71 98 -57 62 9 9 85 -34 71 -63 16 -90 -61
3
37
98 -57
-42 -18
9
-82 78 -77 -9 -33 -45 -14 -40 33 -25 62 -12 79 29 68 99 -38 98
19
40
79 29
56 6
4
25 -44 65 12 81 76 1 12
6
92
72 40
23 -25
4
72 -70 -28 80 -18 50 2 0
10
19
40 -38
11 18
10
-52 64 -92 -24 -84 -40 -68 -56 -12 -80 12 -72 52 -40 60 -8 60 0 28 40
66
88
28 40
-22 9
4
63 -81 70 -39 56 66 14 31
38
96
50 61
33 3
9
14 50 4 70 -46 40 -56 10 -66 -30 -76 -100 -66 -100 34 -40 34 -10
21
37
21 29
-45 -33
4
80 -13 -52 95 4 -37 68 -69
43
94
71 -55
10 -29
7
-29 73 -62 -20 -50 -92 64 -83 67 -56 40 28 16 49
48
50
67 -56
15 -77
10
-100 66 -100 52 -79 -4 -72 -18 -51 -46 -2 -81 12 -81 26 -60 -9 66 -44 73
64
78
16 -75
-26 -37
10
-98 55 -95 -29 -68 -44 -38 -44 64 25 61 31 34 70 13 97 -74 100 -98 67
66
95
30 2
14 64
6
39 12 -21 80 -89 68 -13 -20 79 -100 91 -64
39
81
-21 80
29 -7
8
-83 73 -83 43 -73 3 -33 -67 47 -87 37 -47 7 3 -73 73
11
70
-37 -60
14 -52
10
6 -88 62 -62 52 2 44 18 36 30 -52 90 -68 94 -80 50 -70 -2 -8 -92
39
68
14 45
1 -6
8
-91 -65 -85 -73 -31 -85 11 -77 79 -35 91 1 9 63 -67 87
9
86
-85 -73
-46 -37
9
-5 -39 30 -39 86 -32 79 24 16 73 -12 87 -47 87 -54 -4 -40 -18
19
82
78 -33
-1 7
3
44 -26 68 22 -4 30
7
75
50 24
7 19
10
84 11 73 67 59 75 8 82 -57 40 -69 -18 -55 -35 -23 -55 54 -68 83 -39
3
39
73 67
68 52
6
66 71 24 59 -72 17 -78 -61 0 -13 90 65
18
93
52 67
29 58
7
98 -97 100 -30 40 7 -96 2 -62 -30 -49 -41 19 -77
38
58
-79 -14
-87 -5
5
-29 9 -65 -19 -97 -87 -29 -75 23 29
14
98
8 -1
16 25
7
33 55 -17 79 -43 79 -31 1 1 -43 67 -87 71 -15
42
93
71 -15
2 41
5
-15 86 -51 20 -69 -76 51 -4 3 62
15
89
-3 70
-4 4
7
15 -63 51 -45 24 45 -21 99 -66 90 -93 81 -57 -9
67
84
41 -50
29 -15
9
62 70 -22 58 -76 28 -88 -8 -94 -92 -82 -98 26 -14 50 22 62 58
70
100
55 37
51 55
5
7 -64 79 8 34 89 -47 -10 -29 -64
32
79
36 -35
-24 -59
4
25 -95 37 21 -75 45 -91 -43
24
55
-33 -69
-20 -10
4
-37 -22 -28 -52 -1 -94 47 32
10
97
-28 -52
-33 -31
6
95 47 14 33 -30 -28 -47 -55 -40 -82 23 -65
57
95
14 33
34 -29
5
-84 53 -84 -67 -52 -75 60 -19 60 45
6
12
60 14
-64 23
5
91 7 82 16 -17 88 10 -2 46 -38
19
85
42 -34
50 21
10
-95 45 -69 -23 -61 -29 -49 -33 41 -23 57 -21 97 77 93 95 -45 91 -83 85
5
71
-83 85
9 -6
3
40 -57 -9 48 19 -57
25
80
27 -57
5 15
9
69 61 33 69 9 73 -23 77 -59 -35 -31 -59 5 -87 69 -39 85 29
4
30
-32 49
42 -57
7
7 -10 19 95 -26 77 -92 50 -77 -67 -8 -52 4 -34
1
55
5 -26
-43 -5
4
-86 -57 85 1 -36 27 -68 -18
37
46
85 1
-28 14
9
-74 4 1 -86 67 -86 85 -17 79 16 73 40 49 64 -17 97 -53 40
10
27
1 -86
-26 37
9
32 -67 56 -27 -16 61 -32 69 -72 53 -64 21 -56 -3 -40 -35 0 -83
64
76
-24 65
-13 5
5
-34 35 -83 -49 -41 -28 8 7 15 49
35
50
12 31
7 36
9
0 -100 40 -80 80 -20 70 40 60 50 0 70 -10 60 -30 10 -70 -100
36
97
24 62
14 53
7
-71 63 -71 -27 -53 -45 82 -81 73 -18 64 36 -35 90
43
80
80 -67
77 -76
5
83 8 92 29 -49 83 -28 -16 47 -52
2
94
-35 17
-4 59
5
34 -74 84 6 -86 66 -76 -94 4 -94
48
90
84 6
-35 -38
10
-14 -16 13 -43 40 -61 58 -52 67 -34 67 65 22 74 -50 74 -59 65 -32 11
34
98
-38 23
-32 19
6
87 30 16 74 -67 1 -51 -50 25 -89 91 -44
56
91
-51 -50
15 18
6
-68 -91 -2 -79 64 -37 88 -13 88 77 22 23
36
42
-57 -89
63 38
3
20 17 -88 100 7 23
61
63
20 17
15 20
10
29 -97 61 -85 81 -13 73 35 57 63 41 67 -43 59 -71 -9 -63 -37 -51 -77
6
97
-1 63
-47 -41
3
76 -88 51 37 -49 97
10
99
-24 60
-3 42
5
-69 -22 10 -57 39 37 10 48 -93 74
3
12
10 48
5 27
6
-60 -31 90 9 60 69 -20 99 -80 39 -70 -11
24
99
-71 -6
-13 60
6
-93 56 -100 42 -72 -35 -51 -84 26 -70 33 0
2
91
-51 -84
-44 -54
10
50 -90 100 -34 90 80 -6 54 -10 50 -14 16 -8 -50 12 -80 34 -98 40 -96
50
88
-9 -39
13 -79
4
-11 -6 9 -56 44 39 -11 -1
94
100
-11 -6
0 4
8
-98 69 -58 1 42 -79 54 -83 78 -67 74 25 58 61 -14 65
50
84
76 -21
-41 34
6
88 19 98 49 38 59 18 49 -32 -41 28 -31
35
80
74 53
17 12
8
-48 -52 -39 -70 -3 -79 33 -52 60 11 33 29 -3 38 -66 11
4
91
1 -76
-18 -25
5
-74 62 -19 -18 -4 2 6 37 6 92
2
29
6 53
-22 12
6
34 57 -54 41 -62 -47 -46 -55 -10 -19 50 53
59
73
-20 -29
-16 -14
3
-28 -64 67 51 -93 -94
16
91
67 51
-23 -40
4
28 80 -73 79 8 -86 88 -88
12
45
8 -86
15 -17
8
75 -27 41 35 -3 35 -19 29 -49 -27 -31 -91 -1 -89 49 -51
9
100
-34 1
-13 -17
3
58 -29 34 19 -6 -45
31
71
-1 -37
26 -15
8
-86 -85 -10 -81 62 -65 62 15 30 55 -82 31 -94 -5 -98 -41
22
92
-94 -5
43 17
9
28 -68 52 -48 84 -4 64 28 12 64 -72 -32 -88 -60 -76 -88 4 -80
1
23
-66 -87
6 41
3
-5 56 -12 -35 72 -7
10
94
17 38
-6 12
8
-33 25 -54 1 -81 -35 -90 -68 -39 -68 27 -50 63 10 93 88
44
48
39 -30
-13 -25
3
15 56 -75 56 -65 -76
92
95
-71 56
4 54
7
69 85 -41 -3 -80 -59 -41 -77 -17 -65 48 -14 90 46
52
91
-54 -71
-59 -45
4
-61 48 5 -12 83 -60 35 78
36
62
44 -36
27 16
5
-69 79 -69 -35 3 -41 27 -5 75 85
2
96
-69 72
-13 -15
5
-96 7 -18 -80 12 -92 72 76 -27 67
9
51
-18 -80
48 20
3
-51 -63 68 65 -26 97
52
85
-26 97
18 42
5
-80 65 -50 -1 76 -49 94 95 22 83
66
67
5 80
42 37
3
64 66 4 -34 64 -44
35
67
34 16
38 -11
10
-44 53 -78 18 -78 -14 -50 -91 11 -70 100 -36 87 17 62 54 17 63 -17 63
59
100
-78 18
-21 33
3
-91 36 69 -59 44 81
9
63
-4 65
49 23
7
70 -62 84 -6 84 29 -49 78 -91 78 -14 -41 21 -83
21
60
-61 78
-1 -50
6
-86 -78 -20 -15 46 54 10 78 -50 36 -83 -54
23
29
-20 -15
12 25
8
-36 -71 -8 -43 20 48 -29 69 -78 62 -92 -22 -99 -78 -50 -78
3
96
16 35
-16 -45
4
100 -58 30 97 -5 97 35 -53
10
33
100 -58
39 76
4
83 -10 20 95 -36 95 20 -45
51
93
16 -35
-16 90
4
91 38 91 88 -69 8 1 -72
3
42
82 27
-48 -12
8
-75 42 -49 -13 32 -25 97 -32 94 73 88 80 -52 73 -79 58
9
53
97 -32
91 8
4
-67 35 -67 -21 29 35 5 75
87
99
-22 60
-63 10
8
-31 -57 2 -80 90 21 89 73 87 79 65 85 37 62 10 24
10
96
37 62
85 64
7
8 28 -52 23 -77 -2 -37 -32 33 -67 83 -72 68 8
8
23
71 -8
25 -23
6
49 -72 39 43 -16 93 -61 -22 -46 -77 39 -92
18
75
-61 -22
-33 -45
4
16 1 16 91 -29 19 7 -26
29
99
-4 59
-27 17
6
-47 -12 65 -12 -31 80 -55 80 -63 48 -67 8
50
52
17 34
-11 7
5
-74 -51 10 -33 28 -3 34 45 -92 33
6
76
-86 5
-11 -29
6
-67 81 -62 -24 -12 -54 88 -94 93 -64 -47 71
4
91
-67 81
-9 -42
10
-11 -69 39 -4 29 51 19 96 -51 76 -71 61 -76 56 -91 21 -96 -39 -56 -69
2
67
-72 -57
-12 60
4
-32 38 -50 -58 -2 -82 64 56
10
15
-22 -72
32 4
6
30 32 -84 8 -90 -16 -42 -70 24 -64 66 -58
63
68
-31 -69
9 -11
8
91 14 14 36 -86 -2 -47 -61 3 -79 65 -85 97 -74 99 -23
19
99
-22 -70
-27 4
8
55 33 28 87 -80 87 -80 60 -35 -30 -26 -39 64 -57 73 -57
15
46
67 -27
53 -38
6
19 52 -37 3 -37 -88 -23 -81 12 -32 26 3
18
58
26 3
-3 11
8
-48 29 -69 23 -96 -55 -93 -58 -36 -64 78 -37 57 11 45 20
4
95
-62 25
44 12
4
-3 0 -24 -77 11 -42 25 42
57
95
-14 -67
8 4
7
-79 -49 91 -73 77 -35 27 59 -45 69 -69 47 -81 -19
5
95
-81 -19
-42 32
8
51 -43 57 38 45 71 -21 86 -54 77 -72 32 -99 -76 0 -100
84
99
-72 32
-48 54
7
-99 -5 -66 -68 78 -80 84 22 60 64 9 67 -66 28
78
97
72 43
-16 41
6
62 -72 70 -34 58 68 -100 54 -88 -24 -64 -66
22
91
-68 -59
-43 40
3
34 -46 59 84 -41 -51
9
77
34 -46
2 -30
10
-63 49 -35 13 9 -43 53 -95 81 -95 69 -35 45 45 29 85 -11 85 -47 69
13
59
57 5
-24 20
6
-63 57 49 -71 73 -71 97 49 89 81 -31 81
25
84
61 -71
-39 48
5
-25 -61 55 -97 59 -25 59 3 23 51
8
34
59 1
22 -18
3
92 -99 22 76 -18 -74
52
94
-18 -74
12 -37
7
-64 -8 -39 -48 46 82 36 92 -44 87 -89 72 -79 17
1
27
40 88
-46 14
10
85 -76 99 -20 85 1 50 36 8 64 -55 43 -69 -20 -69 -27 -34 -62 50 -83
38
97
70 -79
-43 32
4
46 41 -23 32 -17 -13 28 8
17
87
28 8
7 0
8
-79 0 1 -60 51 -35 66 10 51 85 -24 90 -49 60 -69 25
31
33
-71 20
43 42
8
-37 12 -81 32 -53 -64 -45 -72 -13 -80 39 -68 39 -60 -13 -4
7
28
26 -46
-55 -38
5
-14 70 -100 98 6 -16 68 -76 78 -42
4
97
32 14
44 -4
3
-98 22 54 6 -50 86
2
97
-95 26
4 13
8
-82 -85 -58 -91 -24 -89 46 -35 92 81 82 85 20 99 -96 57
54
84
46 -35
-30 -21
6
-56 38 -4 6 32 30 96 78 100 98 64 94
53
97
97 83
-7 11
6
-34 79 -84 -35 -86 -93 -36 -63 86 73 -22 93
10
59
-51 -72
-61 -28
4
45 23 9 77 -45 77 63 -40
44
77
-9 38
21 15
5
-62 -83 3 -94 37 23 -97 32 -99 -46
8
80
-65 -80
-40 -29
10
-51 -64 -15 -84 69 -56 81 -44 81 -12 53 40 -11 64 -51 76 -59 -20 -59 -32
8
97
5 58
-29 -8
10
-81 2 -72 -30 -49 -67 -12 -75 76 -77 53 18 15 48 -47 74 -67 77 -78 70
44
85
-78 70
71 -64
10
88 -37 88 33 28 83 -17 93 -72 63 -82 48 -97 -2 -97 -17 -47 -52 48 -52
14
23
80 -40
-63 24
6
-88 57 -53 -33 -33 -73 32 -68 72 27 32 42
19
41
-20 -72
-62 12
5
-42 83 -98 -61 -50 -69 14 -77 46 51
77
90
-20 75
-16 12
9
-46 92 -73 47 -73 38 -64 -7 -46 -61 80 -70 89 -34 71 65 35 83
5
12
81 -66
29 -50
4
-50 3 -50 -78 58 -69 85 84
43
80
34 -71
33 -39
5
-2 -52 11 -39 -48 59 -83 80 -83 -10
31
32
-68 71
0 -38
10
-82 -32 -76 -52 -69 -55 98 -4 77 32 51 71 7 95 -32 100 -82 46 -88 9
69
80
98 -4
-44 60
9
-56 -59 49 -94 91 -87 98 -3 63 39 56 46 0 53 -14 53 -49 18
51
82
-49 18
55 7
4
-70 70 0 7 63 14 -21 98
11
33
-70 70
-31 39
5
-69 59 -40 -17 -16 -51 16 -90 -4 -11
7
98
-69 59
2 -46
6
79 -75 67 15 -17 75 -59 81 -53 -21 55 -75
16
60
75 -45
0 -36
9
86 -26 4 38 -32 42 -74 24 -94 12 -86 -20 -66 -44 78 -96 98 -78
43
51
-84 18
-23 -14
7
14 6 -42 -2 -42 -26 -10 -66 78 -82 86 -18 78 14
27
28
-28 0
22 -52
5
92 100 -32 44 -84 -36 -4 -84 44 -20
23
55
-1 -80
30 27
4
-68 80 4 -4 12 100 -68 88
71
84
12 100
-8 43
10
-79 -27 -70 -63 -52 -72 11 -90 29 -90 65 -63 47 -18 -52 63 -70 27 -79 0
39
77
65 -63
-59 -6
9
-42 -36 12 -75 48 -81 57 12 30 45 27 48 -48 39 -96 33 -93 24
37
64
18 -76
24 41
8
31 77 11 87 -29 97 -49 67 -89 -13 -9 -23 51 27 61 47
30
53
47 61
-43 20
9
-92 45 -45 -56 -16 -75 3 -85 8 36 -6 92 -78 94 -90 91 -94 65
13
84
-82 93
-22 74
3
-37 -26 -82 -26 -1 -89
84
99
-79 -26
-54 -31
7
-17 87 -90 48 -65 -41 -19 -45 13 -16 56 41 92 97
17
96
65 55
-36 34
4
69 -37 39 89 33 89 9 83
14
44
35 89
32 40
8
-27 80 -63 40 -99 -12 -87 -92 -67 -96 1 -92 69 64 25 84
39
43
-67 -96
-40 -32
7
-45 -62 9 -5 24 61 -51 91 -87 76 -99 10 -60 -53
38
54
-16 77
11 40
9
-29 -80 -11 -78 -7 -72 17 -24 -13 58 -93 92 -89 18 -75 -48 -63 -62
3
100
-20 -79
-53 64
8
31 -80 55 -44 83 8 95 48 19 52 -41 0 -73 -44 -1 -88
4
66
92 38
13 -41
5
-67 2 87 30 10 93 -32 93 -81 30
14
22
-22 93
18 37
3
-88 33 -34 -91 100 -17
14
43
-61 -29
-41 -32
7
42 41 30 68 -48 77 -72 17 -42 -52 -3 -37 48 -7
35
69
-66 32
-4 4
3
-70 -14 26 -78 18 94
33
78
2 -62
4 39
6
-74 49 -74 -7 -54 -71 50 -95 -10 5 -50 61
33
76
-74 17
-25 -74
6
-93 -36 -33 -56 87 -20 91 12 23 8 -45 0
38
40
74 11
-5 -16
10
54 -97 66 -95 98 -1 62 31 52 35 16 39 -84 -11 -78 -21 -54 -55 -28 -69
29
60
-28 -69
16 36
9
-93 17 -86 -67 -58 -74 19 -74 68 -46 54 3 47 24 19 31 -30 38
21
60
26 -70
-35 -13
9
-85 10 -79 -2 -31 -80 -19 -92 35 -74 83 -32 59 28 29 46 17 46
85
97
-82 4
11 16
7
-9 24 -29 4 -39 -46 -9 -76 11 -76 51 -56 61 84
22
33
-36 -49
36 -63
9
80 73 58 77 -26 49 -54 -11 -40 -39 -12 -81 18 -93 74 5 80 43
2
72
42 -51
66 41
6
38 -3 30 53 -2 77 -18 69 -58 29 -66 -35
5
33
14 65
7 -4
7
16 -87 96 -15 96 5 -76 29 -84 -71 -60 -91 -32 -95
15
18
76 -33
-80 -44
9
19 -100 77 -72 83 -68 93 -40 65 10 -3 68 -39 26 -39 -32 -21 -88
47
48
65 10
-22 13
3
1 1 -71 10 -44 -35
9
26
-71 10
-33 -16
8
-76 12 -52 -20 -28 -28 52 -20 36 60 -44 100 -68 92 -92 60
46
76
-40 -24
-1 22
7
52 89 -24 81 -36 -27 -12 -71 84 -59 84 5 80 77
44
90
-5 83
32 -20
6
73 6 43 56 -87 -24 -97 -64 -57 -94 63 -54
56
88
-74 -16
68 -1
9
-65 -96 67 -96 75 -80 95 -36 91 60 63 56 -45 0 -69 -48 -69 -72
90
96
73 -84
14 18
3
66 -7 -30 89 70 -75
33
85
70 -75
-2 54
9
-90 62 -80 -28 -30 -68 30 -58 60 -48 60 -18 -10 72 -20 82 -90 72
24
70
30 -58
-69 4
9
1 84 -43 50 -75 8 -81 -8 -85 -64 -37 -82 23 -98 41 -84 91 12
17
70
-45 -79
0 -47
9
-56 48 -63 27 -77 -43 -21 -92 63 -50 84 -15 91 55 0 62 -49 62
15
32
-66 12
-49 51
10
-66 -72 -58 -80 -28 -88 36 -72 58 -42 64 -24 44 -4 18 6 -94 20 -94 -28
29
66
-58 -80
-4 -8
10
28 -46 92 18 88 50 48 74 -20 98 -84 90 -80 66 -72 46 -36 -38 4 -54
43
57
-20 98
-54 21
4
-72 34 99 -56 99 -29 63 -11
82
93
99 -37
-13 12
10
-25 88 -75 88 -85 48 -95 -57 -70 -77 5 -87 20 -82 40 -47 55 3 60 23
26
40
-70 -77
-84 -12
7
-13 70 -53 22 -29 -34 -5 -50 59 -18 67 -10 75 6
24
63
62 -15
54 -8
9
80 39 68 54 -10 45 -70 18 -49 -69 -19 -99 62 -66 77 -57 92 -39
49
80
72 49
27 -18
9
88 21 67 77 4 35 -73 -56 -80 -70 -10 -98 60 -77 74 -63 88 -28
41
73
88 4
76 35
4
-17 92 -28 11 43 -7 55 90
27
54
-28 11
20 0
4
-62 86 -52 66 98 16 78 96
15
63
-56 74
29 57
3
-73 -50 17 -10 -73 70
59
87
-37 -34
-24 -20
10
74 -13 92 -1 68 29 14 83 -10 89 -40 95 -58 89 -58 53 -46 -31 -28 -73
38
94
-58 74
20 11
7
-97 -41 -58 -32 50 7 83 34 74 91 -13 46 -70 1
35
100
-58 -32
-3 39
9
-64 -17 -46 -41 -28 -59 26 -29 80 7 44 37 26 37 -28 31 -70 13
26
28
-70 13
42 4
9
-11 69 -95 92 -49 -14 -19 -38 57 -41 80 -9 92 21 92 29 24 57
47
81
-11 69
5 51
3
65 99 -31 83 -7 43
9
77
29 71
-6 44
3
-41 17 -5 23 61 83
29
80
28 53
-26 25
3
31 -46 -89 24 -29 -86
12
62
-41 -64
-50 -28
3
59 -44 50 1 -67 -8
65
89
54 -19
-3 -24
6
-74 10 -94 -40 -34 -20 56 30 46 80 -24 40
37
51
47 25
-48 6
7
39 -3 33 27 15 75 -39 87 -45 -51 -27 -63 33 -81
72
80
36 -42
-32 -26
5
-78 -15 -10 -35 98 5 14 53 -58 65
16
28
71 -5
16 38
9
55 83 1 99 -29 92 -63 46 -56 12 -39 -39 6 -48 68 -41 57 72
25
47
1 99
-43 57
9
-31 -24 5 -72 21 -60 45 -4 61 40 57 48 -3 100 -59 92 -63 28
23
46
-62 44
15 66
10
-85 56 -99 34 -65 -62 81 -82 73 -6 61 14 7 82 -45 86 -49 86 -67 84
7
23
-65 -62
30 -24
6
-61 80 -65 -56 -17 -80 35 -8 55 24 19 100
27
44
-19 -79
-23 -23
7
-66 -28 62 -68 78 -44 62 -12 -66 60 -90 12 -90 -12
18
54
-90 1
-39 -2
8
69 86 -1 86 -22 65 -29 51 -36 16 -15 -19 83 9 90 30
36
38
84 12
23 -7
3
35 -86 -5 29 -20 -46
27
70
-6 24
26 -66
10
-96 -23 -87 -32 -6 -59 39 -59 48 -5 39 49 3 67 -51 85 -87 58 -96 13
73
89
-39 81
13 -30
5
-26 58 -74 34 -62 -44 40 -62 58 10
11
46
57 6
-46 17
5
53 -50 61 -26 61 62 -43 -74 29 -74
24
50
59 -32
48 -52
8
11 94 11 67 26 -56 92 -8 95 -5 98 46 83 88 29 97
43
78
29 97
59 27
7
-13 -82 35 -94 3 -14 -9 6 -29 22 -61 38 -77 -14
53
66
-61 -31
-13 -58
6
-47 84 -77 64 -37 -36 -27 -56 93 -66 63 34
7
35
-59 76
59 -28
7
-89 16 -9 -48 15 -32 31 16 7 72 -9 96 -57 72
5
6
-57 72
2 52
10
90 19 100 79 90 89 0 59 -30 39 -40 9 -10 -31 0 -41 60 -41 80 -11
89
98
-24 43
49 -13
8
-64 39 -95 -23 -97 -58 -6 -75 83 -62 87 -17 82 -4 -1 26
14
95
82 -4
26 -44
7
-39 -47 -7 -31 1 -23 9 41 -7 73 -79 49 -95 33
3
80
1 -23
-26 -22
8
28 -90 74 -82 60 -8 -2 78 -24 100 -48 34 -20 -84 -18 -88
21
80
-20 -84
45 -19
4
42 -81 -3 -36 -30 -72 -3 -99
46
100
24 -63
14 -62
3
-90 -28 42 8 -54 98
30
84
-62 70
-26 -9
8
-97 -40 35 -56 67 -34 65 -30 23 50 -25 88 -63 62 -77 36
68
77
-31 -48
-15 26
8
93 -21 71 61 57 73 7 59 -55 21 -75 -65 -55 -89 79 -75
6
66
71 61
-49 -46
7
48 -90 56 -34 0 -18 -72 -2 -88 -74 -40 -98 16 -98
57
72
-86 -75
8 -21
4
-56 64 -60 64 16 -48 80 32
6
69
28 -33
3 34
9
-46 -81 -11 -88 -4 -88 38 -81 80 -4 24 66 -11 52 -60 -4 -67 -74
27
49
-21 -86
-18 -55
10
57 0 49 30 15 64 13 64 -65 28 -89 0 -77 -36 -35 -92 15 -72 27 -66
6
94
40 39
-61 -34
8
81 -60 72 21 36 39 -27 48 -63 48 -63 3 -54 -6 36 -87
71
74
-63 42
48 24
5
30 -87 60 30 14 85 -51 27 -78 -31
29
64
14 85
1 -8
7
-59 -39 -69 -79 1 -84 26 -64 56 -9 51 46 -44 -9
5
97
-69 -79
35 25
5
-47 -14 29 -90 49 10 49 86 -35 94
10
53
24 -85
-13 56
3
85 72 -11 -16 29 -24
53
86
-11 -16
35 21
6
33 67 -3 76 -57 85 -93 -14 -66 -32 51 31
49
82
-66 -32
9 10
5
-78 5 -62 -99 58 -91 34 -51 -62 53
12
49
-72 -34
-14 -32
4
60 31 46 66 -94 -53 67 -74
65
98
46 66
1 -13
5
87 -20 -13 20 -23 20 -3 -20 47 -80
49
55
-13 0
38 -47
6
95 -45 92 90 -22 72 -85 -69 -55 -78 38 -96
41
90
-24 -84
90 -30
3
-42 76 30 22 12 58
80
84
12 58
27 27
3
-68 -32 -60 -64 60 48
39
91
-65 -44
-44 -25
8
-29 4 -24 -77 -16 -90 14 -92 61 -79 68 -14 30 88 -28 48
17
51
-28 48
-20 -36
3
-72 49 98 69 68 89
69
87
98 69
-9 58
7
39 -70 75 -22 78 32 51 65 -33 68 -51 -22 -57 -64
22
87
-54 -43
-34 -35
10
-52 -28 -32 -68 -2 -78 18 -68 68 -38 68 -8 48 32 28 42 -12 42 -52 2
53
79
16 -69
48 -21
10
-54 68 -66 -28 -60 -40 66 -46 84 -46 96 -16 96 -4 66 44 30 98 -24 92
19
31
46 74
-35 81
10
36 60 -30 90 -33 90 -45 60 -54 -39 -12 -78 18 -84 66 -57 90 -33 84 33
27
94
-40 -52
50 -1
6
23 34 -94 -41 -48 -62 -2 -65 88 -69 69 9
28
43
-48 -62
-21 -2
4
-42 -36 -42 -92 14 -28 6 -28
61
98
-21 -68
-6 -36
4
18 -74 -38 30 -70 6 -62 -26
74
97
-64 -18
-21 -2
10
-8 -66 36 -70 52 -70 92 -58 88 2 78 90 76 94 42 80 -12 28 -24 -56
53
96
76 94
-17 -54
4
98 66 92 80 24 66 14 -2
51
93
14 -2
32 13
5
-20 55 100 -57 84 15 36 87 12 79
27
75
66 42
54 52
4
-11 94 -49 78 85 48 57 74
59
95
85 48
28 80
8
87 -34 85 -18 33 44 5 74 -15 82 -55 52 27 -20 85 -54
3
23
-43 61
-31 37
3
31 5 -17 83 1 -13
56
67
15 31
-4 25
10
-74 -34 -55 -73 -3 -86 11 -89 31 -61 90 42 44 66 -48 98 -74 97 -77 82
40
71
-77 82
12 -54
8
-60 38 -80 -26 -96 -86 -80 -82 20 -50 48 -10 48 6 8 58
16
38
-70 6
-24 14
7
94 17 11 59 -11 69 -88 -3 -71 -12 38 -7 72 5
8
98
55 -1
-19 7
9
59 -55 68 -46 95 -10 95 35 86 44 59 62 -31 89 -76 17 -58 -19
73
82
89 41
-26 65
3
-84 -60 18 43 -69 20
1
92
-84 -60
-54 9
7
-62 -16 -54 -20 28 -34 72 -16 44 82 38 100 -68 56
37
100
50 61
-13 -17
0
