3704.686809188600
2308.012277333012
1365.865645473177
6715.537953135251
8133.928939940402
1660.465973594786
3323.852164737443
2662.567785443017
3236.198077992137
3996.401463604515
4592.526537159850
1754.194972059833
1014.029254094879
2076.648343510957
823.222078063938
6725.789916433608
1633.294162741231
421.864907286681
775.319289067414
8431.398449077860
6275.049800599195
2940.329006471206
5772.642375896848
1321.083105649469
4693.690445694092
1326.439711706184
3115.978735464410
4899.267760794359
1960.809733436055
2443.325280948288
3807.120460987152
496.304815606384
3187.229869664804
5347.493057498999
3584.681516266577
2110.981762119228
2904.451755495346
5633.729847978158
3971.363137879973
2123.859223206661
1470.166029626542
2880.262008415842
5087.247291020951
2627.848708829788
3177.014482582185
6029.164121169700
951.285971724591
2488.459122926594
3643.636919343090
1529.002014251679
4722.575568479556
3968.689960175775
2073.339371112831
3185.321309868398
438.662525839980
84.000000000000
1046.487763897164
1629.174023853805
7484.997196624191
3930.146562152613
1364.443235814841
898.535400903005
2442.655053035478
828.746486043639
1518.908412336694
3421.427674410925
5863.090952774863
1374.570478367697
4129.684316725198
3301.514803843836
7757.180931240420
942.642110558992
6289.282311997133
2655.125232451381
1838.093033554069
3710.378552115673
960.035865167570
952.004350913482
2988.037295446778
585.597424118856
3135.869936696600
2405.241019650867
3096.427098662267
4171.664895458407
3772.447726153476
3535.827695711885
2326.372919970889
895.430114682303
1119.684833496278
5085.297986202190
2203.586045517938
1179.733551939557
2222.269682210549
2435.198931153348
8892.998819295997
4058.358288766530
2698.340747699068
947.247101629348
4034.321590220771
6350.803676736243
1418.003282213638
6159.240548342598
3288.003910728819
3595.612107223498
4287.926261996733
2214.360241403720
1606.609720230856
5232.856199056114
1196.131755107656
1339.625320752038
4404.907744437280
1858.953809434386
1503.867648608904
3150.795809208815
4961.038933373184
9278.055426698837
942.723787854639
3455.077010422116
562.315623352868
5052.367261015635
4839.113336633192
1761.047416934493
294.792317725803
2184.764443656775
5328.186276773739
438.437431089158
6773.769934315376
9733.093418281980
1919.077304175755
295.367986455337
1474.343882806978
719.092900467867
405.900466468376
2532.911993243239
13819.332545387277
3919.268831924284
6126.839397274912
768.866616255406
3732.628766797541
1810.343368671687
2944.869436834170
8282.739684046624
2450.329305113683
2854.119640778427
1157.491332156646
1302.133556352322
1828.399844945817
9324.752088378249
1943.770858378605
1008.818454943247
1213.933998615454
801.559612285037
5177.063260189120
3590.099925880650
3350.492501110844
4437.975007058330
2804.014978561991
4417.858304653964
6082.968025561207
5259.133161981106
2344.252409686594
3578.893683807889
3830.237936406172
5177.444464191134
577.993079557802
344.463502618877
655.636318382244
502.691238058666
699.529981927118
6264.528556074200
4281.187518551506
3108.000000000000
1784.292568497106
2665.534201477119
3322.837642738507
335.649251867130
6188.869040462885
1221.292364117777
3330.382153116802
2436.108539921927
2411.227810272097
926.789214899361
2445.550998812286
4490.189377052645
2319.829992805598
4636.000000000000
353.553390593274
1292.951344024649
651.080306334691
829.949642869976
10725.507200118405
541.711625471807
8623.420435070993
6881.702150209403
363.514260915146
2292.093101789614
987.978695455246
259.044397739075
5718.905609459439
1710.127718473878
2441.598369404896
1486.606874731850
10859.741433385972
4438.779664862206
3616.568974977180
627.828384773868
1127.037753088674
2671.208731287494
2297.521117356121
2743.694663901391
1739.640646454726
5399.995595844470
423.325611417470
945.949669534767
2507.511914228924
6947.370877129308
2409.111601849085
3288.054104451822
2681.599491880756
1538.148014158627
5635.012043976933
3800.737033787000
1727.895265122904
5435.264062514122
1305.986338948000
4163.965549949772
1253.486620416834
673.134256197185
1486.172788179845
7824.867290682348
726.352280270258
614.981726910658
6354.908896185841
1141.210654943291
1112.829277113071
2058.201176775860
1479.015933785573
2022.659635232779
1370.583669785741
1715.106929489049
2134.744349819419
1218.055855023173
4790.984867435922
4428.319208110002
811.398348958379
1736.874592833282
1112.389019993150
5373.103642093583
3060.456496900485
3203.959290894863
8538.204260850171
5520.576401555036
1661.408279566379
3823.934936873977
4960.798114157214
1374.680661497515
3784.339049617834
930.556085247602
9613.889599864586
520.192542595570
3831.412272256798
1197.345615694522
294.727846455662
382.275817941243
6487.806756567539
7261.851688420797
2206.256997587668
2046.126977214926
4424.737383445769
3919.589599821896
10375.955619137007
3419.334066645776
2244.099823601802
5681.417076751187
460.074106213470
2561.249694973139
4111.097177153563
12460.497582360023
8575.238062151182
641.806297176755
1187.574763395373
2529.211941494391
3513.081980256083
2019.885145249601
4130.578629039558
4842.878975403384
9225.961182702644
6560.797876232509
5241.643730739433
2318.615565938234
2361.963737948594
6989.919344417948
1112.753093603352
2986.875457731708
2408.102983078830
1601.131502575400
2856.558247258140
1514.009246999502
847.119598104684
4694.028973067806
6011.414903715789
4205.784785215847
3335.774834050664
5745.790292152592
4731.811313834991
9095.786771907089
1910.880899412560
1170.450576862126
798.658812939218
2814.972113538605
4178.482021021509
845.140507832032
4583.373430127639
9849.964466940984
11397.363162936255
11312.124468905035
5316.897119167419
4682.039081881492
3543.472115569515
787.754910770779
5940.000000000000
4797.829196626324
10513.472062000379
2227.428511270075
669.699186202283
6456.748407673943
1788.938715634334
1382.236631009208
2374.373638373127
1516.761947437893
8925.241742490300
6901.312049760821
3146.108707594192
1766.668222279150
411.247631823562
2289.020116187573
998.951958233681
4984.656533910030
4450.466466608736
5588.559742903354
1889.175388172894
2061.732090640712
3683.735603975942
1730.058738957000
2470.277717180803
2750.946273710612
2344.534551843551
2870.701952214672
10909.309098196823
2746.488528284832
667.210296819211
5940.303022573848
3432.583026553999
2096.752664000615
373.786035052141
9016.532592964992
4028.355034255504
1395.669860237941
4750.060038300658
922.864168764715
5176.953634153473
5829.667915070291
2623.486316846794
7805.278214131768
2030.364705521941
1526.096327234949
2549.843063891626
8321.299177412142
5542.066050615470
1784.835169716921
3093.825044809586
3380.226359141567
4304.944242113427
2843.689153195194
7831.534530068619
3753.178506960702
6718.269600292053
2766.290005130362
1978.593548631017
1749.756488314174
7504.698449204379
1807.755588007816
4220.341830621966
1916.200608792841
8545.221561928814
2829.190873730509
2821.962662072413
4450.387061818331
10793.851406015114
1220.752637495325
714.881738432246
4176.430233400104
232.861405500932
1334.965542626475
10542.965568137637
1772.785109624231
2215.710431067781
9489.728017999778
1424.103476514990
7238.965717953525
