0 0 2 0 2 2 1.5 0.5
0 0 1 4 5 3 -1 3
0 0 0 4 5 0 -1 2
0 0 0 4 5 0 -99 0
0 0 0 4 5 0 -2 3
0 0 0 4 5 0 0 80
0 0 0 4 5 0 50 50
0 0 0 4 5 0 50 0
0 0 0 4 5 0 6 -1
0 0 0 4 5 0 30 -2
0 0 0 4 5 0 3 2
0 4 0 0 5 0 6 -1
0 4 5 0 0 0 30 -2
0 4 0 0 5 0 3 2
0 4 0 0 5 0 1 3
0 0 0 4 5 0 1 3
10 5 15 15 5 10 15 5
10 5 15 15 5 10 99 99
10 5 15 15 5 10 15 5
10 5 15 15 5 10 15 4
10 5 15 15 5 10 7 7
15 15 5 10 10 5 16 16
15 15 5 10 10 5 10 13
15 15 5 10 10 5 4 11
15 15 5 10 10 5 12 7
15 15 5 10 10 5 13 15
15 15 5 10 10 5 0 0
15 15 5 10 10 5 10 10
15 15 5 10 10 5 10 7
15 15 5 10 10 5 8 8
15 15 5 10 10 5 12 11
15 15 5 10 10 5 12 12
15 15 5 10 10 5 14 14
-10 -5 -15 -15 -5 -10 -15 -5
-10 -5 -15 -15 -5 -10 -99 -99
-10 -5 -15 -15 -5 -10 -15 -5
-10 -5 -15 -15 -5 -10 -15 -4
-10 -5 -15 -15 -5 -10 -7 -7
-15 -15 -5 -10 -10 -5 -16 -16
-15 -15 -5 -10 -10 -5 -10 -10
-15 -15 -5 -10 -10 -5 -10 -7
-15 -15 -5 -10 -10 -5 -8 -8
-15 -15 -5 -10 -10 -5 -12 -11
-15 -15 -5 -10 -10 -5 -12 -12
-15 -15 -5 -10 -10 -5 -14 -14
10 0 -10 10 0 -10 88 88
10 0 -10 10 0 -10 0 10
10 0 -10 10 0 -10 -5 -5
10 0 -10 10 0 -10 0 0
10 0 -10 10 0 -10 5 0
10 0 -10 10 0 -10 -5 5

