5 1000 2400 
4
1100 1200 1400 1530 1700 1900 2100 2200
4
1030 1100 1130 1300 1430 1530 1800 2030
5
1000 1030 1200 1330 1430 1600 1730 1800 1830 1900
3
1100 1130 1500 1530 1630 1900
3
1000 1500 1530 1700 1730 2200
5 1000 2400 
4
1100 1200 1400 1530 1700 1900 2100 2200
4
1030 1100 1130 1300 1430 1530 1800 2030
5
1000 1030 1200 1330 1430 1600 1730 1800 1830 1900
3
1100 1130 1500 1530 1630 1900
2
1000 1700 1730 2200
3 0900 1000
1
0900 1000
1
0900 0930
1
0930 1000
1 1000 1100
1
1000 1100
5 2200 2210
1
2201 2210
3
2200 2201 2203 2205 2207 2210
2
2200 2202 2203 2209
3
2200 2202 2206 2207 2208 2210
4
2200 2203 2204 2205 2206 2208 2209 2210
0 0 0
