A 5
1 3 5 7 9
B 4
3 1 5 6
D 1
5
R 0
(cAiB)uD
C 3
1 2 3
A 4
2 10 8 3
B 3
2 4 8
R 0
c(Cs(AuB)iC)
A 1
-100
B 2
100 200
C 3
300 400 1000
R 0
((A)i(B)i(C))
A 2
4 2
R 0
c((A)s(A))
A 3
1 3 -1
B 4
3 1 5 7
D 1
5
R 0
cAiBdD
C 3
1 2 3
A 4
2 10 8 3
B 3
2 4 8
R 0
(As(AiB))uC
A 8
1 2 3 4 5 6 7 8
B 5
5 8 9 13 15
C 3
13 19 27
D 7
10 11 12 13 14 15 16
E 2
100 103
R 0
((AiB)uCuE)dEiCu(EiA)iD
A 8
1 2 3 4 5 6 7 8
B 5
5 8 9 13 15
C 3
13 19 27
D 7
10 11 12 13 14 15 16
E 2
100 103
R 0
(c(AuB))iCu((DdCiB)u(EiE))
A 3
1 2 3
B 3
2 4 6
C 1
13
R 0
Ai((AiBuC)dA)
A 12
5 7 1 9 11 3 13 15 17 19 21 23
B 11
2 4 6 8 10 12 14 16 18 20 22
C 10
23 2 3 5 7 11 13 17 19 29
D 8
2 4 8 16 32 64 128 256
E 6
720 2 6 24 120 1
R 0
Dd(Dd(DicB)iBiE)u(AdC)
