4
 0.000000  -0.500000
 0.000000   0.500000
 0.587785   1.309017
 0.587785   0.309017
4
-5.000000   0.000000
 5.000000   0.000000
 9.635255  14.265848
-0.364745  14.265848
10
 0.000000   3.236068
 1.902113   2.618034
 3.077684   1.000000
 3.077684  -1.000000
 1.902113  -2.618034
 0.000000  -3.236068
-1.902113  -2.618034
-3.077684  -1.000000
-3.077684   1.000000
-1.902113   2.618034
5
 0.000000   1.701302
 1.618034   0.525731
 1.000000  -1.376382
-1.000000  -1.376382
-1.618034   0.525731
22
 0.000000   7.028225
 1.979652   6.743659
 3.798995   5.913002
 5.310702   4.603520
 6.392357   2.921253
 6.956370   1.002428
 6.957069  -0.997572
 6.394395  -2.916790
 5.313914  -4.599811
 3.803122  -5.910348
 1.984359  -6.742275
 0.004907  -7.028224
-1.974943  -6.745039
-3.794866  -5.915652
-5.307487  -4.607227
-6.390316  -2.925715
-6.955669  -1.007285
-6.957763   0.992714
-6.396430   2.912325
-5.317124   4.596100
-3.807247   5.907692
-1.989066   6.740888