1 400 500 -900 -900
0 0
1 300 400 -400 -300
0 0
5 -998 -999 -999 -999
-997 -999
-996 -999
-995 -999
-994 -999
-993 -999
5 999 -998 999 -999
999 -997
999 -996
999 -995
999 -994
999 -993
20 -900 -900 900 900
-901 -900
-902 -900
-903 -900
-904 -900
-901 -901
-902 -901
-903 -901
-904 -901
-901 -902
-902 -902
-903 -902
-904 -902
-901 -903
-902 -903
-903 -903
-904 -903
-901 -904
-902 -904
-903 -904
0 0 
20 900 5 -903 0
900 3
900 3
900 3
900 3
900 3
900 3
900 3
900 3
900 3
900 3
900 3
900 3
900 3
900 3
900 3
900 3
900 3
900 3
-1 4
2 1
20 -524 -417 691 -695
171 -613
621 -652
-30 -696
-266 -16
820 -469
786 -559
263 142
-335 -791
5 134
708 -919
-783 278
-973 440
-796 -34
-491 353
793 519
440 815
857 -244
799 557
-351 -611
991 -677
20 416 3 872 432
-789 -581
118 410
-843 21
-607 -451
277 -103
-920 -65
-844 -923
-679 -204
377 69
373 -455
-68 -446
-99 870
-826 -92
891 711
-758 -971
-530 732
-125 539
748 -246
888 596
677 893
20 172 198 -361 -157
808 -683
670 463
-16 -575
-760 -903
-147 -348
-790 -142
246 237
559 -23
979 851
284 494
913 31
-557 -400
620 -987
-438 838
-265 -185
749 904
980 -699
96 -525
543 -82
462 -605
20 200 0 0 0
100 0
105 0
110 0
115 0
120 0
125 0
130 0
135 0
140 0
145 0
150 0
155 0
160 0
165 0
170 0
175 0
180 0
185 0
190 0
195 0
20 200 13 0 0
100 6
105 7
110 7
115 7
120 8
125 8
130 8
135 9
140 9
145 9
150 10
155 10
160 10
165 11
170 11
175 11
180 12
185 12
190 12
195 13
20 160 120 0 0
80 60
84 63
88 66
92 69
96 72
100 75
104 78
108 81
112 84
116 87
120 90
124 93
128 96
132 99
136 102
140 105
144 108
148 111
152 114
156 117
20 155 127 0 0
78 63
82 67
85 70
89 73
93 76
97 79
101 82
105 86
109 89
112 92
116 95
120 98
124 101
128 105
132 108
136 111
140 114
143 117
147 120
151 124
20 128 154 0 0
64 77
67 81
70 85
73 89
77 93
80 97
83 100
86 104
89 108
93 112
96 116
99 120
102 124
105 127
108 131
112 135
115 139
118 143
121 147
124 151
20 63 190 0 0
32 95
33 100
35 105
36 110
38 114
39 119
41 124
43 128
44 133
46 138
47 143
49 147
51 152
52 157
54 162
55 166
57 171
59 176
60 181
62 185
20 33 198 0 0
17 99
17 104
18 109
19 114
20 119
21 124
22 129
22 134
23 138
24 143
25 148
26 153
27 158
27 163
28 168
29 173
30 178
31 183
32 188
33 193
20 19 200 0 0
10 100
10 105
11 110
11 115
12 120
12 125
13 130
13 135
14 140
14 145
14 150
15 155
15 160
16 165
16 170
17 175
17 180
18 185
18 190
19 195
0 0 0 0 0
