1 600 400 -800 -900
100 0
1 400 500 -300 -200
100 100
5 999 -998 999 -999
999 -997
999 -996
999 -995
999 -994
999 -993
5 998 999 999 999
997 999
996 999
995 999
994 999
993 999
20 -890 -890 890 890
-891 -890
-892 -890
-893 -890
-894 -890
-891 -891
-892 -891
-893 -891
-894 -891
-891 -892
-892 -892
-893 -892
-894 -892
-891 -893
-892 -893
-893 -893
-894 -893
-891 -894
-892 -894
-893 -894
0 0 
20 900 15 -903 10
900 13
900 13
900 13
900 13
900 13
900 13
900 13
900 13
900 13
900 13
900 13
900 13
900 13
900 13
900 13
900 13
900 13
900 13
-1 14
2 11
20 -52 847 717 891
-200 -309
-597 -355
-327 141
-126 748
287 35
789 678
275 -47
-154 -981
216 855
-302 -494
-177 -507
956 -59
364 604
700 -447
204 413
-728 517
-244 -684
291 270
122 -593
901 814
20 -153 289 888 508
521 -917
920 -344
470 219
123 104
405 -498
-23 -480
437 -100
294 -758
-910 806
698 -502
188 590
-765 -93
-951 -77
-329 958
-5 -215
-537 738
-309 536
554 -228
-373 323
829 -347
20 144 101 -957 406
10 -288
264 -530
883 -845
672 -571
-256 -964
305 -572
-165 -264
-449 396
-314 -425
-916 604
687 608
-735 734
-46 -922
181 -412
88 -935
-415 -978
-78 -784
-542 -453
-647 -948
-451 737
20 198 33 0 0
99 17
104 17
109 18
114 19
119 20
124 21
129 22
134 22
138 23
143 24
148 25
153 26
158 27
163 27
168 28
173 29
178 30
183 31
188 32
193 33
20 190 63 0 0
95 32
100 33
105 35
110 36
114 38
119 39
124 41
128 43
133 44
138 46
143 47
147 49
152 51
157 52
162 54
166 55
171 57
176 59
181 60
185 62
20 17 200 0 0
8 100
9 105
9 110
9 115
10 120
10 125
11 130
11 135
12 140
12 145
12 150
13 155
13 160
14 165
14 170
15 175
15 180
15 185
16 190
16 195
20 16 200 0 0
8 100
8 105
8 110
9 115
9 120
10 125
10 130
10 135
11 140
11 145
12 150
12 155
12 160
13 165
13 170
14 175
14 180
14 185
15 190
15 195
20 2 200 0 0
1 100
1 105
1 110
1 115
1 120
1 125
1 130
1 135
1 140
1 145
1 150
1 155
1 160
1 165
1 170
1 175
1 180
1 185
2 190
2 195
20 153 129 0 0
77 64
81 68
85 71
88 74
92 77
96 80
100 84
104 87
108 90
111 93
115 97
119 100
123 103
127 106
130 109
134 113
138 116
142 119
146 122
150 125
20 127 155 0 0
63 78
67 82
70 85
73 89
76 93
79 97
82 101
86 105
89 109
92 112
95 116
98 120
101 124
105 128
108 132
111 136
114 140
117 143
120 147
124 151
20 1 200 0 0
0 100
0 105
0 110
1 115
1 120
1 125
1 130
1 135
1 140
1 145
1 150
1 155
1 160
1 165
1 170
1 175
1 180
1 185
1 190
1 195
0 0 0 0 0
