1 -500 -400 900 800
0 1
1 300 500 -400 -200
0 100
5 998 999 999 999
997 999
996 999
995 999
994 999
993 999
5 -999 998 -999 999
-999 997
-999 996
-999 995
-999 994
-999 993
20 -880 -880 880 880
-881 -880
-882 -880
-883 -880
-884 -880
-881 -881
-882 -881
-883 -881
-884 -881
-881 -882
-882 -882
-883 -882
-884 -882
-881 -883
-882 -883
-883 -883
-884 -883
-881 -884
-882 -884
-883 -884
0 0
20 900 25 -903 20
900 23
900 23
900 23
900 23
900 23
900 23
900 23
900 23
900 23
900 23
900 23
900 23
900 23
900 23
900 23
900 23
900 23
900 23
-1 24
2 21
20 327 562 -531 -482
439 -889
-931 63
848 -689
-950 -259
-723 831
-396 229
-446 -617
34 -820
281 323
-269 741
-546 718
-812 -929
-774 898
-673 70
105 -588
-160 673
-590 -39
-643 42
617 700
304 -7
20 -399 -135 -401 552
629 -188
398 -512
-447 136
158 -919
-704 -247
298 651
702 -748
989 316
-120 347
865 304
414 483
-452 -604
-293 -244
495 772
604 -792
436 990
-626 408
587 -130
-807 -76
-335 117
20 -164 22 93 319
217 544
-384 720
-867 -28
-354 55
-984 -628
414 31
-268 -963
28 629
-506 92
-355 -725
85 -516
-29 522
-340 817
898 -806
-53 -754
897 600
851 841
157 -963
384 249
-445 968
20 200 19 0 0
100 10
105 10
110 11
115 11
120 12
125 12
130 13
135 13
140 14
145 14
150 14
155 15
160 15
165 16
170 16
175 17
180 17
185 18
190 18
195 19
20 157 125 0 0
79 62
82 65
86 69
90 72
94 75
98 78
102 81
106 84
110 87
114 90
118 93
122 97
125 100
129 103
133 106
137 109
141 112
145 115
149 118
153 122
20 153 130 0 0
76 65
80 68
84 71
88 75
92 78
95 81
99 84
103 88
107 91
111 94
114 97
118 101
122 104
126 107
130 110
134 114
137 117
141 120
145 123
149 127
20 127 155 0 0
63 78
66 82
70 86
73 89
76 93
79 97
82 101
85 105
89 109
92 113
95 117
98 120
101 124
104 128
108 132
111 136
114 140
117 144
120 148
123 151
20 97 175 0 0
48 88
51 92
53 97
56 101
58 105
61 110
63 114
65 118
68 123
70 127
73 132
75 136
78 140
80 145
82 149
85 153
87 158
90 162
92 167
95 171
20 15 200 0 0
7 100
8 105
8 110
9 115
9 120
9 125
10 130
10 135
11 140
11 145
11 150
12 155
12 160
13 165
13 170
13 175
14 180
14 185
14 190
15 195
20 8 200 0 0
4 100
4 105
4 110
5 115
5 120
5 125
5 130
5 135
6 140
6 145
6 150
6 155
7 160
7 165
7 170
7 175
7 180
8 185
8 190
8 195
20 13 200 0 0
6 100
7 105
7 110
7 115
8 120
8 125
8 130
9 135
9 140
9 145
10 150
10 155
10 160
11 165
11 170
11 175
12 180
12 185
12 190
13 195
0 0 0 0 0
