1 -400 -600 750 850
-200 -100
1 400 400 -300 -300
100 0
5 -999 998 -999 999
-999 997
-999 996
-999 995
-999 994
-999 993
5 -998 -999 -999 -999
-997 -999
-996 -999
-995 -999
-994 -999
-993 -999
20 -870 -870 870 870
-871 -870
-872 -870
-873 -870
-874 -870
-871 -871
-872 -871
-873 -871
-874 -871
-871 -872
-872 -872
-873 -872
-874 -872
-871 -873
-872 -873
-873 -873
-874 -873
-871 -874
-872 -874
-873 -874
0 0
20 900 35 -903 30
900 33
900 33
900 33
900 33
900 33
900 33
900 33
900 33
900 33
900 33
900 33
900 33
900 33
900 33
900 33
900 33
900 33
900 33
-1 34
2 31
20 452 999 -605 100
855 350
123 -272
-65 -628
-638 -265
-857 730
-400 -207
715 -620
497 -667
355 -550
768 -13
-469 145
-133 -1
970 -384
670 685
-942 472
-496 235
272 -699
930 -576
516 -839
-565 520
20 -996 -25 -502 156
-25 -127
66 -986
-741 -844
755 607
448 -393
-356 -971
278 832
800 252
251 646
-253 -397
952 75
803 -262
108 469
-795 -653
-923 -323
468 184
564 61
394 -249
200 -31
955 -513
20 632 -501 497 467
-916 753
439 497
-30 472
-291 980
-718 -788
-364 -848
-687 -252
-732 -728
245 743
-100 874
-252 813
826 -914
-758 996
604 52
658 -697
-669 608
440 241
-505 746
392 -861
-259 -306
20 175 97 0 0
88 48
92 51
97 53
101 56
105 58
110 61
114 63
118 65
123 68
127 70
132 73
136 75
140 78
145 80
149 82
153 85
158 87
162 90
167 92
171 95
20 155 127 0 0
78 63
82 66
86 70
89 73
93 76
97 79
101 82
105 85
109 89
113 92
117 95
120 98
124 101
128 104
132 108
136 111
140 114
144 117
148 120
151 123
20 129 153 0 0
64 77
68 81
71 85
74 88
77 92
80 96
84 100
87 104
90 108
93 111
97 115
100 119
103 123
106 127
109 130
113 134
116 138
119 142
122 146
125 150
20 125 157 0 0
62 79
65 82
69 86
72 90
75 94
78 98
81 102
84 106
87 110
90 114
93 118
97 122
100 125
103 129
106 133
109 137
112 141
115 145
118 149
122 153
20 30 198 0 0
15 99
16 104
16 109
17 114
18 119
19 124
20 129
20 134
21 139
22 144
23 149
23 154
24 159
25 164
26 168
26 173
27 178
28 183
29 188
29 193
20 19 200 0 0
9 100
10 105
10 110
11 115
11 120
12 125
12 130
13 135
13 140
14 145
14 150
15 155
15 160
16 165
16 170
17 175
17 180
18 185
18 190
19 195
20 18 200 0 0
9 100
9 105
10 110
10 115
11 120
11 125
12 130
12 135
13 140
13 145
14 150
14 155
15 160
15 165
16 170
16 175
17 180
17 185
17 190
18 195
20 6 200 0 0
3 100
3 105
3 110
3 115
4 120
4 125
4 130
4 135
4 140
4 145
5 150
5 155
5 160
5 165
5 170
5 175
6 180
6 185
6 190
6 195
0 0 0 0 0
