20 86
0 15
 0 3
 1 19
 1 18
 1 11
 1 9
 1 3
 1 2
 2 19
 2 14
 2 13
 2 10
 2 8
 2 7
 2 6
 3 12
 3 11
 3 10
 3 8
 3 6
 4 17
 4 15
 4 14
 4 12
 4 10
 4 9
 4 7
 4 6
 5 19
 5 17
 5 14
 5 11
 5 10
 5 8
 5 7
 6 19
 6 14
 6 12
 6 11
 6 10
 6 9
 6 8
 6 7
 7 19
 7 18
 7 17
 7 15
 7 13
 7 11
 7 8
 8 19
 8 18
 8 17
 8 16
 8 13
 8 10
 8 9
 9 18
 9 17
 9 16
 9 15
 10 15
 10 13
 10 12
 10 11
 11 19
 11 18
 11 16
 11 14
 11 13
 12 18
 12 17
 12 16
 12 14
 13 19
 13 18
 13 15
 13 14
 14 18
 14 16
 15 19
 15 18
 15 17
 15 16
 16 19
 17 18
0 0

