1 0
2 1
0 1
3 2
0 1
1 2
4 4
0 1
0 2
1 3
2 3
5 7
0 1
0 4
1 2
1 4
2 4
2 3
3 4
7 6
0 1
0 2
0 3
1 4
2 5
3 6
16 24
0 1
1 2
2 3
4 5
5 6
6 7
8 9
9 10
10 11
12 13
13 14
14 15
0 4
1 5
2 6
3 7
4 8
5 9
6 10
7 11
8 12
9 13
10 14
11 15
23 22
0 1
1 2
2 3
3 4
4 5
5 6
6 7
7 8
8 9
9 10
10 11
11 12
12 13
13 14
14 15
15 16
16 17
17 18
18 19
19 20
20 21
21 22
28 34
0 3
1 4
2 4
3 4
3 5
3 6
4 8
4 7
7 9
9 10
9 18
10 17
11 12
11 17
12 13
12 17
13 14
13 17
14 15
14 17
15 16
15 17
16 17
18 19
18 23
19 20
20 21
20 22
21 22
23 24
23 25
25 26
25 27
26 27
15 30
0 1
0 2
1 2
1 3
1 4
2 4
2 5
3 4
3 6
3 7
4 5
4 7
4 8
5 8
5 9
6 7
6 10
6 11
7 8
7 11
7 12
8 9
8 12
8 13
9 13
9 14
10 11
11 12
12 13
13 14
25 36
0 1
0 5
1 2
1 6
2 3
2 7
3 4
3 8
4 9
5 6
5 10
6 7
6 11
7 8
7 12
8 9
8 13
9 14
10 11
10 15
11 12
11 16
12 13
12 17
13 14
13 18
14 19
15 16
15 20
16 17
16 21
17 18
17 22
18 19
18 23
19 24
25 40
0 1
0 5
1 2
1 6
2 3
2 7
3 4
3 8
4 9
5 6
5 10
6 7
6 11
7 8
7 12
8 9
8 13
9 14
10 11
10 15
11 12
11 16
12 13
12 17
13 14
13 18
14 19
15 16
15 20
16 17
16 21
17 18
17 22
18 19
18 23
19 24
20 21
21 22
22 23
23 24
20 19
0 1
1 2
2 3
3 4
4 5
5 6
6 7
7 8
8 9
0 10
1 11
2 12
3 13
4 14
5 15
6 16
7 17
8 18
9 19
17 33
0 1
0 2
0 3
0 4
0 5
1 6
1 7
2 7
2 8
3 8
3 9
4 9
4 10
5 10
5 11
6 7
7 8
8 9
9 10
10 11
6 12
7 12
7 13
8 13
8 14
9 14
9 15
10 15
11 15
12 16
13 16
14 16
15 16
26 38
0 1
0 4
1 2
1 4
2 5
3 4
3 7
4 5
5 6
6 10
7 8
8 12
9 14
9 15
9 13
10 14
11 12
12 13
12 18
13 15
13 20
14 16
14 15
16 17
16 21
18 19
19 23
19 20
19 24
20 21
20 25
21 22
21 25
22 25
18 23
23 24
13 19
20 24
0 0
