0 25000
1 1
95 18
2 0
2059 676
1686 1245
12 97
268 268
871 212
1149 178
422 3126
1191 2708
2367 7
0 15
429 137
131 0
707 524
45 596
149 874
2068 164
629 652
25 860
540 248
420 1782
325 34
10 0
291 1395
99 98
272 680
2229 354
167 1633
785 59
211 27
625 170
1585 999
1305 1555
638 15
461 827
2288 780
482 204
29 21
235 580
583 149
781 217
47 147
25 283
761 108
11 33
191 6
1083 864
151 198
438 280
645 478
1691 2849
123 94
901 585
1048 27
1240 1839
773 2723
2142 3373
116 281
1325 1095
1179 958
73 220
76 99
1139 2206
494 1676
1157 979
1057 287
233 224
305 94
141 233
558 689
631 0
772 918
88 709
1241 946
2976 103
87 664
167 312
56 102
215 75
178 1586
831 2584
1886 1308
359 53
45 42
1825 2715
1552 981
62 1322
4230 3580
499 2548
545 21
240 292
2897 513
712 2122
309 429
542 706
74 359
82 38
