192
111110111001000011010101010101101001000110101101001101101010010001101101110110000011001100011100101010110101001101100111100001100011110001001001110101100101100100101100111001001101001010110000
212
11011011010101010001110011101100010111000010011110101001111010110001000110001100110110011010100011101011001000110110010110010100011110000101111000101011101000111001111000101010101001011010011011000100101011001000
210
111100011110010010011011011001011100010011010110010101101011010010100101001011100111001000110100101100101011100110100110010001111000011100101110101010011001010110100001101110110101001000101110100101110011000000
178
1111010010101011111000101010001010110101101001100101001010111100101010100010111011010001101001011011001101000100101100100111011001100101000111011010001101000111110010100101100000
182
11110011001101010110001110101010111000100101110110010001011100011010011000101010101010101010110010110011100001110101011000011101001101011010010101011001001100011011100011001010101000
214
1111010101100010110010111100010110010100111101010010011010011001110101010000101010100101010111000011100101111010011001001101010101110110101010100010011010110010010101101010100010101110110101000011100010110101000100
204
111011010111001100010111000001101010110001101010101100100110110010110111010100101001010101001101010011010100010111010100101100101110001010100101110110101001010001010110110110011010010101001011110100001000
202
1101111101100001010111001001001010101001110101010011100101011101010010101001100010100101111101100010100100100110111110010100101111001010001010100100011011101101000110011100101000101110010011001010101000
226
1110110111001101001001001010101110000101110010101110101011001100011100100101000110110100011110011011010110000010100111001010110110101001010001011010111001010010011101101110010110010010110010110100110001100010011011101001010000
194
11110011010101101001011011001001010101110001000111101001010011100100011100100101101101110110010011001100010100110011011110001110000101001101010011011001011000011001011100110100101100011110010000
