105.9770724152
71.24306889312
38.33987962533
28.62751041593
61.92582403567
78.1225366308
14.61422678836
8.829524276059
185.1995989782
37.21252298723
36
38.58139260843
78.49657518179
41.60300392688
232.4791464831
14.28217036279
108.9843854928
85.74921564396
8.069972489381
53.98065542097
175.7757074193
19.19048316123
109.0205239527
100.6683045962
171.2996098328
56.62005312119
6.650281539873
11.83095189485
21.72382546777
94.05124837953
150.7891870937
180.0629705785
165.6422386459
274.7947265623
104.7097225365
80.1980575296
79.69313659515
118.4066162281
127.1251314575
129.7945472956
65.83514627578
24.57649122254
131.3953879926
31.416407865
131.6143308706
193.0751473119
63.64596677549
173.4156125877
102.7181981033
158.8556205447
183.1787778437
156.0452472535
164.0146107804
15.48018472349
180.4924225025
158.679116991
88.50659320465
84.92682059605
95.16445778938
214.0490279287
180.0629705785
104.7097225365
79.69313659515
127.1251314575
131.3953879926
193.0751473119
158.8556205447
180.4924225025
158.679116991
88.50659320465
84.92682059605
214.0490279287
83.12590298489
254.115938151
183.0105198749
62.00709289226
290.0596343966
184.3789934845
117.7995351455
54.77740239555
85.11884997099
117.947331922
132.5366799248
63.28892606626
287.3961440456
124.5632090229
144.1463150657
76.55008091542
24.42518401027
158.889449141
250.7756247259
74.74736367092
124.1952382368
163.1613664582
14.49697609267
17.0908326497
96
39.83426110238
129.2584456917
118.1471411132
31.39276785033
149.2469562976
74.40450463797
22.60103882973
77.05332856108
32.50706423572
74.64985704219
12.9301065958
44.84441020371
14.48831109836
97.03192163594
91.46932540613
8.576491222541
124.7350037281
31.39276785033
235.616443433
61.48909425895
47.360679775
14.22668575661
4.538843615232
18.0065296583
96.77394122695
28.64911064067
23.21840807738
75.2393467783
168.0790424764
241.4213562373
101.9023028434
167.55417528
79.63372766325
40.97056274848
113.960769225
32.56021977856
38.20521217274
72.360679775
255.3836962255
57.58511073901
74.1550416187
19.05538513814
5.2360679775
82.42504597446
93.45840206146
79.80337847847
106.4951435232
202.983257258
35.34678615782
48.48383178567
52.61192978033
218.5841379298
76.24903099319
218.0626149362
321.4575403667
98.38929024509
85.16669106432
152.4819974073
202.018558809
201.083269132
204.5437744847
177.1959594929
271.6848352313
81.86173937932
154.5315049759
246.2951320583
38.87817782917
117.0813184571
44.42220510186
22
219.9863007272
135.3576588865
50.55197077911
32
209.676289942
432.6754898983
88.75588850573
52.24095981292
114.8720886137
122.435145384
84.87338882494
118.4604989415
77.25483399594
77.57619932676
77.57619932676
77.57619932676
77.57619932676
167.9461104726
167.9461104726
167.9461104726
167.9461104726
34.87042456839
34.87042456839
34.87042456839
34.87042456839
177.4756224581
177.4756224581
177.4756224581
177.4756224581
61.60807882684
61.60807882684
61.60807882684
61.60807882684
