0
0
1
2
1
2
2
2
3
0
2
2
3
2
4
0
4
2
4
2
5
0
6
2
5
0
4
0
6
2
4
2
7
0
8
0
3
2
6
0
8
2
6
2
7
0
10
2
8
0
6
0
10
2
6
0
7
0
12
2
5
2
10
0
12
0
4
2
10
0
12
2
9
2
10
0
14
0
8
2
9
0
16
2
9
0
8
0
18
2
8
0
9
0
14
0
6
2
12
0
16
2
10
2
11
0
16
2
12
2
14
0
20
2
12
0
11
0
24
0
7
0
10
0
20
0
6
2
14
0
18
2
11
0
10
0
16
2
14
2
15
0
22
0
11
0
10
0
24
2
8
2
16
0
22
0
9
2
16
0
20
0
10
2
11
0
26
2
18
0
12
0
22
2
14
0
13
0
28
2
12
2
16
0
26
0
10
0
16
0
22
2
13
2
18
0
26
2
16
2
17
0
28
0
13
0
14
0
38
0
12
2
15
0
26
0
13
0
18
0
22
0
14
2
13
0
24
2
18
2
14
0
30
2
18
0
18
0
36
2
16
2
18
0
32
0
12
0
18
0
32
2
17
0
16
0
28
2
20
0
17
0
32
2
16
0
18
0
38
2
14
2
21
0
32
0
13
2
28
0
32
2
16
2
24
0
34
0
20
0
16
0
38
2
16
0
21
0
42
0
17
0
20
0
30
0
16
2
24
0
34
2
17
2
20
0
30
2
22
0
22
0
40
0
13
0
20
0
48
0
12
2
21
0
38
0
18
2
26
0
34
0
20
0
17
0
32
2
26
2
20
0
40
2
18
0
19
0
44
2
15
0
28
0
36
0
16
2
28
0
36
0
20
2
22
0
44
0
26
2
19
0
38
2
23
0
18
0
54
2
22
0
21
0
42
0
13
2
28
0
34
2
22
0
26
0
40
0
26
2
22
0
42
0
20
0
22
0
60
2
21
2
24
0
42
0
18
0
28
0
38
2
26
2
22
0
42
0
28
2
26
0
42
2
23
0
26
0
54
2
24
0
23
0
48
0
17
2
32
0
56
2
24
2
25
0
48
2
30
0
26
0
46
0
28
0
21
0
58
2
21
0
28
0
46
0
18
2
38
0
44
2
26
0
26
0
46
0
26
2
29
0
54
2
30
0
28
0
64
2
22
0
27
0
46
0
22
0
34
0
48
2
22
2
29
0
50
0
28
0
34
0
44
0
26
0
27
0
60
0
19
2
26
0
60
0
22
2
38
0
46
0
21
0
22
0
46
2
36
0
27
0
48
2
25
0
26
0
62
2
22
2
32
0
52
0
24
2
38
0
50
0
24
0
25
0
58
2
32
0
30
0
54
2
24
0
30
0
64
2
24
2
28
0
54
0
26
2
40
0
52
0
29
2
38
0
52
2
36
2
33
0
62
0
23
0
32
0
82
0
20
2
27
0
56
0
30
0
36
0
50
2
34
2
32
0
54
2
42
0
30
0
58
2
26
0
38
0
82
2
27
2
32
0
62
0
22
0
42
0
66
0
29
2
34
0
56
2
42
0
32
0
60
2
32
0
32
0
78
0
22
2
37
0
60
0
27
0
48
0
62
2
36
0
37
0
48
0
32
2
34
0
74
0
28
0
29
0
78
2
28
0
30
0
62
0
30
2
42
0
62
0
29
2
38
0
58
0
36
2
38
0
62
2
35
0
38
0
78
0
28
2
34
0
70
0
29
2
42
0
60
2
34
0
33
0
62
0
52
2
36
0
64
2
32
0
29
0
88
0
28
0
36
0
60
0
30
2
44
0
68
0
33
0
28
0
76
2
42
0
31
0
64
0
32
0
28
0
78
2
36
2
40
0
68
0
33
0
40
0
58
2
32
2
42
0
68
2
44
2
44
0
66
0
36
0
33
0
102
2
35
0
34
0
64
0
30
0
50
0
62
0
40
2
38
0
78
2
36
2
33
0
66
2
33
0
42
0
92
0
36
0
38
0
72
0
27
2
50
0
78
2
42
2
35
0
74
2
46
0
38
0
68
0
40
0
37
0
96
0
30
0
34
0
68
0
30
2
62
0
62
2
39
0
36
0
70
0
46
2
39
0
94
0
35
0
36
0
86
2
34
0
39
0
72
0
36
2
48
0
68
2
36
0
40
0
66
2
50
0
46
0
74
2
38
0
43
0
90
0
32
0
36
0
90
0
34
2
54
0
64
2
33
0
38
0
70
2
52
0
33
0
78
2
40
0
46
0
104
0
26
2
50
0
74
0
33
2
56
0
72
0
36
0
35
0
84
0
50
2
46
0
78
2
36
0
39
0
102
2
36
2
44
0
84
0
36
0
50
0
72
2
42
2
54
0
80
0
52
2
43
0
78
0
37
0
38
0
114
2
36
2
48
0
88
0
38
0
54
0
74
2
48
2
48
0
78
0
50
2
42
0
80
0
40
0
54
0
108
0
39
0
42
0
78
0
36
2
52
0
96
2
45
2
36
0
80
2
56
0
48
0
88
2
50
0
50
0
108
2
32
0
45
0
82
0
44
2
68
0
94
0
38
2
45
0
78
0
52
2
44
0
98
0
46
0
39
0
116
0
35
0
48
0
76
0
52
0
54
0
72
2
37
2
44
0
84
0
58
0
50
0
86
2
48
0
44
0
116
0
36
2
43
0
98
0
38
0
52
0
80
2
40
0
39
0
86
2
66
0
46
0
90
2
48
0
47
0
108
0
37
2
56
0
86
0
40
0
64
0
84
0
43
2
42
0
98
2
54
0
50
0
90
2
43
0
44
0
110
2
56
2
49
0
84
0
35
2
68
0
88
0
46
0
52
0
90
0
56
2
46
0
102
0
40
0
42
0
136
2
43
0
52
0
84
0
42
0
54
0
80
0
52
0
50
0
84
2
54
2
51
0
92
2
43
0
58
0
120
2
46
2
51
0
98
0
40
2
66
0
106
2
48
2
47
0
92
2
60
0
46
0
92
0
54
0
51
0
132
2
41
2
52
0
106
0
44
2
82
0
94
0
50
0
50
0
90
0
54
0
54
0
108
0
49
0
44
0
120
0
44
0
41
0
82
0
48
0
66
0
88
2
54
0
53
0
96
2
56
0
54
0
94
2
46
0
54
0
122
0
39
2
48
0
118
0
40
0
60
0
88
0
48
0
48
0
90
0
68
2
53
0
96
0
46
0
50
0
116
2
36
0
60
0
94
0
39
0
68
0
82
0
44
2
46
0
114
2
70
2
50
0
100
2
44
0
45
0
120
2
54
0
56
0
90
0
40
2
72
0
98
2
51
2
68
0
96
0
66
2
58
0
94
0
49
0
48
0
146
0
44
2
60
0
102
0
51
0
68
0
104
2
58
2
49
0
104
2
62
2
54
0
100
2
56
0
64
0
134
2
53
0
54
0
102
0
50
0
66
0
118
2
45
0
52
0
112
0
62
0
53
0
96
2
56
0
54
0
138
0
44
2
64
0
94
0
51
0
92
0
92
0
42
2
59
0
102
0
62
2
56
0
124
2
48
0
50
0
144
2
58
0
56
0
102
0
50
2
76
0
114
2
45
0
52
0
94
0
62
2
68
0
116
2
56
0
52
0
142
0
50
0
53
0
128
0
48
2
72
0
106
2
46
0
60
0
94
2
84
2
70
0
106
2
54
0
63
0
130
2
47
2
70
0
110
0
58
2
80
0
120
0
54
0
54
0
134
2
70
0
53
0
104
0
51
0
56
0
152
0
56
0
61
0
110
0
53
2
78
0
108
0
56
2
68
0
106
2
74
2
70
0
112
0
56
0
61
0
166
0
48
0
62
0
112
0
52
0
74
0
114
0
64
2
56
0
104
2
68
2
60
0
110
0
59
0
64
0
156
2
52
0
53
0
136
0
41
0
76
0
128
2
58
2
61
0
106
0
72
0
50
0
110
2
70
0
66
0
152
0
50
2
66
0
110
0
50
2
96
0
104
0
53
2
60
0
110
0
82
2
57
0
138
0
63
0
62
0
146
0
56
0
53
0
106
0
66
2
74
0
118
0
50
2
60
0
104
2
72
2
72
0
132
0
62
0
54
0
150
0
62
2
62
0
144
0
56
0
72
0
106
2
55
0
54
0
106
0
92
0
53
0
116
2
66
0
58
0
152
0
50
2
68
0
124
0
55
0
74
0
108
0
64
0
56
0
140
2
76
0
56
0
108
0
64
0
57
0
152
0
68
2
64
0
106
0
56
2
86
0
116
2
59
2
72
0
122
2
76
2
65
0
122
0
60
0
56
0
182
2
70
0
63
0
126
0
66
0
72
0
110
2
72
0
59
0
116
2
72
0
60
0
132
2
56
0
70
0
162
0
60
0
68
0
116
0
60
0
78
0
136
2
55
2
66
0
130
0
82
0
59
0
116
0
68
0
62
0
166
2
58
2
69
0
106
0
54
0
96
0
112
0
52
0
57
0
124
0
76
0
64
0
142
2
66
0
64
0
164
2
59
0
64
0
116
0
60
2
84
0
118
0
53
2
56
0
112
2
74
2
88
0
118
2
70
0
56
0
168
0
54
2
70
0
146
0
55
2
82
0
118
0
64
0
63
0
124
2
98
2
58
0
128
0
66
0
65
0
170
2
59
0
76
0
150
0
50
0
84
0
130
0
68
2
64
0
150
0
90
0
65
0
116
2
67
0
70
0
164
2
72
0
66
0
116
0
53
0
96
0
118
2
60
2
78
0
124
2
92
2
68
0
124
0
64
0
63
0
194
2
61
0
70
0
142
0
64
0
82
0
134
2
68
2
74
0
126
0
74
0
65
0
134
0
61
0
84
0
164
2
66
2
70
0
132
0
57
2
94
0
162
2
64
2
72
0
126
0
86
0
64
0
128
2
86
0
74
0
158
0
68
2
76
0
134
0
62
0
104
0
130
0
61
0
70
0
136
0
82
2
67
0
170
0
67
0
62
0
164
0
66
0
67
0
124
0
68
0
92
0
120
0
64
2
69
0
120
2
94
0
76
0
136
2
68
0
57
0
180
0
70
2
66
0
156
0
56
0
82
0
134
0
63
0
72
0
116
2
102
2
70
0
154
2
65
0
66
0
172
0
52
2
88
0
140
0
63
0
88
0
150
0
62
0
76
0
150
2
82
2
66
0
122
2
64
0
72
0
184
0
76
2
66
0
136
0
74
2
94
0
136
0
64
2
80
0
126
2
98
0
63
0
136
0
67
0
68
0
228
2
70
2
80
0
132
0
76
0
96
0
134
0
76
0
69
0
128
0
86
0
70
0
136
2
70
0
76
0
188
2
67
2
72
0
152
0
62
2
90
0
166
2
82
0
74
0
124
2
90
0
65
0
132
0
88
0
74
0
184
0
66
2
75
0
152
0
64
2
120
0
134
2
70
2
75
0
134
0
88
2
82
0
168
2
74
0
74
0
180
2
73
0
72
0
144
0
78
0
100
0
138
2
74
0
70
0
156
2
96
0
82
0
144
2
63
0
70
0
188
0
72
0
75
0
172
0
62
2
100
0
150
2
74
0
79
0
146
2
112
0
72
0
142
0
60
0
77
0
186
2
69
0
104
0
138
0
64
2
114
0
142
0
77
2
74
0
174
2
92
0
78
0
152
0
76
0
80
0
188
0
84
0
82
0
150
0
65
0
94
0
136
0
64
2
92
0
148
0
90
0
68
0
144
0
76
0
73
0
224
0
70
2
82
0
136
0
68
0
110
0
140
2
82
0
72
0
140
0
86
2
76
0
154
2
72
0
96
0
198
2
86
2
81
0
142
0
61
2
96
0
164
0
68
0
73
0
128
0
88
0
78
0
172
0
86
0
71
0
190
2
71
0
86
0
146
0
66
0
120
0
136
2
69
2
90
0
142
0
98
0
71
0
182
0
69
0
72
0
196
2
78
0
73
0
144
0
90
2
96
0
154
2
76
0
70
0
138
0
92
0
90
0
152
2
68
0
67
0
214
0
57
0
80
0
162
0
62
2
108
0
160
0
69
0
82
0
140
2
116
2
88
0
144
2
74
0
84
0
194
0
56
2
96
0
154
0
72
2
92
0
148
0
84
2
82
0
176
2
96
2
76
0
150
2
76
0
84
0
200
2
88
0
86
0
174
0
74
2
104
0
146
2
78
2
104
0
156
0
102
2
83
0
158
0
78
0
94
0
256
2
70
2
83
0
164
0
74
0
102
0
158
2
100
0
83
0
150
0
112
2
76
0
172
2
86
0
92
0
218
0
75
0
74
0
144
0
72
2
110
0
202
0
80
0
78
0
136
2
110
0
86
0
162
0
88
0
88
0
208
2
74
2
90
0
156
0
77
2
128
0
144
2
68
2
88
0
180
0
102
0
90
0
194
0
80
0
77
0
208
2
86
0
82
0
152
0
82
0
104
0
156
0
80
2
84
0
178
2
98
0
98
0
156
2
81
0
80
0
220
0
80
2
83
0
200
0
75
2
136
0
156
2
84
0
81
0
142
0
128
0
82
0
152
0
84
0
79
0
214
2
74
0
100
0
180
0
80
2
120
0
148
0
89
0
84
0
188
2
102
0
93
0
182
2
81
0
88
0
198
2
96
0
88
0
166
0
77
2
114
0
160
0
82
0
120
0
160
2
104
0
84
0
164
0
62
0
90
0
244
2
73
0
82
0
174
0
82
0
118
0
150
0
88
2
84
0
164
2
104
0
75
0
196
2
69
0
104
0
232
2
72
2
97
0
172
0
67
0
118
0
190
0
82
0
87
0
158
0
116
0
98
0
168
0
90
0
91
0
208
2
80
2
82
0
156
0
72
0
138
0
152
2
88
0
100
0
170
0
98
2
83
0
198
2
86
0
82
0
220
0
72
0
96
0
184
0
86
2
124
0
186
2
86
0
87
0
166
0
100
2
106
0
156
0
78
0
94
0
226
0
75
2
88
0
204
0
82
2
116
0
158
0
82
0
88
0
166
0
136
2
94
0
166
2
73
0
82
0
218
2
70
0
118
0
168
0
95
0
122
0
184
0
84
0
91
0
200
0
96
2
92
0
164
0
90
0
81
0
234
2
88
2
92
0
170
0
94
0
114
0
166
0
73
0
98
0
160
2
94
0
87
0
150
0
92
0
88
0
276
0
78
0
90
0
170
0
83
0
112
0
170
0
90
2
87
0
186
2
104
2
94
0
166
0
84
0
104
0
224
0
80
2
84
0
174
0
80
2
132
0
196
2
85
0
102
0
180
0
108
0
79
0
166
2
90
0
96
0
220
2
88
0
83
0
174
0
73
2
146
0
160
2
92
0
85
0
172
0
116
2
96
0
224
0
80
0
91
0
224
0
75
0
78
0
164
0
94
0
118
0
174
2
87
2
102
0
152
2
110
2
104
0
178
0
88
0
92
0
220
0
76
2
93
0
224
0
88
0
118
0
172
0
86
0
94
0
156
0
134
0
90
0
180
0
78
0
90
0
240
2
82
2
112
0
186
0
88
2
112
0
184
0
87
2
96
0
214
0
114
2
98
0
168
2
95
0
92
0
232
2
108
2
87
0
178
0
83
0
114
0
168
0
94
2
104
0
178
2
114
0
90
0
188
0
82
0
110
0
276
2
86
2
94
0
210
0
84
0
124
0
172
2
104
2
88
0
178
0
120
0
90
0
174
0
79
0
116
0
230
2
90
2
95
0
180
0
89
0
124
0
210
0
98
0
104
0
170
2
134
0
86
0
174
2
100
0
99
0
238
0
86
0
80
0
168
0
86
0
148
0
202
0
92
2
100
0
178
0
118
0
95
0
204
0
83
0
92
0
240
2
86
0
94
0
178
0
114
2
128
0
174
2
92
2
83
0
194
2
112
2
114
0
182
0
94
0
92
0
246
0
89
0
94
0
210
0
86
0
118
0
168
2
95
0
108
0
206
0
128
2
108
0
176
0
79
0
92
0
246
0
80
2
102
0
174
0
87
2
142
0
184
0
94
0
100
0
206
2
116
2
88
0
192
2
104
0
98
0
246
2
124
2
92
0
188
0
82
2
120
0
186
0
85
0
102
0
182
2
124
2
118
0
208
0
93
0
100
0
308
0
96
2
99
0
192
0
93
0
124
0
160
2
110
2
108
0
216
0
120
0
90
0
176
2
94
0
116
0
250
0
95
0
98
0
180
0
100
2
132
0
224
0
104
2
96
0
190
2
118
0
95
0
188
2
116
0
94
0
272
0
80
2
100
0
190
0
90
2
166
0
184
0
98
2
103
0
206
0
116
0
94
0
230
0
98
0
94
0
250
2
91
0
92
0
204
0
112
0
116
0
190
2
108
2
100
0
194
2
128
0
120
0
196
0
100
0
92
0
248
0
100
2
93
0
250
0
84
2
132
0
194
2
96
0
112
0
200
0
156
2
98
0
186
0
86
0
112
0
256
2
99
0
124
0
196
0
96
2
122
0
202
0
95
2
92
0
232
0
154
2
87
0
214
0
91
0
94
0
246
0
112
0
83
0
194
0
97
0
134
0
224
2
100
0
116
0
182
2
146
2
108
0
206
0
98
0
95
0
298
2
102
0
104
0
192
0
100
0
126
0
176
0
110
2
100
0
200
2
140
0
91
0
184
2
110
0
128
0
260
0
96
0
97
0
190
0
88
0
136
0
248
2
96
2
103
0
218
0
134
0
92
0
200
2
116
0
114
0
256
0
98
0
100
0
196
0
102
2
174
0
186
2
104
2
100
0
196
0
118
0
93
0
244
2
101
0
100
0
266
0
104
0
106
0
220
0
108
2
130
0
194
2
106
0
106
0
184
0
130
2
124
0
218
0
106
0
99
0
280
0
85
0
104
0
234
0
96
2
150
0
196
2
106
0
110
0
186
2
164
2
96
0
196
2
106
0
110
0
272
2
96
2
114
0
206
0
108
0
136
0
198
0
104
2
103
0
242
2
132
0
122
0
200
0
102
0
105
0
290
0
110
0
104
0
214
0
104
2
144
0
190
0
103
0
126
0
222
0
124
0
106
0
188
0
107
0
98
0
326
2
98
0
103
0
198
0
93
0
130
0
212
2
144
2
103
0
208
2
130
0
108
0
216
2
110
0
132
0
266
2
85
2
110
0
228
0
88
2
160
0
236
0
107
0
96
0
198
0
140
0
102
0
200
0
126
0
118
0
250
2
88
2
109
0
218
0
87
2
162
0
194
0
102
0
108
0
196
0
148
0
102
0
244
2
98
0
101
0
284
2
114
0
100
0
216
0
116
0
130
0
226
2
102
2
106
0
204
0
132
2
122
0
208
0
105
0
110
0
278
0
94
2
122
0
244
0
110
0
142
0
192
0
106
0
99
0
214
2
164
2
108
0
226
2
110
0
111
0
294
2
104
0
128
0
200
0
104
0
140
0
214
0
108
2
106
0
276
2
138
2
113
0
208
0
109
0
112
0
274
0
124
0
93
0
216
0
103
2
162
0
212
0
100
0
144
0
208
0
128
0
108
0
204
0
98
0
105
0
330
0
108
2
100
0
210
0
90
0
132
0
214
2
124
0
108
0
232
2
136
2
111
0
224
0
105
0
126
0
274
2
102
2
110
0
210
0
114
0
144
0
244
2
104
2
118
0
212
0
150
0
104
0
210
2
128
0
105
0
278
2
101
2
126
0
210
0
110
0
170
0
230
2
109
2
122
0
230
0
142
0
117
0
262
2
111
0
112
0
330
2
112
0
96
0
216
0
124
2
160
0
204
0
112
0
115
0
200
0
136
0
140
0
212
0
120
0
116
0
280
0
97
0
116
0
248
0
100
2
144
0
220
0
120
0
106
0
218
2
170
2
122
0
224
0
104
0
110
0
286
2
110
0
130
0
236
0
99
2
140
0
204
0
106
2
120
0
272
0
152
0
110
0
204
2
118
0
120
0
280
0
130
0
100
0
234
0
96
0
146
0
212
2
110
0
138
0
212
2
162
0
116
0
226
0
101
0
124
0
342
2
90
0
97
0
222
0
98
0
172
0
226
2
138
2
107
0
216
0
140
0
106
0
210
0
106
0
140
0
276
0
99
2
120
0
250
0
92
2
154
0
254
2
122
0
104
0
210
2
146
0
118
0
218
2
146
0
114
0
294
0
98
0
113
0
216
0
95
0
176
0
214
2
120
2
121
0
254
0
142
0
106
0
264
2
108
0
128
0
276
0
103
0
116
0
202
0
122
2
180
0
230
0
110
2
114
0
202
2
144
2
154
0
252
2
114
0
116
0
298
0
102
0
113
0
262
0
107
0
144
0
214
0
110
0
109
0
222
2
180
2
114
0
262
0
110
0
116
0
294
0
103
2
140
0
222
0
108
2
144
0
220
0
99
0
136
0
258
0
154
0
104
0
218
2
107
0
122
0
316
0
122
2
113
0
220
0
118
2
142
0
224
0
110
2
134
0
234
0
144
0
106
0
228
0
108
0
113
0
380
0
107
2
112
0
220
0
118
0
154
0
214
0
136
0
116
0
214
2
138
2
130
0
226
2
118
0
138
0
302
2
106
2
118
0
228
0
118
2
146
0
272
0
136
2
111
0
226
0
148
0
114
0
244
2
140
0
113
0
330
2
107
0
124
0
254
0
100
0
190
0
238
2
111
0
116
0
228
0
150
0
113
0
262
2
122
0
130
0
296
0
108
0
109
0
224
0
120
0
162
0
218
2
112
2
118
0
226
0
156
2
150
0
238
2
116
0
114
0
308
0
115
0
120
0
278
0
108
0
166
0
242
2
119
0
122
0
244
0
174
2
117
0
228
0
107
0
114
0
294
0
110
0
158
0
232
0
111
0
146
0
216
0
122
2
117
0
286
2
156
2
120
0
254
2
132
0
115
0
300
2
128
2
122
0
228
0
102
0
170
0
216
0
120
2
150
0
256
2
158
0
123
0
240
0
116
0
128
0
378
0
118
2
125
0
242
0
116
0
164
0
228
0
138
0
115
0
210
0
148
0
124
0
228
0
106
0
136
0
308
0
140
2
114
0
228
0
108
0
146
0
278
2
105
0
128
0
218
2
148
0
125
0
252
0
138
0
124
0
298
2
102
0
119
0
244
0
106
0
188
0
246
0
116
2
130
0
206
0
150
2
122
0
300
0
108
0
113
0
304
2
120
0
110
0
234
0
140
0
168
0
236
2
123
2
120
0
210
2
178
0
146
0
242
2
113
0
122
0
334
0
108
2
127
0
290
0
110
2
162
0
224
0
122
0
140
0
238
2
184
2
136
0
230
2
110
0
122
0
318
0
116
0
140
0
234
0
130
2
168
0
252
0
120
2
126
0
288
0
152
2
112
0
242
2
125
0
112
0
308
2
136
2
134
0
290
0
126
0
150
0
238
2
112
2
158
0
242
0
164
0
128
0
232
0
126
0
140
0
368
2
117
0
132
0
230
0
108
0
160
0
234
2
152
0
128
0
244
0
174
2
121
0
246
0
122
0
154
0
352
0
114
0
116
0
236
0
101
2
166
0
318
2
128
0
121
0
236
2
164
0
132
0
240
0
154
0
135
0
334
2
111
2
144
0
260
0
110
2
202
0
254
0
129
2
122
0
244
0
152
2
130
0
296
0
128
0
106
0
334
0
122
0
130
0
242
0
138
0
168
0
246
0
118
0
122
0
280
2
152
0
146
0
242
2
118
0
119
0
334
0
118
0
118
0
288
0
130
2
180
0
220
2
138
0
124
0
242
0
178
2
137
0
252
0
121
0
118
0
318
2
134
0
142
0
236
0
128
2
180
0
260
0
116
0
122
0
288
0
150
2
126
0
264
0
126
0
119
0
320
0
146
0
122
0
262
0
112
2
170
0
230
2
125
2
172
0
238
2
168
0
127
0
278
0
114
0
128
0
396
0
136
0
124
0
248
0
122
0
154
0
232
2
140
0
117
0
236
0
170
0
124
0
240
2
114
0
168
0
350
2
120
2
134
0
230
0
106
0
174
0
284
0
125
0
126
0
224
2
164
0
144
0
280
2
154
0
128
0
326
2
110
0
123
0
256
0
115
0
214
0
244
0
138
2
127
0
252
0
172
0
128
0
276
2
138
0
138
0
332
0
129
0
126
0
276
0
140
2
166
0
228
2
117
0
146
0
244
0
164
0
154
0
238
0
121
0
140
0
332
0
120
0
127
0
286
0
113
0
162
0
264
2
118
0
135
0
248
2
204
0
136
0
264
2
128
0
135
0
312
2
126
0
150
0
256
0
126
2
172
0
282
0
115
2
122
0
278
2
150
2
133
0
252
0
125
0
130
0
338
0
140
2
174
0
246
0
107
2
186
0
242
2
126
2
150
0
254
0
170
2
136
0
270
0
148
0
127
0
436
0
109
0
134
0
258
0
104
0
164
0
254
2
168
0
126
0
288
2
160
2
129
0
236
2
130
0
160
0
328
0
122
0
134
0
252
0
119
0
196
0
298
2
124
2
135
0
254
2
176
0
140
0
260
0
142
0
146
0
344
2
132
2
130
0
268
0
108
2
206
0
256
2
129
0
130
0
276
0
158
0
140
0
338
0
144
0
140
0
346
0
126
0
133
0
258
0
140
2
178
0
252
0
136
2
150
0
254
0
162
2
158
0
266
2
138
0
141
0
354
0
119
2
132
0
326
0
130
0
186
0
248
2
133
0
126
0
248
0
192
0
127
0
264
0
127
0
134
0
396
0
128
0
158
0
272
0
112
0
180
0
240
0
128
2
134
0
302
0
166
0
148
0
250
0
134
0
127
0
338
2
158
2
146
0
260
0
120
2
172
0
250
2
146
2
162
0
280
2
172
2
140
0
262
0
129
0
148
0
408
2
126
0
133
0
294
0
128
0
178
0
256
0
156
2
127
0
254
0
168
2
130
0
290
2
126
0
178
0
372
0
123
2
144
0
264
0
128
0
174
0
336
2
131
0
122
0
254
2
220
0
131
0
260
0
154
0
138
0
348
0
116
0
146
0
254
0
122
2
206
0
286
2
142
2
158
0
264
0
168
2
152
0
324
0
142
0
137
0
344
0
128
0
152
0
272
0
146
0
174
0
288
0
121
0
126
0
256
0
174
2
156
0
264
2
150
0
130
0
334
0
122
2
127
0
332
0
140
0
196
0
260
2
136
0
125
0
282
2
194
0
134
0
294
2
126
0
129
0
342
0
138
2
174
0
258
0
140
2
202
0
270
0
129
0
134
0
300
0
174
2
140
0
262
2
152
0
148
0
382
2
182
2
135
0
262
0
132
2
178
0
256
2
124
0
160
0
262
2
174
2
146
0
314
0
148
0
137
0
432
2
134
2
148
0
280
0
148
0
196
0
254
0
158
0
148
0
264
2
178
0
152
0
268
2
141
0
174
0
364
0
128
0
147
0
306
0
142
0
192
0
322
0
132
2
129
0
292
2
174
0
140
0
278
0
158
0
145
0
404
2
133
0
146
0
266
0
110
0
214
0
266
0
146
2
150
0
276
0
162
0
154
0
334
0
150
0
138
0
354
0
126
0
146
0
258
0
150
0
198
0
264
2
156
0
144
0
252
2
174
0
162
0
280
0
126
0
143
0
356
0
123
0
146
0
390
0
122
2
184
0
274
2
138
0
138
0
292
0
222
0
131
0
288
0
136
0
150
0
346
2
148
0
168
0
252
0
129
2
182
0
302
0
122
2
129
0
322
2
198
0
144
0
280
2
142
0
154
0
354
0
152
0
136
0
264
0
118
2
196
0
294
0
135
2
168
0
276
0
186
2
139
0
306
0
144
0
134
0
444
2
128
2
158
0
280
0
121
0
200
0
264
2
168
0
136
0
284
0
198
0
136
0
264
2
146
0
190
0
384
0
127
2
144
0
282
0
122
0
182
0
324
2
141
2
152
0
304
0
170
0
138
0
290
2
162
0
150
0
380
0
120
2
152
0
284
0
131
0
246
0
308
0
154
2
141
0
276
0
162
0
138
0
326
2
138
0
141
0
360
0
144
0
146
0
264
0
168
0
182
0
272
0
138
0
132
0
238
2
174
2
172
0
322
2
150
0
136
0
390
0
122
2
166
0
326
0
143
2
180
0
296
2
148
0
158
0
288
0
218
2
154
0
270
0
154
0
147
0
396
0
131
0
178
0
280
0
150
2
190
0
292
0
136
0
154
0
318
2
196
0
146
0
294
2
144
0
146
0
436
2
156
2
141
0
276
0
138
2
202
0
276
0
136
0
160
0
290
2
216
0
164
0
286
0
138
0
154
0
432
2
138
2
164
0
274
0
140
0
202
0
276
2
192
0
138
0
300
2
172
0
154
0
312
2
129
0
186
0
370
2
140
0
149
0
300
0
121
2
196
0
322
0
152
2
162
0
284
0
190
0
144
0
280
2
160
0
176
0
388
2
141
2
160
0
288
0
122
2
260
0
280
0
145
2
144
0
276
0
204
2
155
0
380
0
144
0
150
0
382
2
154
0
156
0
328
0
160
2
196
0
312
0
154
0
137
0
280
0
192
0
184
0
292
0
142
0
141
0
368
0
144
2
152
0
374
0
152
2
188
0
276
0
147
0
148
0
300
0
222
0
133
0
296
0
148
0
158
0
366
2
138
2
182
0
276
0
145
0
214
0
290
0
132
0
152
0
376
0
190
2
138
0
326
2
144
0
144
0
386
0
164
2
144
0
298
0
144
0
218
0
276
2
152
0
188
0
302
0
210
0
155
0
280
0
127
0
134
0
482
0
148
0
149
0
296
0
131
0
188
0
290
2
168
0
158
0
304
0
194
2
164
0
332
0
154
0
166
0
380
0
137
0
150
0
282
0
138
2
202
0
368
2
142
2
162
0
274
0
198
0
156
0
274
2
170
0
140
0
404
2
140
2
156
0
298
0
178
2
234
0
284
2
150
0
146
0
290
0
182
0
150
0
354
0
146
0
151
0
422
2
139
0
178
0
276
0
170
2
194
0
298
0
157
0
140
0
284
0
182
2
210
0
298
0
145
0
142
0
436
0
132
0
144
0
352
0
137
2
184
0
284
0
172
0
137
0
276
0
228
0
140
0
302
2
160
0
155
0
388
2
137
2
178
0
330
0
136
0
216
0
294
0
152
2
150
0
354
0
198
2
162
0
296
0
153
0
166
0
374
2
166
2
137
0
306
0
150
0
208
0
290
2
154
2
178
0
338
0
210
2
156
0
298
0
144
0
157
0
478
2
141
0
142
0
302
0
152
0
190
0
350
0
202
2
144
0
288
2
188
0
163
0
288
0
157
0
182
0
376
0
146
0
154
0
302
0
142
0
224
0
344
2
162
2
156
0
294
0
190
0
142
0
282
0
196
0
147
0
382
2
141
2
160
0
318
0
140
0
244
0
302
2
162
2
146
0
324
0
200
0
162
0
366
2
158
0
164
0
390
0
158
0
155
0
292
0
176
0
214
0
304
0
152
2
151
0
272
2
186
2
190
0
332
2
146
0
154
0
410
0
156
2
160
0
340
0
150
0
198
0
292
0
154
0
148
0
288
2
238
0
154
0
356
2
145
0
162
0
384
2
154
2
194
0
308
0
160
0
206
0
324
0
154
2
166
0
356
0
234
0
166
0
302
0
136
0
153
0
412
2
200
0
152
0
296
0
152
2
198
0
292
2
153
0
202
0
308
2
188
0
155
0
302
0
133
0
164
0
536
0
146
0
145
0
324
0
139
0
206
0
320
0
204
0
158
0
294
2
200
2
180
0
324
0
152
0
188
0
410
2
146
2
154
0
314
0
154
2
230
0
372
2
184
0
146
0
290
2
192
0
157
0
302
2
190
0
156
0
412
0
156
2
164
0
322
0
143
2
238
0
300
2
166
0
168
0
310
0
192
0
166
0
360
2
152
0
174
0
462
2
143
0
154
0
314
0
168
2
242
0
316
0
157
0
150
0
336
0
208
2
186
0
306
2
150
0
156
0
420
0
150
0
149
0
372
0
143
2
206
0
342
0
154
0
149
0
336
0
226
2
178
0
324
0
162
0
157
0
396
2
141
0
216
0
314
0
150
0
216
0
304
0
157
0
150
0
390
0
210
0
166
0
318
2
186
0
164
0
408
2
182
0
163
0
300
0
133
0
200
0
308
2
158
0
188
0
322
2
214
2
168
0
332
0
142
0
178
0
516
0
143
0
164
0
308
0
158
0
246
0
294
2
174
0
152
0
290
0
198
2
163
0
324
0
151
0
188
0
400
0
164
0
174
0
350
0
154
2
212
0
386
0
150
0
147
0
320
2
214
0
170
0
326
2
186
0
152
0
396
0
156
0
150
0
294
0
154
2
252
0
304
2
155
2
190
0
300
0
210
2
160
0
378
0
157
0
178
0
412
2
148
0
165
0
314
0
196
2
216
0
334
0
152
2
159
0
300
2
208
0
190
0
352
2
152
0
172
0
458
0
145
0
160
0
366
0
160
0
206
0
304
0
155
0
170
0
306
0
270
0
176
0
304
2
153
0
154
0
406
0
134
0
204
0
320
0
162
2
224
0
328
0
172
0
166
0
376
2
224
2
178
0
344
0
170
0
159
0
424
0
164
2
164
0
348
0
152
0
202
0
324
2
170
2
198
0
316
0
208
0
161
0
316
0
159
0
184
0
508
2
152
2
165
0
314
0
154
0
232
0
314
0
190
0
164
0
310
0
212
2
174
0
310
0
148
0
212
0
434
0
149
0
162
0
312
0
158
0
216
0
410
0
161
2
158
0
294
0
208
0
167
0
302
0
196
0
158
0
472
0
152
2
172
0
308
0
153
2
262
0
300
0
156
0
160
0
310
0
198
0
162
0
382
2
196
0
163
0
420
0
148
0
146
0
334
0
196
0
196
0
314
2
157
0
154
0
352
2
214
2
220
0
314
0
153
0
148
0
428
0
148
0
162
0
366
0
155
2
254
0
326
2
162
0
172
0
334
2
232
2
154
0
304
0
158
0
172
0
412
2
168
0
196
0
320
0
136
2
206
0
310
0
182
0
148
0
382
2
214
0
165
0
388
2
168
0
158
0
418
2
162
0
161
0
316
0
145
2
252
0
314
2
168
0
212
0
352
2
208
2
168
0
322
0
148
0
151
0
502
2
164
2
174
0
364
0
176
0
214
0
314
0
186
2
166
0
322
2
206
0
194
0
336
2
153
0
196
0
500
2
180
2
169
0
302
0
148
0
234
0
380
0
152
2
171
0
322
2
210
0
198
0
318
0
210
0
188
0
436
0
158
2
166
0
340
0
154
0
264
0
318
0
168
0
164
0
336
0
204
2
165
0
426
2
161
0
172
0
448
2
162
0
162
0
378
0
194
0
210
0
326
0
160
0
175
0
322
0
228
2
204
0
332
2
174
0
172
0
422
0
166
2
182
0
408
0
156
2
220
0
330
2
153
0
198
0
316
0
284
2
161
0
338
2
165
0
178
0
446
0
144
0
214
0
318
0
172
2
230
0
384
0
146
2
157
0
394
2
232
0
176
0
338
0
160
0
172
0
434
0
174
2
188
0
324
0
174
0
238
0
366
0
155
2
198
0
336
2
220
2
171
0
332
0
172
0
172
0
534
0
160
0
190
0
322
0
163
0
236
0
328
0
202
0
170
0
378
0
238
2
170
0
326
2
176
0
196
0
466
0
160
0
170
0
320
0
158
0
252
0
398
0
167
0
168
0
328
2
236
0
167
0
338
2
216
0
180
0
450
2
178
0
167
0
330
0
153
0
268
0
316
2
168
0
179
0
324
0
210
0
188
0
466
2
176
0
163
0
420
0
141
0
166
0
366
0
192
2
224
0
342
0
192
2
190
0
356
2
212
2
208
0
318
2
157
0
188
0
440
0
154
0
171
0
416
0
174
0
226
0
318
2
188
0
168
0
326
2
242
0
184
0
332
0
172
0
172
0
486
2
156
0
212
0
334
0
144
2
266
0
328
0
159
2
186
0
394
2
216
0
200
0
330
0
174
0
172
0
432
2
196
2
186
0
400
0
170
0
226
0
340
0
178
2
198
0
348
0
228
0
166
0
334
0
152
0
171
0
548
0
170
0
166
0
370
0
154
0
244
0
338
0
198
2
176
0
340
0
212
0
159
0
356
0
153
0
242
0
438
2
160
2
179
0
342
0
150
2
224
0
400
0
188
0
169
0
314
0
250
0
166
0
372
0
196
0
157
0
448
2
139
0
160
0
338
0
144
0
280
0
364
0
163
2
184
0
350
0
220
2
178
0
396
0
182
0
166
0
424
2
164
0
202
0
340
0
196
0
222
0
334
2
172
0
182
0
334
2
224
2
220
0
344
2
192
0
179
0
460
0
151
2
170
0
400
0
162
0
232
0
346
2
163
0
174
0
368
2
276
0
182
0
352
2
182
0
180
0
454
0
174
0
216
0
344
0
164
0
268
0
370
0
156
0
177
0
416
2
226
0
180
0
314
0
166
0
173
0
476
0
208
2
186
0
326
0
166
2
250
0
314
2
182
0
212
0
364
0
212
2
183
0
388
0
157
0
186
0
584
0
152
2
194
0
326
0
167
0
246
0
320
0
204
0
190
0
360
0
208
2
182
0
338
0
182
0
200
0
450
2
171
2
176
0
334
0
192
0
224
0
386
2
172
2
190
0
342
2
222
0
194
0
342
2
210
0
162
0
502
0
176
0
163
0
354
0
161
0
288
0
350
0
172
2
187
0
380
0
200
2
202
0
414
2
188
0
185
0
476
0
166
0
206
0
348
0
196
2
228
0
330
2
212
2
196
0
332
2
238
0
214
0
360
0
161
0
178
0
438
0
168
2
169
0
456
0
163
2
238
0
376
0
156
0
192
0
344
0
290
2
164
0
366
0
170
0
202
0
452
0
176
0
218
0
390
0
160
0
234
0
348
0
165
2
190
0
404
0
268
0
180
0
364
2
184
0
176
0
456
2
218
0
166
0
344
0
152
2
234
0
368
0
172
0
200
0
326
2
236
2
180
0
338
0
172
0
216
0
542
0
159
0
194
0
354
0
170
0
264
0
320
0
204
0
172
0
364
0
222
2
175
0
372
2
194
0
214
0
456
2
182
2
171
0
376
0
173
0
228
0
428
0
164
2
186
0
390
2
260
0
170
0
342
0
204
0
167
0
480
0
159
2
178
0
352
0
184
2
316
0
346
0
188
0
194
0
364
0
222
0
173
0
414
0
179
0
178
0
464
0
186
0
196
0
332
0
210
0
248
0
390
2
180
0
165
0
334
0
228
0
216
0
390
2
178
0
167
0
462
0
155
2
172
0
430
0
192
2
250
0
370
0
178
0
210
0
338
2
278
2
169
0
350
2
183
0
174
0
494
0
150
0
228
0
374
0
200
0
252
0
342
0
162
2
191
0
452
0
226
0
160
0
360
2
172
0
173
0
544
0
188
2
180
0
370
0
178
0
232
0
344
0
177
0
208
0
332
2
232
2
218
0
370
0
188
0
170
0
564
2
176
0
184
0
360
0
186
0
234
0
332
0
216
2
190
0
340
2
212
2
186
0
352
0
184
0
216
0
478
0
190
2
180
0
396
0
168
2
234
0
428
0
173
0
174
0
382
0
236
0
176
0
364
2
214
0
190
0
502
2
172
0
183
0
348
0
165
2
284
0
342
2
188
0
182
0
346
0
250
2
200
0
458
2
178
0
179
0
484
2
192
0
194
0
362
0
212
2
264
0
390
0
175
2
184
0
336
0
230
2
224
0
352
0
189
0
176
0
478
0
176
2
202
0
476
0
198
2
272
0
364
2
186
0
191
0
346
2
276
0
172
0
360
2
208
0
190
0
488
0
176
2
222
0
350
0
180
0
228
0
390
0
182
0
192
0
488
0
230
2
181
0
364
2
190
0
196
0
472
0
210
0
183
0
354
0
182
0
250
0
358
0
184
2
250
0
362
2
248
0
182
0
390
0
190
0
173
0
562
2
204
2
180
0
362
0
174
0
252
0
380
2
186
0
182
0
350
2
282
2
185
0
408
0
165
0
206
0
488
2
182
0
204
0
376
0
180
0
232
0
422
2
186
2
236
0
354
2
242
0
186
0
388
0
204
0
186
0
512
0
177
0
186
0
364
0
190
2
296
0
398
0
181
2
188
0
360
0
234
0
175
0
436
0
186
0
190
0
524
0
192
0
185
0
368
0
228
0
250
0
356
0
186
2
189
0
364
0
240
2
250
0
364
2
190
0
184
0
492
0
174
2
202
0
452
0
180
0
258
0
356
2
208
0
190
0
346
0
282
0
179
0
382
2
191
0
192
0
546
2
168
2
208
0
440
0
178
0
234
0
356
0
176
0
181
0
428
0
254
0
188
0
382
0
192
0
202
0
484
2
220
2
190
0
404
0
180
2
266
0
370
2
191
2
238
0
366
0
272
0
198
0
368
0
177
0
186
0
606
2
178
0
185
0
382
0
183
0
252
0
406
2
244
2
191
0
420
0
240
2
204
0
354
0
180
0
230
0
494
2
196
0
210
0
364
0
184
2
256
0
418
0
202
0
180
0
386
0
248
0
192
0
350
0
246
0
184
0
482
0
172
2
185
0
372
0
179
0
328
0
388
0
200
2
196
0
422
0
246
2
208
0
454
0
192
0
178
0
518
0
195
0
174
0
398
0
208
2
272
0
368
0
187
2
180
0
380
2
238
0
220
0
364
0
192
0
180
0
490
0
218
2
192
0
448
0
192
2
242
0
376
2
202
0
195
0
352
0
300
0
190
0
422
2
200
0
204
0
504
0
173
2
232
0
378
0
194
2
244
0
366
0
185
0
216
0
430
0
276
2
194
0
430
2
175
0
192
0
498
2
236
0
198
0
394
0
204
0
240
0
368
2
174
0
224
0
358
2
266
0
192
0
378
0
178
0
188
0
658
2
191
2
190
0
408
0
196
0
258
0
362
0
232
0
214
0
372
2
248
0
206
0
376
0
192
0
218
0
504
0
186
0
193
0
358
0
181
2
242
0
508
2
208
2
189
0
372
0
232
0
194
0
366
2
236
0
185
0
522
0
171
0
174
0
418
0
214
0
310
0
378
2
181
0
210
0
378
0
242
2
194
0
466
2
213
0
214
0
498
0
190
0
200
0
378
0
246
2
258
0
364
2
188
2
187
0
406
0
296
2
226
0
388
0
186
0
189
0
528
0
190
0
180
0
458
0
178
0
240
0
430
2
192
0
184
0
364
2
304
0
197
0
428
0
216
0
214
0
486
0
184
2
246
0
406
0
200
2
276
0
366
0
170
2
189
0
446
0
250
0
198
0
398
2
210
0
192
0
510
2
230
2
222
0
376
0
188
0
252
0
370
2
208
2
228
0
450
2
260
2
195
0
386
0
191
0
194
0
596
0
194
0
216
0
390
0
203
0
284
0
398
2
240
2
181
0
372
2
256
0
204
0
394
2
198
0
226
0
514
2
212
0
186
0
426
0
176
0
290
0
448
2
188
0
186
0
374
2
270
0
199
0
418
0
234
0
194
0
506
0
194
2
210
0
422
0
171
0
340
0
398
2
202
0
218
0
376
0
246
0
188
0
464
2
194
0
208
0
514
2
208
0
206
0
404
0
240
2
260
0
398
2
208
0
204
0
386
0
246
0
242
0
382
0
187
0
220
0
590
0
194
0
195
0
490
0
179
0
264
0
388
0
186
0
187
0
398
2
318
0
218
0
442
0
192
0
193
0
522
0
153
2
254
0
394
0
182
0
274
0
380
0
234
2
186
0
468
0
270
2
200
0
388
2
185
0
212
0
528
2
224
2
193
0
424
0
182
0
252
0
382
0
186
2
248
0
404
0
246
2
210
0
384
0
198
0
228
0
648
0
201
2
220
0
388
0
194
0
280
0
440
0
238
0
196
0
382
2
280
2
202
0
394
0
192
0
236
0
568
2
186
0
202
0
386
0
212
2
242
0
508
0
196
0
208
0
368
0
268
0
198
0
384
0
234
0
204
0
508
2
191
2
256
0
390
0
206
0
322
0
386
0
206
2
202
0
392
0
266
2
201
0
470
2
226
0
186
0
572
2
216
0
197
0
388
0
248
0
270
0
370
0
196
0
180
0
438
2
264
2
234
0
382
0
216
0
197
0
520
0
206
2
198
0
460
0
196
2
302
0
410
2
204
0
220
0
400
0
294
0
236
0
410
2
189
0
202
0
516
0
202
2
236
0
412
0
187
2
270
0
412
0
196
0
200
0
518
0
248
2
196
0
438
2
192
0
181
0
528
2
258
0
208
0
392
0
200
0
260
0
390
2
206
0
260
0
404
2
288
2
207
0
408
0
171
0
198
0
632
0
204
2
207
0
416
0
220
0
312
0
400
0
234
2
201
0
392
2
292
0
206
0
428
0
192
0
236
0
602
0
195
2
204
0
422
0
188
2
268
0
466
0
199
0
218
0
446
0
282
0
224
0
400
2
244
0
216
0
532
2
210
2
205
0
404
0
205
0
324
0
400
2
226
0
225
0
392
0
252
2
190
0
496
0
196
0
210
0
538
0
226
0
198
0
434
0
240
2
278
0
388
0
185
2
208
0
390
0
272
0
270
0
422
0
205
0
220
0
538
0
204
0
196
0
510
0
197
0
254
0
