83461860
32234603
-1080007
60206178
-71359030
91232501
69180675
46114078
27092526
-76239794
42511990
47830063
10412783
-21129270
53864010
93972263
16859637
-75778381
2952051
-20010421
-92967364
-5471244
-36034041
-79155697
39162196
-52549065
-48090194
42170690
30612431
79807668
5633958
-52071262
-84741896
-96547191
89442112
6771886
75218105
4672903
63447839
-5624766
-20200116
-20237813
60323270
-6021034
53353019
38566657
-86271326
-91437539
30792649
40756681
79564186
61740389
14177295
-21788993
-75263043
-41050614
78350981
-48921933
2807900
86006732
22095439
-1863386
45689683
-24967686
71864273
41513630
-13727602
2712459
4342802
-60147865
83650203
-5046104
-62143366
50951044
30430402
-35518588
66073802
8011804
-96786941
30789630
-11901933
-18060017
-32601667
-71926499
-73036523
59263580
95797658
51254612
-18697918
65465430
72698729
-85190216
-81099668
-82472154
-20669584
20605307
-21566714
50248550
-18969211
-51217185
-69293070
-52435324
-40791282
-5913018
58846320
72543224
87313793
55329183
-60072613
92660662
-19233306
-38595338
-52223688
-49409422
-44307503
78543733
-17447023
-81722018
95495537
-68167491
11995709
45983238
12303813
-87210811
-49982049
8192618
42317901
-584633
36921281
-97832794
-869986
22212284
87150859
-28555723
54920847
-70058762
-70857726
77787919
-75292814
-91863007
50098080
32707116
5017639
58726456
84377981
-95223017
-58985438
85008481
-99533488
7016676
-48585462
59268913
17289973
77628450
-10920347
-15888404
-43378763
8205928
-97464977
-61165923
-3860460
94984525
-78459734
46694574
-44293800
49217855
23410528
66346657
60441660
-7714636
-84925076
-80589014
28962748
-35560098
-73873
-81387029
-97078315
26449659
55286810
79354007
52776420
-19633132
-44309175
-22856348
-74698938
-56484897
-66533439
20594678
81109443
-92516458
13206906
46709064
27413326
78750860
26441502
25624069
95802830
71567050
86793362
17255536
-61222030
-26759684
-99618130
97515403
-70087499
99913065
-86946666
-80632807
61794239
365966
-54251514
-67620520
76143578
32080538
43982421
-87521665
74339331
33162148
95625313
30907138
-13061604
55797161
19448083
-73994228
3006288
-35775494
-33210032
57377065
6665500
13504102
-29994069
48997623
-36302500
-94849795
74082025
98390486
-72372246
67276390
77402379
1490587
72823831
-73794219
-54651429
-63838396
57085162
53896232
-482627
-2949682
11345549
72391790
-85857697
-50970855
-74139829
-76014897
-11235635
69343507
81365223
-73665361
76070856
67289572
-88401066
-50005243
-67030196
77550439
-73416664
-2810451
87498049
-38973331
-1020534
-72561364
-57329605
95170570
-47956754
-8647038
38941441
-51667933
-30917323
13512434
73411485
31486320
-42173084
-83708890
-95518226
43302327
10100737
-23736332
-31180792
-69630627
-88008418
21874019
-2453892
11762352
99356852
61209852
-80021801
-60409927
-13233521
-94152253
-35024296
82206349
-13458420
-26100985
76894707
41190312
84208736
-56489831
-13287661
27639222
62092150
-33590998
43676104
34048004
-8516157
99654919
50958558
-24850850
38129684
14794745
-52924710
-33680337
-86223466
-91018869
47718685
-96102648
-52369086
-29684483
45346071
-69302309
96979696
46266770
-25324207
-54680996
-68469089
-63387522
72097227
-49622444
-75079064
-71882998
-23968346
-54754429
-96991174
-10896507
-85403161
8144726
34581040
716276
-48399578
-94148577
-72742290
85972468
46515444
-90503300
-24615460
73730936
-12049319
59950258
-67517029
-3250150
99454433
53829091
47682403
28547560
46296535
-64532995
99577511
-68981496
38214025
-66224011
-53038662
-9351474
-26809068
-92538459
99405331
-70204241
-95067737
30996493
43918872
-52492322
55267433
-76082644
-41743864
-20999053
-29389429
-91208359
-89153603
38014325
-83881435
-56335345
63119513
74563774
-8736577
-72552137
6704331
55362286
25821476
17737109
-51738066
61004244
-61458297
90951400
-39620205
64200455
19921979
68000920
-84372781
43195859
-50641958
-78984614
-66003872
-78085092
-3568008
-28669083
83784668
72358321
84953145
-38045082
-92758368
66904034
-46154499
-78569620
19492368
-81339728
99487893
80902334
89984757
27009537
-91400187
5750367
-78497956
-11355777
97527324
-95346450
-21185386
-91619682
46112586
-37623799
54733247
-18587119
27895709
4388264
27401470
33567690
87352028
-65533724
-70023714
-28759332
-1999641
-73474239
87674839
-73103783
31636527
80476489
-45636478
-55149558
-64521660
17308687
-22998105
1212566
-51142176
-65728838
-45506834
24941780
73237755
81606937
99655325
79725795
54740864
269986
-11522365
-25346815
97848960
72027461
-58019443
-10122196
92311388
-59422322
-23909136
12419151
-66577742
-96838418
-90966023
-63830588
4418848
-43169875
98069975
91872065
80907349
23607709
82983096
-34144749
54249661
65759539
-87010390
16061582
61809571
-51016898
6855569
54011172
-12179465
-26574630
-94650195
-75633617
-43239508
-92116973
75611878
-47339517
98599809
-78909795
-26382887
-33038128
25906128
-51620277
77582646
75066753
42771856
-24766862
59930894
60146200
27690905
13755878
91153701
-27146575
-20574135
78709911
-34077995
-17718257
-39059011
-11376802
-8638657
87307602
43343208
50322114
24106079
-85426278
76107782
16225080
-23905870
-8846859
87915293
-34650828
-54820037
93451729
53087351
-33795974
-32150865
-58982021
16664291
1667218
13030137
62787496
56209620
-70416479
60781865
76061014
39169500
43078911
33713067
-21812443
-46903676
-7850090
-60025297
32950686
-23520013
2033872
-93048570
19810608
63122778
-58737209
-86291453
99897315
-89159215
-80693018
4147337
76797098
-47651135
-70006705
-7909687
-4494514
-47280027
50595448
73522671
-32139435
-83445407
-76635414
-45732524
47469687
48637824
17224159
-96397357
-45530429
-47077331
33980176
-77804679
23677716
-15909408
31389110
32526673
-65112242
-99710340
-91424398
-35634199
-72028340
44243347
82382155
-74032132
81464537
33014168
59172546
-80748413
-64601506
-31666034
81359690
16917123
-10133803
94474969
3750772
-42595172
76332019
-46602759
-95375597
-89008425
9044162
62853195
34062315
-24905316
-40420550
53246573
-63316701
-57900122
-11951042
-63477135
-90805705
45245704
-19483994
47390771
3393159
-96097397
-36091583
-30956398
-63329704
-67393070
63141627
89332047
-68817095
57499964
-86725851
-53894219
-42474572
33606520
-60726797
94989256
-76232978
75464344
-49529698
18965814
7193647
78349395
31336111
71028619
-94759010
79321944
37559476
46964372
-45168882
-21270226
-4161085
10217444
-29366563
85693151
-50775451
88489698
-87694444
-88894225
11065980
79072080
-59904303
-10927287
46234253
-93554948
28400910
-92827662
-26822971
-83146961
47342918
76689091
3551027
11924594
-98122315
28461422
5455563
14337451
-60170422
1087710
98638667
9568701
-69752427
45847018
-95960791
-55002433
-1880259
-88780215
41578922
31515956
14643300
-79777615
-16227235
-79237062
-47037118
-54527948
-21147745
47659744
-23954168
8897218
99547072
49901887
28393349
-71148724
70187900
52314640
77937948
-75575135
43510838
-59646335
49308089
24968968
-34465016
27439716
-82233663
-22043873
-57663373
51415367
10336974
95261371
14407569
-21819236
-98144111
-74108956
-78034848
-89490948
17914292
-30007648
-3435219
-47100310
-98830478
20186974
74382618
-52962859
67287478
-49827872
-394160
-53687524
-27918928
-52388765
93331599
33764811
80456379
5230390
73901263
96933835
-54802293
26934941
-21967444
23812087
18575744
-40042311
-42572551
17394291
33798952
-58058852
-31504988
65945876
-8826480
-45711369
74307922
48536605
15875480
23541013
-61668660
64227493
-28762480
-28737447
-95849180
-14271749
58019933
76142012
-95907580
72711956
95871015
80386698
67607531
-67023326
-9050979
-78920520
88388017
-2646592
58181016
-7977900
-52707496
-6476985
-71383315
-32383859
67976909
-85390384
-56171567
-15623387
-7511194
-58651744
-43063186
-45402845
-84202386
34804032
60812425
-7594437
-83705918
-5556264
-28580452
-72317150
67005424
-40530817
24307374
-14127065
-56410235
-22363731
80418306
75706840
-78662770
-38130286
-3964354
-76736482
-10994689
-73837385
50153416
12790625
42847001
-12454762
28329296
81579595
-78433533
85500511
9616320
15842757
-59144682
151576
-26009632
23644962
-89049331
-82508285
48571997
6159433
-49075843
46477961
-48862298
62997596
-99207386
76471530
-61150256
11234583
37441754
-40616734
-40309492
30336285
-74177967
-72656800
43048754
-71588338
-4869502
51513133
23981588
4405112
-6182402
-70991567
-98163107
-62054827
-48775116
43133574
22793134
-91004865
33105596
-29117346
-27023365
45236988
65933631
41128657
-52287015
31304418
-45016527
-97919560
22615772
59821008
50131732
6563632
-58954596
69209543
-5430007
23545793
-14400095
9037354
-68969763
56133374
-3446370
11374684
68277610
-80888058
94539593
81573976
46348400
6154195
-70444048
48711369
-72337381
-31882818
-36521689
-50770701
56695505
18777054
47761747
-66341361
-9870746
-37692551
37767267
63287867
28665863
62297742
23183893
-66861580
-9751950
14714143
45274875
45940803
-43965451
-84167587
-19585479
-48196865
-65328237
4310145
-99746842
-50796134
-74538100
-45674182
-51869030
-20228236
-64262205
70088532
14177237
-14231383
24565623
-60396573
-91017678
75260683
-61256870
13661249
-34254406
-29401859
45977890
71784740
49166777
-88144429
-15943770
51426670
-95931904
12205622
61695660
-86495537
-19441337
-8308360
21510905
67072680
-33556698
-78180543
80276028
54172402
-13500000
-36722454
52283488
66588175
2320429
40970032
-59278151
-22462840
-56346001
5976842
-83408643
67499760
-10976517
70271940
-62713897
-61132874
66324084
96210915
-7528242
-59209419
28908729
-10973054
-37533928
12780111
19433613
52809891
94314582
-39481210
-92247111
