1000 1000 0 0 0 0 0 
5000 0 1000 0 0 0 0 
10000 0 0 1000 0 0 0 
50000 0 0 0 1000 0 0 
100000 0 0 0 0 1000 0 
500000 0 0 0 0 0 1000 
49568 68 128 6 48 44 84 
55968 8 136 148 64 86 84 
69035 165 16 139 84 27 121 
29758 8 180 80 81 115 25 
21783 43 207 14 125 106 205 
102074 4 92 223 21 156 175 
40647 123 250 168 133 242 33 
3656 139 96 273 198 202 13 
20838 170 155 121 55 40 45 
41555 105 28 155 185 34 91 
8102 279 110 177 112 191 113 
41633 252 98 213 299 273 60 
112349 300 182 98 163 165 366 
126924 399 165 75 63 399 276 
47518 96 88 119 37 8 348 
150884 306 86 99 130 83 422 
31629 176 257 278 49 45 120 
21026 326 455 427 273 419 75 
177839 219 57 268 451 363 389 
212594 444 227 119 142 188 370 
147137 261 29 194 362 310 493 
184870 359 308 123 188 114 431 
158575 339 122 414 120 206 470 
48961 483 86 218 21 343 475 
67327 352 608 574 55 71 128 
40704 350 149 120 85 160 180 
128002 423 627 186 288 84 336 
37171 12 497 550 375 298 9 
33177 41 462 544 645 622 383 
36533 35 624 293 447 585 650 
117822 220 93 481 390 24 345 
83254 41 158 268 573 244 271 
10793 635 143 268 195 568 302 
77480 246 558 324 17 409 506 
64322 53 479 699 548 184 453 
73717 341 128 749 427 113 262 
247629 21 551 853 510 436 654 
38667 104 198 760 205 676 153 
19556 782 184 474 182 348 514 
363562 296 574 835 743 488 563 
94466 545 504 364 478 645 326 
21769 764 455 228 719 133 915 
446209 907 329 212 69 333 932 
286240 533 798 78 239 789 673 
257878 409 281 1000 1000 61 467 
4879 483 187 675 180 147 288 
201069 190 349 564 764 733 671 
100 301 636 723 260 414 519 
438997 882 167 20 418 263 947 
100367 1000 1000 497 676 290 185 
482286 93 371 225 1000 889 915 
83811 628 73 1000 215 668 277 
506374 451 860 691 979 1000 987 
221231 866 923 420 808 300 1000 
116346 1000 1000 636 133 884 774 
442300 1000 1000 948 1000 1000 672 
69103 633 29 480 194 365 495 
340695 833 472 787 671 563 845 
203138 1000 119 410 651 1000 898 
168369 1000 932 1000 142 698 470 
29711 1000 525 803 66 221 29 
332931 302 234 52 685 194 1000 
68844 444 526 1000 707 289 203 
422909 529 629 1000 1000 826 837 
406959 359 778 621 630 621 1000 
85108 546 959 460 1000 1000 652 
140109 674 842 746 361 1000 708 
230807 784 1000 1000 1000 1000 859 
170465 1000 873 1000 147 1000 134 
1845 64 370 911 263 706 327 
267115 1000 724 1000 237 200 1000 
109974 565 955 1000 711 220 179 
60506 835 669 734 182 1000 253 
95547 1000 1000 1000 1000 1000 351 
4304 768 796 1000 839 177 834 
212459 283 822 542 781 144 907 
416689 1000 1000 900 869 767 765 
551305 726 1000 741 1000 1000 804 
329999 553 1000 880 1000 1000 407 
89132 1000 847 985 392 464 926 
81816 1000 1000 764 1000 362 206 
135260 579 1000 1000 1000 1000 366 
87890 1000 92 822 531 261 220 
184585 564 1000 149 79 842 1000 
559665 1000 599 317 1000 25 1000 
665850 1000 1000 985 1000 1000 1000 
576378 168 582 1000 762 252 1000 
164270 1000 324 1000 187 108 263 
585660 1000 1000 926 1000 514 938 
572751 551 936 102 150 590 1000 
562110 1000 1000 191 1000 42 1000 
617770 1000 184 1000 117 1000 1000 
341240 670 676 319 190 1000 449 
666000 1000 1000 1000 1000 1000 1000 
0 1 2 3 4 5 6
