3 3
0 0 0
0 0 0
0 0 0
0 0
2 2
4 4
1 3 2 1
1 1 0 6
7 5 8 3
2 1 1 4
0 0
1 1
4 4
1 3 2 1
1 1 0 6
7 5 8 3
2 1 1 4
0 0
2 1
4 4
1 3 2 1
1 1 0 6
7 5 8 3
2 1 1 4
0 0
3 2
4 4
1 3 2 1
1 1 0 6
7 5 8 3
2 1 1 4
0 0
3 1
4 4
1 3 2 1
1 1 0 6
7 5 8 3
2 1 1 4
0 0
3 3
1 6
1 2 3 4 5 6
0 0
0 5
1 6
1 2 3 4 5 6
0 5
0 0
6 1
1
2
3
4
5
6
0 0
5 0
6 1
1
2
3
4
5
6
5 0
0 0
5 5
2 3 1 5 1
3 1 9 0 1
7 0 7 0 3
2 0 2 1 0
1 1 5 2 5
1 1
1 3
5 5
2 3 1 5 1
3 1 9 0 1
7 0 7 0 3
2 0 2 1 0
1 1 5 2 5
1 1
1 4
5 5
2 3 1 5 1
3 1 9 0 1
7 0 7 0 3
2 0 2 1 0
1 1 5 2 5
0 1
4 4
6 6
1 1 1 1 1 1
1 1 1 1 1 1
1 1 1 1 1 1
1 1 1 1 1 1
1 1 1 1 1 1
1 1 1 1 1 1
0 0
5 5
5 5
1 1 1 1 1
9 9 9 9 1
1 1 1 1 1
1 9 9 9 9
1 1 1 1 1
0 0
2 2
5 5
1 1 1 1 1
9 9 9 9 1
1 1 1 1 1
1 9 9 9 9
1 1 1 1 1
0 0
2 3
0 0

