5 6
1 2 3 0 2 4
4 0 7 1 1 5
2 5 2 3 1 6
0 2 5 1 0 2
1 3 2 3 1 8
0 0
1 2
5 6
1 2 3 0 2 4
4 0 7 1 1 5
2 5 2 3 1 6
0 2 5 1 0 2
1 3 2 3 1 8
0 0
2 1
5 6
1 2 3 0 2 4
4 0 7 1 1 5
2 5 2 3 1 6
0 2 5 1 0 2
1 3 2 3 1 8
1 1
3 3
5 6
1 2 3 0 2 4
4 0 7 1 1 5
2 5 2 3 1 6
0 2 5 1 0 2
1 3 2 3 1 8
4 5
3 4
5 6
1 2 3 0 2 4
4 0 7 1 1 5
2 5 2 3 1 6
0 2 5 1 0 2
1 3 2 3 1 8
4 5
1 2
10 10
0 0 0 0 0 0 0 0 0 0
0 9 9 9 0 0 0 0 0 0
0 9 0 2 0 0 0 7 0 0
0 9 9 9 0 0 0 0 0 0
0 0 0 0 0 0 0 0 0 0
8 0 1 0 9 0 0 0 2 0
0 8 0 0 0 0 0 0 0 0
0 0 8 0 0 0 0 9 9 9
0 0 0 8 0 0 0 9 0 0
0 0 0 0 8 0 0 9 0 0
0 0
9 9
10 10
0 0 0 0 0 0 0 0 0 0
0 9 9 9 0 0 0 0 0 0
0 9 0 2 0 0 0 7 0 0
0 9 9 9 0 0 0 0 0 0
0 0 0 0 0 0 0 0 0 0
8 0 1 0 9 0 0 0 2 0
0 8 0 0 0 0 0 0 0 0
0 0 8 0 0 0 0 9 9 9
0 0 0 8 0 0 0 9 0 0
0 0 0 0 8 0 0 9 0 0
0 0
5 8
10 10
0 0 0 0 0 0 0 0 0 0
0 9 9 9 0 0 0 0 0 0
0 9 0 2 0 0 0 7 0 0
0 9 9 9 0 0 0 0 0 0
0 0 0 0 0 0 0 0 0 0
8 0 1 0 9 0 0 0 2 0
0 8 0 0 0 0 0 0 0 0
0 0 8 0 0 0 0 9 9 9
0 0 0 8 0 0 0 9 0 0
0 0 0 0 8 0 0 9 0 0
0 0
9 0
10 10
0 0 0 0 0 0 0 0 0 0
0 9 9 9 0 0 0 0 0 0
0 9 0 2 0 0 0 7 0 0
0 9 9 9 0 0 0 0 0 0
0 0 0 0 0 0 0 0 0 0
8 0 1 0 9 0 0 0 2 0
0 8 0 0 0 0 0 0 0 0
0 0 8 0 0 0 0 9 9 9
0 0 0 8 0 0 0 9 0 0
0 0 0 0 8 0 0 9 0 0
0 0
2 2
10 10
0 0 0 0 0 0 0 0 0 0
0 9 9 9 0 0 0 0 0 0
0 9 0 2 0 0 0 7 0 0
0 9 9 9 0 0 0 0 0 0
0 0 0 0 0 0 0 0 0 0
8 0 1 0 9 0 0 0 2 0
0 8 0 0 0 0 0 0 0 0
0 0 8 0 0 0 0 9 9 9
0 0 0 8 0 0 0 9 0 0
0 0 0 0 8 0 0 9 0 0
9 0
2 2
0 0
