10
0 -1
1 0
1 -1
2 -2
3 1
3 -1
3 -2
4 1
4 -1
5 -1

10
0 1
1 0
1 -1
2 -2
3 1
3 -1
3 -2
4 1
4 -1
5 -1

15
-2 3
3 3
7 3
-1 2
1 1
5 1
8 1
11 1
0 0
11 -1
4 -2
-2 -2
2 -3
-4 0
0 -6

2
0 1
0 1
5
11 -1
4 -2
-2 -2
2 -3
0 -6
11
-2 3
3 3
7 3
-1 2
1 1
5 1
8 1
11 1
0 0
4 -2
-4 0

44
-23 3
32 3
700 3
-10 2
10 1
5 1
8 -11
11 3
10 5
41 5
-14 5
-12 3
13 3
2 3
-1 5
1 13
5 13
8 21
11 11
0 20
4 -12
-4 13
-2 5
23 3
27 3
-1 3
1 -1
5 -1
18 5
21 1
10 0
14 -2
-9 2
15 -3
15 3
21 -3
-1 -5
10 -3
15 3
18 5
11 12
0 5
4 -12
-14 4

3
0 1
0 0
0 -1

2 
0 1
0 -1

3
1 1
2 1
1 -1

3
1 1
1 -1
2 -1



