20
1 20 19
1 3 46
3 8 5
8 6 13
6 19 17
19 11 1
19 17 4
19 7 12
6 5 18
5 10 5
10 9 3
10 4 11
3 14 19
14 15 5
10 18 23
14 13 33
6 2 44
14 16 57
16 12 30
20
1 19 4
19 16 2
16 17 2
1 15 14
19 9 22
19 20 36
16 12 38
12 7 34
12 5 41
12 2 43
2 8 25
8 13 42
13 6 14
6 10 37
19 4 43
15 14 51
14 3 54
6 18 57
5 11 91
20
1 6 1
1 5 21
6 9 38
9 11 25
6 15 41
6 18 46
18 19 14
5 3 47
3 20 21
20 2 7
3 14 33
14 16 37
16 13 36
13 12 7
13 17 33
12 8 44
11 7 50
5 10 73
3 4 76
20
1 3 31
1 8 51
8 9 21
9 17 7
9 5 30
5 20 29
20 2 30
20 6 30
20 19 34
19 11 32
11 16 2
16 14 1
19 7 35
14 13 41
14 4 43
16 18 53
2 15 56
3 12 76
9 10 122
20
1 15 103
15 2 66
2 4 13
2 17 13
17 6 7
6 19 2
19 16 23
6 8 25
16 18 25
18 3 27
16 12 37
12 10 16
10 7 4
10 20 5
12 13 41
19 9 49
9 14 49
14 5 52
19 11 76
0
