16
1 10 23
10 4 30
1 13 35
13 7 29
7 9 25
7 6 54
6 8 52
6 2 59
13 14 64
14 12 74
9 3 80
6 5 86
5 16 15
14 11 94
16 15 135
12
1 9 123
9 4 51
4 5 4
9 11 52
11 12 7
5 10 66
10 6 70
6 3 62
11 2 97
2 8 11
9 7 135
3
1 3 37
1 2 135
18
1 15 10
15 10 26
10 9 8
15 17 29
17 8 2
17 5 17
5 14 46
14 11 19
14 4 48
15 2 63
2 16 2
16 3 3
2 18 24
16 12 24
3 7 25
2 6 58
2 13 106
8
1 2 83
2 7 30
7 8 9
8 4 23
8 5 34
4 6 39
5 3 84
14
1 13 37
13 7 73
7 9 3
7 4 22
9 8 37
8 3 38
3 10 1
3 2 3
10 11 3
2 6 33
6 12 55
10 14 65
6 5 92
7
1 7 72
7 2 49
2 4 65
1 3 90
3 6 219
6 5 176
16
1 2 13
2 3 27
3 12 15
12 16 10
3 7 35
7 15 24
12 6 35
16 9 40
3 5 46
9 8 53
8 11 40
11 4 44
4 10 16
4 13 27
13 14 63
20
1 2 21
2 17 13
17 14 56
14 15 18
15 18 30
18 16 30
16 7 3
14 5 35
5 3 32
7 9 42
9 13 16
18 20 49
7 4 51
4 6 14
13 12 52
12 11 2
11 10 58
6 8 74
15 19 95
14
1 3 11
3 7 3
3 9 8
1 4 15
9 5 15
4 12 15
12 6 23
6 8 18
8 13 27
3 11 52
11 2 43
8 10 69
10 14 33
12
1 11 37
11 4 15
4 8 8
4 10 42
11 3 44
11 9 94
9 5 5
9 7 21
7 6 46
6 2 1
6 12 34
3
1 2 288
2 3 251
11
1 8 25
1 5 66
5 6 6
6 9 20
6 4 26
5 10 49
9 2 49
2 7 31
4 11 51
1 3 160
9
1 8 48
1 9 79
9 2 20
9 6 125
6 5 31
6 7 73
6 4 95
4 3 17
11
1 9 60
9 4 49
4 3 32
4 8 42
8 2 15
2 11 19
11 5 23
4 10 42
10 7 68
7 6 87
15
1 13 39
13 5 34
5 3 38
13 10 60
10 15 34
10 4 38
4 8 51
10 9 57
9 6 34
9 11 41
11 2 2
9 14 41
14 12 67
14 7 122
11
1 4 11
4 3 12
3 5 6
3 11 27
11 6 35
5 7 50
7 10 5
1 8 53
7 2 63
11 9 196
4
1 2 27
2 4 53
2 3 148
18
1 11 32
11 5 3
5 6 6
6 7 3
11 15 12
7 18 20
18 16 1
15 13 27
13 4 9
16 14 30
15 10 33
10 17 7
15 9 42
13 2 44
13 3 47
17 8 51
15 12 110
17
1 7 21
7 4 12
1 10 26
4 6 33
6 17 23
17 5 28
5 2 1
2 14 1
5 9 4
2 8 13
5 3 14
2 16 27
16 13 9
2 15 46
17 11 50
2 12 63
5
1 2 148
2 4 43
4 5 135
1 3 237
16
1 14 31
1 9 48
9 2 5
2 3 30
3 6 9
6 10 28
10 5 4
10 13 8
10 11 26
11 16 23
2 12 47
9 15 56
1 8 59
12 7 76
7 4 117
11
1 6 81
6 2 46
2 8 31
8 11 15
11 10 27
10 7 29
2 3 44
7 4 88
7 5 101
5 9 82
4
1 3 109
3 2 184
3 4 251
18
1 13 32
13 12 46
12 14 92
14 3 88
3 7 80
7 17 1
17 5 1
17 16 24
17 6 27
7 9 33
5 8 35
9 15 48
15 10 12
10 4 13
15 18 14
18 2 24
15 11 56
3
1 3 31
3 2 346
18
1 18 8
1 6 47
6 4 35
4 3 7
4 11 11
3 2 15
2 12 26
4 7 40
7 14 23
12 17 42
2 16 60
16 10 11
11 8 63
10 5 69
6 9 69
1 15 70
15 13 34
5
1 3 122
3 2 104
2 4 50
4 5 37
6
1 5 19
1 3 70
5 2 80
2 6 39
5 4 83
13
1 5 45
5 7 25
7 12 17
7 4 31
4 3 39
3 11 19
11 10 23
3 8 40
4 13 118
13 9 44
9 6 160
4 2 167
3
1 3 138
3 2 225
5
1 4 32
4 2 155
2 3 52
3 5 182
18
1 13 10
13 4 49
4 9 3
9 8 28
4 5 30
5 17 24
17 2 38
9 14 41
2 6 61
8 3 68
4 10 69
10 12 1
10 16 31
16 11 36
9 7 70
7 18 73
17 15 130
10
1 3 38
3 6 49
6 2 55
3 9 67
9 8 23
6 10 69
10 5 57
5 4 37
4 7 100
18
1 3 66
3 9 12
9 2 40
2 12 48
12 6 13
6 17 23
17 15 6
15 16 24
16 4 15
4 18 7
6 14 26
14 10 5
10 11 30
18 13 40
17 7 54
15 5 58
4 8 68
18
1 17 13
17 4 16
4 15 13
15 6 6
6 12 2
15 3 12
4 2 19
6 7 28
17 16 50
16 18 40
18 8 32
8 14 28
14 11 31
16 9 53
11 10 60
9 13 65
9 5 95
13
1 2 48
2 11 32
11 3 68
3 7 66
7 6 53
6 10 72
10 12 50
12 8 44
8 5 27
5 4 16
4 9 53
11 13 109
15
1 4 17
4 10 17
10 14 8
10 15 25
10 11 27
11 6 5
1 3 39
10 5 52
10 7 52
7 12 49
1 9 53
10 8 65
11 2 75
14 13 141
3
1 2 112
1 3 237
5
1 5 122
1 2 174
5 3 230
3 4 402
9
1 3 82
3 9 1
3 7 94
1 4 105
4 6 51
6 2 126
3 5 151
5 8 14
7
1 6 59
6 5 34
5 2 26
2 3 73
2 4 102
2 7 138
5
1 4 125
4 2 151
1 3 167
2 5 193
13
1 11 34
11 5 37
5 13 44
13 4 3
4 8 27
11 10 52
10 3 56
3 2 17
2 6 14
6 12 61
13 7 62
11 9 112
18
1 18 105
18 13 78
13 7 7
13 16 36
13 2 42
2 11 25
11 10 6
11 15 37
15 3 48
3 6 19
6 12 47
15 8 49
16 4 55
7 9 58
13 14 71
6 17 76
17 5 80
7
1 5 17
5 4 5
1 2 28
5 3 48
2 6 121
1 7 136
7
1 5 47
5 2 1
5 4 15
1 3 66
3 6 19
1 7 172
11
1 9 45
9 5 11
9 6 31
9 11 37
11 8 12
6 4 39
6 7 43
9 3 65
3 10 96
8 2 188
6
1 2 12
2 6 83
2 4 153
4 5 5
5 3 96
10
1 5 19
5 3 26
3 10 1
3 7 45
7 9 39
10 8 55
8 6 13
9 4 65
5 2 69
0
