5
80 -100 100 -85
60 -100 100 -70
40 -100 100 -55
20 -100 100 -40
0  -100 100 -25
4
80 -100 100 80
100 80 -80 100
-80 100 -100 -80
-100 -80 80 -100
4
85 -100 100 80
100 85 -80 100
-85 100 -100 -80
-100 -85 80 -100
3
100 46 -100 26
46 100 26 -100
-20 100 100 -20
4
100 20 -100 -20
100 30 -100 -30
100 40 -100 -40
100 50 -100 -50
6
100 70 70 100
100 -70 70 -100
-100 70 -70 100
-100 -70 -70 -100
100 0 -100 0
0 100 0 -100
100
100 -50 -100 -50
40 -100 40 100
100 -49 -100 -49
41 -100 41 100
100 -48 -100 -48
42 -100 42 100
100 -47 -100 -47
43 -100 43 100
100 -46 -100 -46
44 -100 44 100
100 -45 -100 -45
45 -100 45 100
100 -44 -100 -44
46 -100 46 100
100 -43 -100 -43
47 -100 47 100
100 -42 -100 -42
48 -100 48 100
100 -41 -100 -41
49 -100 49 100
100 -40 -100 -40
50 -100 50 100
100 -39 -100 -39
51 -100 51 100
100 -38 -100 -38
52 -100 52 100
100 -37 -100 -37
53 -100 53 100
100 -36 -100 -36
54 -100 54 100
100 -35 -100 -35
55 -100 55 100
100 -34 -100 -34
56 -100 56 100
100 -33 -100 -33
57 -100 57 100
100 -32 -100 -32
58 -100 58 100
100 -31 -100 -31
59 -100 59 100
100 -30 -100 -30
60 -100 60 100
100 -29 -100 -29
61 -100 61 100
100 -28 -100 -28
62 -100 62 100
100 -27 -100 -27
63 -100 63 100
100 -26 -100 -26
64 -100 64 100
100 -25 -100 -25
65 -100 65 100
100 -24 -100 -24
66 -100 66 100
100 -23 -100 -23
67 -100 67 100
100 -22 -100 -22
68 -100 68 100
100 -21 -100 -21
69 -100 69 100
100 -20 -100 -20
70 -100 70 100
100 -19 -100 -19
71 -100 71 100
100 -18 -100 -18
72 -100 72 100
100 -17 -100 -17
73 -100 73 100
100 -16 -100 -16
74 -100 74 100
100 -15 -100 -15
75 -100 75 100
100 -14 -100 -14
76 -100 76 100
100 -13 -100 -13
77 -100 77 100
100 -12 -100 -12
78 -100 78 100
100 -11 -100 -11
79 -100 79 100
100 -10 -100 -10
80 -100 80 100
100 -9 -100 -9
81 -100 81 100
100 -8 -100 -8
82 -100 82 100
100 -7 -100 -7
83 -100 83 100
100 -6 -100 -6
84 -100 84 100
100 -5 -100 -5
85 -100 85 100
100 -4 -100 -4
86 -100 86 100
100 -3 -100 -3
87 -100 87 100
100 -2 -100 -2
88 -100 88 100
100 -1 -100 -1
89 -100 89 100
100
100 -88 -13 -100
38 -100 69 100
12 100 56 -100
-4 100 94 -100
95 -100 -81 100
13 -100 100 -5
-5 -100 100 -70
100 -96 -83 -100
100 -94 -35 -100
100 -69 0 -100
100 -97 -100 64
67 100 49 -100
94 100 35 -100
99 100 26 -100
54 -100 30 100
-6 -100 100 -73
100 43 16 -100
-37 -100 100 -96
12 -100 100 -58
25 -100 100 48
100 96 20 -100
14 100 81 -100
49 -100 37 100
100 -87 -24 -100
100 -99 -100 -68
99 -100 -100 82
100 -52 15 -100
100 -79 -14 -100
85 -100 4 100
91 -100 -22 100
100 -57 2 -100
-44 100 94 -100
21 100 54 -100
60 -100 12 100
-39 100 89 -100
100 100 26 -100
-100 -11 100 -99
-100 -45 100 -98
6 100 74 -100
100 21 8 -100
14 -100 100 32
-29 -100 100 -81
34 -100 98 100
12 -100 100 -67
64 100 48 -100
90 100 42 -100
81 -100 -11 100
-10 -100 100 -69
100 45 23 -100
100 -100 -46 100
97 -100 -71 100
6 -100 100 -72
20 -100 100 89
47 -100 41 100
100 -93 -21 -100
-100 88 96 -100
-1 100 77 -100
98 -100 -100 0
93 100 27 -100
4 100 88 -100
91 100 29 -100
-20 -100 100 -75
45 -100 46 100
-100 40 100 -100
100 -97 -100 -82
96 -100 -100 91
5 -100 100 -62
-42 -100 100 -94
61 -100 23 100
100 -67 4 -100
14 -100 100 -39
37 -100 90 100
-77 -100 100 -96
30 -100 96 100
76 -100 9 100
70 -100 31 100
100 -52 8 -100
15 -100 100 40
-26 -100 100 -81
88 100 45 -100
100 87 19 -100
100 -89 -53 -100
100 -99 -100 -13
100 -98 -100 -79
36 100 51 -100
89 -100 -61 100
80 100 44 -100
-30 100 88 -100
100 -97 -100 -75
64 -100 -20 100
-28 -100 100 -80
8 -100 100 -49
49 -100 47 100
43 -100 90 100
95 100 36 -100
-29 -100 100 -90
-3 -100 100 -75
100 68 18 -100
100 -92 -73 -100
13 -100 100 29
100
-46 -100 -100 -45
92 100 -69 -100
-96 100 -66 -100
100 25 -100 -85
100 89 -100 -88
-100 -51 84 -100
100 20 -100 -73
65 -100 -100 -46
100 -93 -100 -62
-49 -100 -100 52
-85 -100 59 100
-64 -100 -100 75
100 90 -90 -100
-48 -100 -100 -2
-76 100 -67 -100
-100 37 -56 -100
100 99 -75 -100
100 1 -100 -72
-100 -48 -43 -100
100 -83 -100 -71
-68 -100 -63 100
-100 -59 100 -98
100 51 -95 -100
-73 -100 -13 100
-100 -63 100 -80
100 -87 -100 -62
100 52 -91 -100
-54 100 -70 -100
-100 69 -59 -100
85 -100 -100 -50
100 -16 -100 -68
33 100 -78 -100
-100 -53 98 -100
100 41 -100 -95
-100 -64 100 -52
-25 -100 -100 -10
-11 -100 -100 -36
-49 -100 -100 50
-100 -18 -20 -100
-88 -100 100 94
-100 55 -54 -100
-100 -57 100 -84
-51 -100 -100 5
-65 -100 -100 78
-100 -99 100 49
-100 61 -61 -100
-100 67 -61 -100
-37 -100 -100 -5
-100 -40 -4 -100
100 42 -100 -91
99 100 -84 -100
100 24 -100 -82
-100 -73 100 -19
-76 -100 100 98
-100 76 -63 -100
-100 -71 100 -24
81 -100 -100 -49
-67 -100 -78 100
-51 -100 -100 1
-100 -97 100 41
100 -42 -100 -65
-100 -36 -13 -100
-18 100 -72 -100
-4 -100 -100 -49
-100 -53 91 -100
-82 -100 42 100
-100 99 -63 -100
100 68 -85 -100
-100 -77 100 16
-67 -100 -80 100
7 100 -74 -100
100 55 -96 -100
-100 -84 100 22
-100 -2 -46 -100
-100 -40 72 -100
-75 -100 41 100
-100 58 -55 -100
-71 -100 -22 100
-100 -63 100 -86
-69 -100 -69 100
-100 -87 100 34
31 100 -74 -100
-47 -100 -100 5
33 100 -79 -100
-73 -100 -18 100
100 40 -100 -87
-100 -16 -28 -100
-2 -100 -100 -37
-100 -94 100 26
100 11 -100 -73
-98 -100 100 51
100 16 -100 -81
-100 -52 85 -100
-28 -100 -100 21
-100 -63 100 -83
100 55 -90 -100
-58 -100 -100 64
-59 100 -68 -100
-100 -44 2 -100
-100 -7 -45 -100
100
100 -19 -100 0
68 -100 100 88
100 52 -100 -25
77 -100 -65 100
-61 100 72 -100
100 -78 -100 94
-14 -100 100 61
100 56 -100 -94
-100 82 100 -64
100 -41 -100 2
27 -100 100 87
-73 100 89 -100
11 -100 100 85
100 16 -100 -13
-100 -16 100 30
100 58 -32 -100
-100 18 100 -58
100 -56 -100 8
-100 52 100 -62
-100 -23 100 44
100 57 -83 -100
100 -75 -100 93
69 -100 4 100
56 -100 86 100
62 -100 47 100
-3 -100 100 78
100 -23 -100 -11
100 -86 -95 100
100 91 31 -100
-79 100 100 -88
100 -65 -100 87
19 -100 100 79
100 63 5 -100
100 86 13 -100
-78 -100 100 60
8 100 68 -100
90 100 48 -100
63 -100 30 100
100 53 -100 -48
65 -100 41 100
100 65 -10 -100
-81 100 100 -89
-100 -9 100 4
100 -64 -100 75
-69 100 100 -91
63 100 61 -100
100 -83 -100 100
-100 8 100 -57
-100 -17 100 31
66 100 58 -100
-100 2 100 -38
100 -60 -100 51
100 61 -22 -100
100 -29 -100 -1
-100 56 100 -63
-4 100 76 -100
-63 100 77 -100
68 100 57 -100
100 27 -100 -12
47 -100 100 94
-100 -78 100 54
49 -100 100 96
100 48 -100 -44
71 -100 -38 100
-100 31 100 -56
-100 -6 100 -37
100 66 10 -100
100 -53 -100 3
43 -100 100 89
-100 64 100 -62
100 92 36 -100
-100 66 100 -68
-100 -76 100 52
-100 -51 100 51
-100 8 100 -46
69 -100 -11 100
92 -100 -95 100
-39 100 91 -100
-73 100 100 -93
-100 -86 100 52
100 -80 -100 93
-54 100 87 -100
-100 -17 100 35
-100 32 100 -61
88 100 49 -100
-97 100 100 -84
100 -6 -100 -6
100 37 -100 -28
100 68 -12 -100
-85 -100 100 55
-100 64 100 -63
100 -71 -100 85
-18 -100 100 62
100 31 -100 -20
87 -100 -68 100
100 -87 -91 100
100 -18 -100 -2
100 59 -30 -100
100 51 -100 -30
-100 -9 100 -1
100
-61 -100 100 22
100 -15 -83 100
57 -100 100 40
90 100 100 -52
100 -5 -100 -7
-4 100 100 -18
45 100 100 -40
100 16 -100 -34
17 -100 100 39
100 94 90 -100
100 29 2 -100
-21 -100 100 22
29 100 100 -35
70 100 100 -97
100 27 -8 -100
100 29 11 -100
100 79 72 -100
100 -12 -100 42
-93 -100 100 12
91 -100 100 99
100 82 85 -100
100 -13 -86 100
100 -6 -100 36
-71 100 100 -16
50 100 100 -88
54 -100 100 38
100 61 71 -100
63 -100 100 58
36 100 100 -30
-100 -47 100 -2
100 -17 -75 100
100 -22 7 100
-100 -87 100 17
100 -13 -100 95
99 -100 100 98
100 -9 -100 68
100 88 87 -100
100 -24 28 100
100 36 17 -100
27 100 100 -26
100 25 -11 -100
100 -21 -47 100
-97 -100 100 20
13 100 100 -23
-100 -16 100 1
61 -100 100 46
-100 -72 100 11
69 -100 100 75
100 97 94 -100
100 -14 -100 100
57 100 100 -47
100 -58 67 100
100 7 -100 -71
100 -71 80 100
42 -100 100 30
77 -100 100 81
23 100 100 -25
100 85 82 -100
100 16 -76 -100
100 -17 -53 100
70 -100 100 71
99 100 100 -81
100 -34 38 100
100 18 -33 -100
100 27 2 -100
64 -100 100 50
100 -41 42 100
100 6 -100 -32
100 48 56 -100
100 -10 -100 74
22 -100 100 46
68 -100 100 62
100 39 18 -100
-2 -100 100 28
-68 100 100 -19
100 -60 49 100
100 -7 -100 36
100 -3 -100 6
67 -100 100 54
75 -100 100 84
-100 84 100 -12
100 21 -80 -100
70 -100 100 77
-56 100 100 -17
100 -11 -100 38
100 10 -100 -92
-100 -99 100 13
12 100 100 -22
3 100 100 -20
100 2 -100 -49
100 -20 -27 100
-49 -100 100 21
100 50 58 -100
100 -65 97 100
95 -100 85 100
80 -100 100 94
100 35 16 -100
-100 62 100 -8
-100 -100 100 20
100 80 77 -100
100
100 -95 68 100
51 100 100 -26
79 100 100 -100
100 97 87 -100
100 50 -70 -100
100 74 -30 -100
10 100 100 -14
100 9 5 100
-100 49 100 47
100 31 -47 100
-7 -100 100 75
-56 -100 100 73
-98 100 100 39
100 66 -100 -14
100 -15 47 100
40 -100 100 81
100 26 -28 100
100 83 80 -100
-14 100 100 19
100 82 34 -100
-100 -2 100 48
88 100 90 -100
87 100 90 -100
34 100 100 -15
-100 -80 100 71
-59 100 100 37
54 100 100 -80
-18 100 100 20
100 -29 60 100
2 100 100 -9
100 80 -29 -100
-50 100 100 38
32 100 100 -11
100 72 -58 -100
-32 100 100 34
100 44 -100 67
100 -48 63 100
-20 100 100 27
98 -100 84 100
100 -52 67 100
-48 100 100 36
-100 -54 100 56
100 47 -100 -5
100 40 -72 100
100 94 68 -100
100 99 82 -100
100 91 75 -100
2 100 100 16
-100 -22 100 67
-89 100 100 46
10 100 100 -1
100 42 -100 89
100 46 -100 -2
3 -100 100 87
100 76 30 -100
78 100 100 -97
100 88 60 -100
-81 -100 100 70
-32 -100 100 73
99 -100 76 100
98 -100 80 100
100 78 -33 -100
2 100 100 12
16 100 100 -14
100 -51 64 100
100 -98 70 100
100 -49 60 100
100 40 -100 90
100 -32 50 100
100 94 83 -100
-100 40 100 47
-53 100 100 37
48 100 100 -26
100 48 -100 -47
100 -28 54 100
100 68 -63 -100
100 4 -8 100
-100 -11 100 49
47 -100 100 81
-46 100 100 36
46 100 100 -23
-100 -58 100 61
100 25 -17 100
-57 100 100 37
100 100 89 -100
100 17 -7 100
100 29 -45 100
100 57 -100 -82
100 -13 7 100
-100 61 100 43
100 -23 39 100
100 73 -58 -100
100 -17 43 100
88 -100 100 100
-100 48 100 44
100 -55 67 100
100 87 52 -100
38 100 100 2
100 31 -37 100
85 100 93 -100
100
100 34 59 -100
100 -83 -100 43
61 -100 -100 72
100 3 -100 4
83 -100 -100 70
100 29 -100 -100
100 -81 -100 27
98 -100 -100 60
100 24 -100 -46
-100 5 100 0
-100 6 100 -68
-38 100 60 -100
87 -100 -100 62
-100 -21 100 18
100 -86 -100 58
100 40 26 -100
100 14 -100 2
-100 17 100 -8
100 -78 -100 19
100 26 -100 -97
40 -100 -30 100
65 100 9 -100
47 100 41 -100
4 -100 100 27
100 16 -100 1
55 100 32 -100
21 -100 100 32
-100 -56 100 24
-92 100 74 -100
-100 80 80 -100
-100 8 100 -73
-100 58 100 -89
79 -100 -100 91
-12 -100 100 30
-100 -3 100 10
-100 -22 100 18
-100 -24 100 20
-100 51 100 -87
-31 100 50 -100
-100 -17 100 17
-100 25 100 -78
72 -100 -43 100
100 21 -100 -94
-100 12 100 -74
100 7 -100 3
-71 100 71 -100
77 100 30 -100
81 -100 -100 70
100 33 -13 -100
100 15 -100 2
100 20 -100 -25
100 31 -90 -100
26 -100 100 98
53 100 39 -100
-13 100 49 -100
-71 100 65 -100
6 -100 100 32
-100 31 100 -80
63 -100 -40 100
64 100 35 -100
100 28 -63 -100
-96 100 75 -100
-100 -96 100 27
100 -18 -100 6
100 15 -100 -9
36 100 45 -100
100 9 -100 -1
100 -86 -100 57
-33 100 47 -100
-100 27 100 -80
-100 69 94 -100
-45 100 61 -100
40 -100 -8 100
100 26 -100 -57
-100 -98 100 25
-65 100 64 -100
100 29 -18 -100
100 39 19 -100
100 33 13 -100
76 -100 -97 100
-1 -100 100 30
-100 86 73 -100
-100 34 100 -83
-35 100 52 -100
-4 100 45 -100
100 -31 -100 9
100 88 27 -100
-100 68 98 -100
49 -100 -22 100
-40 100 53 -100
43 -100 24 100
-69 100 66 -100
-48 100 62 -100
100 16 -100 -9
68 100 38 -100
-100 24 100 -47
-100 84 77 -100
44 -100 29 100
-100 -55 100 19
-100 -35 100 24
100
86 -100 -100 -46
-27 100 -44 -100
100 -89 -100 -90
-70 -100 100 73
88 100 -50 -100
-100 18 4 -100
-5 -100 -100 77
-96 -100 100 -38
36 -100 -100 -23
-100 79 -22 -100
-97 100 -27 -100
-92 -100 100 25
88 -100 -100 -71
-47 100 -29 -100
68 -100 -100 -24
91 -100 -100 -87
-100 16 6 -100
-100 -42 84 -100
-100 -22 8 -100
-100 75 -1 -100
87 -100 -100 -51
-100 -93 100 -75
100 -52 -99 -100
-64 -100 100 87
-100 -27 72 -100
-100 -94 100 -59
-100 85 -20 -100
1 -100 -100 50
-36 -100 -38 100
-89 -100 100 30
100 -74 -100 -97
11 -100 -100 -21
-38 -100 0 100
89 100 -55 -100
-63 -100 100 91
-70 -100 100 35
-95 -100 100 -36
97 100 -59 -100
-41 -100 23 100
1 -100 -100 44
7 -100 -100 8
-28 -100 -69 100
-100 -8 8 -100
-94 -100 100 10
-92 100 -21 -100
-57 -100 61 100
11 -100 -100 -13
-45 -100 37 100
-76 -100 100 20
100 23 -73 -100
100 -94 -100 -87
-39 -100 -28 100
74 -100 -100 -28
75 -100 -100 -40
-46 -100 55 100
100 -82 -100 -94
-36 100 -43 -100
-100 -99 100 -68
-77 100 -26 -100
-34 -100 -67 100
100 -85 -100 -92
76 -100 -100 -58
100 -92 -100 -77
-52 -100 78 100
-46 -100 38 100
-83 -100 100 22
-93 -100 100 -3
100 67 -65 -100
100 34 -75 -100
3 -100 -100 25
37 -100 -100 -24
-100 65 -3 -100
-100 -19 17 -100
-40 100 -29 -100
100 -88 -100 -91
-63 -100 99 100
-23 -100 -82 100
-53 -100 62 100
-66 -100 100 82
-91 -100 100 12
100 -94 -100 -65
-58 -100 96 100
69 100 -49 -100
-9 -100 -100 58
-100 -23 62 -100
-100 86 -8 -100
-100 -89 96 -100
-55 -100 88 100
-13 -100 -100 94
51 -100 -100 -25
-19 -100 -94 100
-100 -36 75 -100
-100 1 21 -100
-44 -100 -12 100
-100 -80 82 -100
-91 -100 100 11
100 -21 -93 -100
54 -100 -100 -26
100 32 -76 -100
-48 -100 58 100
100
90 100 72 -100
-4 -100 100 84
86 100 100 -13
94 100 41 -100
-95 100 100 64
-44 100 100 -10
-66 100 100 13
100 12 -61 100
100 69 -100 -58
-53 100 100 11
100 66 -100 -47
100 77 -100 -72
100 19 -67 100
100 46 -68 100
100 85 32 -100
67 100 79 -100
66 -100 100 98
100 -38 2 100
100 53 -100 0
77 -100 74 100
-89 -100 100 83
100 50 -94 100
100 51 -100 12
100 -79 55 100
100 1 -29 100
100 -54 17 100
100 86 13 -100
-100 -25 100 63
-18 100 100 -12
100 27 -74 100
73 -100 90 100
-92 100 100 28
-48 100 100 9
100 4 -32 100
100 96 24 -100
57 100 100 -99
100 68 -100 -57
-85 -100 100 82
100 81 -100 -76
100 -68 39 100
-13 100 100 -31
-72 -100 100 83
100 11 -45 100
100 8 -34 100
-100 -42 100 69
-100 10 100 65
100 0 -21 100
-91 100 100 31
54 100 100 -85
100 -78 49 100
100 26 -77 100
64 100 86 -100
-19 -100 100 84
-100 24 100 41
100 84 -3 -100
-27 100 100 -12
19 100 100 -75
100 60 -100 -24
33 -100 96 100
45 100 100 -76
34 100 100 -43
-64 100 100 12
89 -100 71 100
100 93 62 -100
43 100 100 -60
-33 100 100 -11
100 56 -100 16
38 100 100 -53
100 61 -100 11
64 -100 92 100
-10 100 100 -33
-54 -100 100 83
-5 100 100 -34
100 72 -100 -49
84 -100 76 100
100 97 35 -100
-100 81 100 32
100 76 -100 -100
-20 100 100 -15
21 100 100 -39
100 76 -100 -59
100 67 -100 -27
58 100 94 -100
100 -59 38 100
-100 15 100 52
100 63 -100 -9
100 -35 15 100
100 73 -100 -80
100 72 -100 -62
4 -100 100 90
100 99 63 -100
-86 -100 100 81
100 30 -86 100
-100 71 100 43
100 92 17 -100
100 4 -36 100
73 -100 88 100
49 -100 98 100
-64 100 100 14
-91 -100 100 77
5
60 -100 100 -70
40 -100 100 -55
20 -100 100 -40
0  -100 100 -25
-20 -100 100 -10
4
70 -100 100 70
100 70 -70 100
-70 100 -100 -70
-100 -70 70 -100
4
75 -100 100 70
100 75 -70 100
-75 100 -100 -70
-100 -75 70 -100
3
100 80 -100 -40
80 100 -40 -100
00 100 100 0
4
100 30 -100 -30
100 40 -100 -40
100 50 -100 -50
100 60 -100 -60
6
100 60 60 100
100 -60 60 -100
-100 60 -60 100
-100 -60 -60 -100
100 0 -100 0
0 100 0 -100
100
100 -30 -100 -30
20 -100 20 100
100 -29 -100 -29
21 -100 21 100
100 -28 -100 -28
22 -100 22 100
100 -27 -100 -27
23 -100 23 100
100 -26 -100 -26
24 -100 24 100
100 -25 -100 -25
25 -100 25 100
100 -24 -100 -24
26 -100 26 100
100 -23 -100 -23
27 -100 27 100
100 -22 -100 -22
28 -100 28 100
100 -21 -100 -21
29 -100 29 100
100 -20 -100 -20
30 -100 30 100
100 -19 -100 -19
31 -100 31 100
100 -18 -100 -18
32 -100 32 100
100 -17 -100 -17
33 -100 33 100
100 -16 -100 -16
34 -100 34 100
100 -15 -100 -15
35 -100 35 100
100 -14 -100 -14
36 -100 36 100
100 -13 -100 -13
37 -100 37 100
100 -12 -100 -12
38 -100 38 100
100 -11 -100 -11
39 -100 39 100
100 -10 -100 -10
40 -100 40 100
100 -9 -100 -9
41 -100 41 100
100 -8 -100 -8
42 -100 42 100
100 -7 -100 -7
43 -100 43 100
100 -6 -100 -6
44 -100 44 100
100 -5 -100 -5
45 -100 45 100
100 -4 -100 -4
46 -100 46 100
100 -3 -100 -3
47 -100 47 100
100 -2 -100 -2
48 -100 48 100
100 -1 -100 -1
49 -100 49 100
100 0 -100 0
50 -100 50 100
100 1 -100 1
51 -100 51 100
100 2 -100 2
52 -100 52 100
100 3 -100 3
53 -100 53 100
100 4 -100 4
54 -100 54 100
100 5 -100 5
55 -100 55 100
100 6 -100 6
56 -100 56 100
100 7 -100 7
57 -100 57 100
100 8 -100 8
58 -100 58 100
100 9 -100 9
59 -100 59 100
100 10 -100 10
60 -100 60 100
100 11 -100 11
61 -100 61 100
100 12 -100 12
62 -100 62 100
100 13 -100 13
63 -100 63 100
100 14 -100 14
64 -100 64 100
100 15 -100 15
65 -100 65 100
100 16 -100 16
66 -100 66 100
100 17 -100 17
67 -100 67 100
100 18 -100 18
68 -100 68 100
100 19 -100 19
69 -100 69 100
100
100 -72 -100 -33
-100 -97 100 57
-77 -100 -100 50
-100 -46 100 53
-97 100 -85 -100
-15 -100 -100 16
96 -100 -100 4
79 -100 -100 6
40 -100 -100 8
-88 -100 -42 100
-42 -100 -100 37
-94 -100 -7 100
-100 -99 100 100
-100 -35 100 -46
100 -22 -100 -36
-100 73 -79 -100
100 55 -100 -59
100 6 -100 -45
-100 42 -66 -100
-100 -13 100 -90
-83 -100 -100 92
-100 -43 100 -17
-6 100 -97 -100
-100 -51 100 21
-75 -100 -100 43
-100 -56 100 50
-100 -92 100 90
-24 100 -93 -100
65 -100 -100 15
100 -84 -100 -32
-100 -44 100 2
-100 16 -20 -100
-100 35 -25 -100
-21 -100 -100 24
100 -88 -100 -18
-100 5 64 -100
100 -20 -100 -41
-100 -66 90 100
-81 100 -84 -100
-87 -100 -78 100
87 -100 -100 2
-78 -100 -100 63
100 -92 -100 2
-100 32 -41 -100
-79 100 -85 -100
-29 100 -92 -100
-100 -78 100 64
-100 89 -81 -100
-100 22 -8 -100
-82 -100 -100 87
100 47 -100 -52
100 -82 -100 -11
-53 100 -88 -100
-100 -3 100 -93
-100 62 -78 -100
15 100 -100 -97
-100 -33 100 -33
-100 -4 100 -89
-48 100 -88 -100
-100 28 -14 -100
-100 10 2 -100
-96 -100 85 100
100 -91 -100 -9
-89 100 -85 -100
100 -71 -100 -38
-65 100 -87 -100
-100 12 67 -100
100 -79 -100 -28
-100 30 -42 -100
18 -100 -100 13
-40 100 -89 -100
-100 71 -79 -100
-100 -67 100 61
-32 -100 -100 30
-91 -100 -27 100
-33 -100 -100 37
-100 -41 100 -16
100 -91 -100 3
100 38 -100 -58
-100 -38 100 -16
-7 -100 -100 15
100 -38 -100 -33
64 100 -99 -100
-76 -100 -100 60
-94 -100 -18 100
-100 90 -83 -100
100 37 -100 -54
-100 -48 100 11
-100 0 84 -100
-100 -43 100 1
-52 -100 -100 49
71 -100 -100 8
-100 -98 87 100
-100 -44 100 12
-43 100 -92 -100
-49 -100 -100 38
-100 44 -50 -100
-100 50 -76 -100
100 54 -100 -56
-37 100 -91 -100
100
-55 -100 -100 -29
-98 -100 100 -53
-64 -100 -18 100
-100 -71 63 -100
-100 -43 -22 -100
-100 -7 -58 -100
89 -100 -100 -95
-62 -100 -100 20
-87 -100 72 100
84 -100 -100 -90
-100 -56 35 -100
100 -80 -100 -97
-94 -100 100 51
-100 -58 61 -100
-78 -100 -15 100
-95 -100 100 -43
49 100 -72 -100
-63 -100 -100 15
-31 -100 -100 -32
-73 -100 60 100
1 -100 -100 -55
-92 -100 100 94
-66 -100 -100 59
-39 -100 -100 -18
100 -96 -100 -100
-21 -100 -100 -50
-94 -100 100 9
-72 -100 34 100
-69 -100 -8 100
-100 -14 -62 -100
-100 -14 -60 -100
-88 -100 100 85
-100 -73 89 -100
-97 -100 100 11
-100 -35 -27 -100
-100 99 -68 -100
38 -100 -100 -70
-100 -73 79 -100
62 -100 -100 -66
-100 -4 -62 -100
-100 -96 100 -87
100 -70 -99 -100
-100 -87 68 -100
-100 -15 -48 -100
52 100 -79 -100
-100 47 -65 -100
100 -19 -96 -100
100 85 -79 -100
85 -100 -100 -93
100 -83 -99 -100
66 -100 -100 -86
-92 -100 100 58
-94 -100 100 27
-100 -33 -30 -100
-100 -42 -27 -100
26 100 -72 -100
100 -83 -100 -99
53 -100 -100 -57
-100 49 -66 -100
-100 -44 -19 -100
-84 -100 47 100
-100 -16 -44 -100
100 72 -88 -100
100 13 -96 -100
100 59 -90 -100
-55 -100 -100 4
-100 -76 63 -100
86 -100 -100 -92
23 -100 -100 -48
30 -100 -100 -63
-71 -100 -6 100
-100 -38 4 -100
42 -100 -100 -51
-100 -69 59 -100
-100 -47 -7 -100
-82 -100 89 100
-93 -100 100 75
87 100 -85 -100
-100 13 -60 -100
-70 -100 7 100
34 -100 -100 -49
-52 -100 -100 -29
-54 -100 -100 -10
-68 -100 -100 79
-100 -53 30 -100
-100 -44 17 -100
-89 -100 100 64
100 -93 -100 -94
-80 -100 62 100
-100 -20 -32 -100
-13 -100 -100 -43
-100 -81 83 -100
-67 -100 -100 44
-100 -45 -11 -100
100 -99 -100 -93
-98 -100 100 -33
100 -59 -100 -99
71 -100 -100 -83
-67 -100 -100 77
-51 -100 -100 -13
100
-100 1 100 20
37 -100 100 96
100 51 -100 -15
-100 15 85 -100
100 99 38 -100
-13 100 80 -100
100 90 8 -100
81 -100 -95 100
9 100 69 -100
-100 -1 100 31
-100 3 100 -72
49 -100 15 100
-100 -88 100 66
-53 -100 100 82
100 79 -73 -100
100 61 -100 -49
-47 -100 100 87
5 100 72 -100
100 65 -100 -76
100 -97 -100 13
100 68 -100 -97
40 -100 69 100
-100 46 82 -100
83 -100 -100 27
-100 0 100 21
44 100 62 -100
100 -91 -100 8
100 51 -100 -35
100 44 -100 -33
-100 6 100 -83
100 -93 -100 10
42 -100 47 100
-100 -50 100 64
100 -94 -100 8
-44 -100 100 88
100 71 -100 -98
100 86 -70 -100
72 -100 -17 100
73 -100 4 100
100 41 -100 -3
78 -100 -22 100
-100 -46 100 54
18 100 64 -100
-100 5 100 -83
100 98 34 -100
100 12 -100 4
-87 100 81 -100
1 -100 100 84
-99 100 82 -100
57 100 39 -100
17 -100 100 94
61 100 46 -100
31 -100 100 95
-74 -100 100 76
90 100 36 -100
51 -100 45 100
-71 -100 100 78
-51 100 80 -100
100 42 -100 -24
100 58 -100 -54
74 -100 -44 100
100 94 15 -100
-100 93 92 -100
-100 -2 100 32
99 -100 -100 12
-100 0 100 13
98 100 39 -100
-92 -100 100 77
-18 100 73 -100
100 95 37 -100
-100 -64 100 61
63 -100 23 100
5 -100 100 91
-100 2 100 6
100 23 -100 0
72 -100 -5 100
100 89 1 -100
100 34 -100 -19
13 100 71 -100
100 -52 -100 4
-100 4 100 -11
100 46 -100 -39
100 83 -61 -100
100 45 -100 -27
100 60 -100 -44
100 43 -100 -10
100 73 -87 -100
100 -6 -100 1
-100 62 100 -97
100 63 -100 -56
29 100 50 -100
76 -100 -37 100
66 100 41 -100
-100 72 95 -100
-92 100 91 -100
-100 -71 100 70
-100 10 100 -92
93 -100 -100 85
70 100 40 -100
47 -100 37 100
100
-80 100 100 99
63 -100 -41 100
-100 -52 -3 100
-100 -4 36 100
33 -100 -11 100
-100 -47 14 100
55 -100 -17 100
-100 21 58 100
-46 100 100 -41
35 100 -100 -22
-76 100 100 75
100 -23 -51 100
-100 94 81 100
-4 100 -77 -100
-100 25 61 100
-69 100 100 -6
-100 12 52 100
100 -18 -65 100
-71 -100 -9 100
-100 2 48 100
68 100 -100 32
-100 84 78 100
-100 4 49 100
50 -100 -40 100
100 12 -75 100
-100 -69 3 100
-100 69 72 100
-45 100 100 -69
16 100 -100 -18
-100 53 72 100
-59 -100 -7 100
-100 26 69 100
-14 100 45 -100
100 96 -80 100
91 -100 -42 100
88 100 -100 99
-96 -100 1 100
-30 100 53 -100
-43 100 100 -80
-44 -100 -11 100
49 -100 -17 100
-58 100 100 -23
98 100 -100 86
-49 100 100 -38
-100 67 73 100
-59 100 100 -25
29 100 -100 -8
1 -100 -13 100
-100 -65 7 100
100 79 -79 100
-16 100 39 -100
-41 100 66 -100
-100 -54 10 100
-100 38 70 100
-100 76 80 100
26 100 -100 -45
63 100 -100 20
100 61 -76 100
-100 7 57 100
-66 100 100 10
24 100 -100 -9
-48 100 100 -36
-15 100 35 -100
-100 -58 9 100
100 -63 -45 100
-100 51 69 100
-93 -100 2 100
-75 100 100 71
-72 100 100 -11
100 44 -70 100
67 100 -100 29
-87 100 100 87
34 100 -100 -25
100 76 -79 100
100 -66 -46 100
82 100 -100 94
4 100 -100 -72
-34 -100 -11 100
100 -16 -71 100
-5 100 -44 -100
-100 25 64 100
-100 95 93 100
82 -100 -44 100
71 100 -100 42
-78 100 100 67
-10 100 -24 -100
75 100 -100 64
-100 5 56 100
64 100 -100 23
-72 100 100 -2
-43 100 100 -94
-74 100 100 9
-60 100 100 -31
-100 39 69 100
-29 100 40 -100
-68 100 100 -11
50 100 -100 9
-55 100 100 -17
100 97 -99 100
100 -22 -61 100
100
-17 -100 100 4
95 -100 -100 -72
-57 100 40 -100
82 100 29 -100
-15 -100 100 45
-79 -100 100 -18
100 -14 -52 -100
-72 -100 100 -17
100 -29 -100 -75
84 -100 -100 10
54 -100 -100 50
5 -100 100 47
19 -100 100 72
100 -3 -35 -100
100 51 6 -100
11 -100 100 61
44 100 37 -100
79 -100 -100 45
-66 100 43 -100
86 -100 -100 8
49 -100 -100 61
36 100 38 -100
-73 100 51 -100
100 99 18 -100
100 -83 -100 -35
100 -9 -57 -100
-100 47 72 -100
29 -100 99 100
-2 -100 100 38
48 -100 -67 100
-21 -100 100 12
-6 100 39 -100
100 -77 -89 -100
23 -100 100 100
42 -100 -59 100
100 -38 -100 -60
-53 -100 100 -16
-100 32 82 -100
-100 -21 89 -100
-86 -100 100 -22
-48 100 41 -100
100 -8 -29 -100
31 -100 53 100
-100 -16 100 -90
88 -100 -100 -4
100 -23 -91 -100
68 -100 -100 59
73 -100 -100 46
100 75 16 -100
-6 -100 100 12
-100 -38 100 -54
-100 -32 100 -98
25 -100 93 100
100 -51 -100 -45
100 -18 -85 -100
90 -100 -100 -29
100 -36 -100 -65
-100 46 76 -100
-100 71 55 -100
11 -100 100 66
-100 50 71 -100
-100 -6 89 -100
-22 -100 100 -4
32 -100 40 100
100 37 -13 -100
33 -100 -22 100
100 65 15 -100
-72 100 53 -100
100 -9 -36 -100
-100 38 77 -100
30 -100 65 100
25 -100 100 84
29 -100 60 100
76 100 27 -100
-100 43 79 -100
-100 -51 100 -30
19 -100 100 77
-100 -98 100 -31
-100 -93 100 -28
-100 1 88 -100
100 -96 -100 -34
-27 -100 100 2
8 -100 100 50
100 32 -3 -100
-87 -100 100 -25
100 -52 -100 -47
-39 -100 100 -10
-100 50 61 -100
9 -100 100 53
47 -100 -82 100
-90 100 56 -100
-100 -33 100 -88
72 -100 -100 49
100 48 4 -100
28 -100 98 100
-88 -100 100 -24
44 -100 -71 100
-36 -100 100 -12
100 -55 -100 -43
-8 -100 100 13
100
-42 100 100 83
61 100 -100 0
99 100 -100 4
-96 100 100 87
-35 100 100 25
20 -100 12 100
57 100 -88 -100
100 -9 11 100
-100 -66 60 100
30 100 -13 -100
6 100 100 10
-100 1 71 100
-100 51 100 88
43 100 -59 -100
28 100 -8 -100
-37 -100 38 100
-100 7 100 98
100 86 -68 100
-6 -100 18 100
-29 -100 35 100
100 41 -36 100
-41 100 100 49
100 96 -100 19
-19 100 100 14
-37 100 100 52
100 25 -24 100
8 100 92 -100
-67 100 100 84
-15 100 100 23
5 -100 15 100
27 100 -9 -100
100 80 -43 100
-38 -100 56 100
-33 -100 36 100
-100 75 100 93
-100 -6 69 100
-63 -100 54 100
-60 -100 51 100
-100 -64 65 100
100 56 -63 100
100 -68 -6 100
-10 100 100 18
-58 -100 39 100
-8 100 100 10
100 98 -100 8
12 100 55 -100
0 -100 13 100
57 100 -100 -87
100 88 -98 100
61 100 -100 -60
-11 -100 34 100
-100 66 100 94
100 79 -45 100
-32 100 100 33
27 100 4 -100
95 -100 1 100
-7 -100 17 100
100 95 -100 25
58 100 -100 -65
-100 35 100 94
-100 -19 65 100
100 33 -33 100
10 100 72 -100
33 100 -19 -100
100 83 -52 100
55 100 -100 -96
75 100 -100 22
100 -6 -7 100
100 -26 9 100
100 90 -100 50
5 100 100 -96
66 100 -100 -38
-13 100 100 21
-82 -100 54 100
-39 100 100 52
-10 100 100 17
-40 100 100 77
36 100 -31 -100
-100 -4 78 100
100 90 -100 61
88 -100 13 100
82 100 -100 5
-12 -100 23 100
-16 100 100 28
18 100 0 -100
100 8 -4 100
100 9 3 100
13 100 7 -100
100 91 -100 47
16 100 5 -100
-22 100 100 40
100 85 -55 100
66 100 -100 -44
-100 -41 59 100
100 -72 6 100
-100 90 100 88
53 100 -56 -100
-40 -100 41 100
100 37 -32 100
-60 100 100 86
100
-100 -65 77 -100
-100 -7 -51 -100
-100 -88 100 92
83 100 -71 -100
-100 -81 100 -70
-100 -32 -41 -100
100 51 -100 -87
-56 -100 -92 100
-100 -62 38 -100
-100 -38 14 -100
-100 -66 100 -97
-100 -55 31 -100
-62 -100 -41 100
-100 -95 100 98
-42 -100 -100 -21
-100 82 -52 -100
-100 99 -55 -100
-83 100 -67 -100
-100 -69 100 -59
100 -86 -100 -68
-31 100 -65 -100
-100 -39 16 -100
-100 -37 14 -100
86 100 -80 -100
-47 -100 -100 -20
96 100 -77 -100
-100 -33 -6 -100
52 -100 -100 -64
76 -100 -100 -65
-20 100 -68 -100
-46 -100 -100 20
100 5 -100 -83
-87 -100 91 100
-39 -100 -100 -30
-100 -85 100 12
7 -100 -100 -34
-85 100 -58 -100
22 -100 -100 -41
-59 -100 -44 100
-100 -73 100 -20
15 100 -76 -100
-100 -77 100 -45
-100 -41 23 -100
-100 -82 100 -52
-51 -100 -100 85
-100 -68 100 -83
100 95 -100 -94
20 -100 -100 -40
-100 -23 -41 -100
100 22 -100 -86
-100 -26 -7 -100
-100 21 -50 -100
-100 -35 8 -100
-100 -81 100 -18
-9 100 -69 -100
100 -50 -100 -81
-31 -100 -100 -34
96 100 -94 -100
-100 -57 37 -100
-46 100 -62 -100
-79 -100 29 100
100 -58 -100 -76
-100 88 -57 -100
-3 100 -75 -100
23 100 -77 -100
24 -100 -100 -45
-100 81 -48 -100
11 100 -75 -100
-61 -100 -75 100
-100 -66 100 -96
100 30 -100 -87
-7 100 -68 -100
-84 100 -57 -100
38 -100 -100 -43
100 67 -100 -89
-100 -68 100 -75
-100 -55 29 -100
56 -100 -100 -43
100 78 -97 -100
-21 100 -67 -100
-36 -100 -100 -27
-66 -100 -17 100
-100 94 -52 -100
-51 -100 -100 46
71 -100 -100 -65
65 -100 -100 -60
-91 -100 99 100
-100 -92 100 32
100 31 -100 -88
-91 100 -58 -100
-77 100 -59 -100
-100 13 -48 -100
32 100 -83 -100
100 87 -90 -100
-100 -78 100 -56
40 100 -100 -95
-100 -42 24 -100
100 97 -100 -97
-100 -55 40 -100
-71 -100 0 100
100
-100 -47 50 100
100 -3 -100 12
36 -100 0 100
-100 -35 74 100
100 -91 -24 100
-78 -100 24 100
-73 100 100 -14
100 91 -100 -4
-51 100 100 -80
-9 -100 11 100
55 -100 -22 100
20 100 -72 -100
-100 -6 99 100
31 100 -100 -96
100 7 -100 -3
5 100 33 -100
29 100 -100 -100
-23 -100 13 100
-36 100 100 -86
-100 23 100 -11
35 100 -100 -60
14 100 -57 -100
-60 100 100 -41
-100 -33 84 100
-42 100 100 -58
100 -90 -28 100
-100 -15 98 100
-100 -59 73 100
16 100 -62 -100
51 -100 -11 100
49 -100 -6 100
-66 100 100 -18
64 -100 -27 100
100 -10 -86 100
50 -100 -7 100
8 100 10 -100
-100 17 100 81
38 -100 -2 100
100 -43 -59 100
35 100 -100 -69
6 -100 11 100
-82 100 100 -13
-100 -67 37 100
-57 100 100 -42
-45 100 100 -48
20 100 -64 -100
100 2 -100 55
100 -32 -68 100
35 -100 3 100
-3 100 49 -100
-100 56 100 -4
-75 100 100 -13
-100 -21 88 100
26 100 -99 -100
21 100 -77 -100
15 100 -65 -100
100 -19 -65 100
90 100 -100 -31
56 100 -100 -36
14 100 -39 -100
-100 -63 48 100
-60 100 100 -39
-37 100 100 -72
-23 100 57 -100
-100 -10 97 100
-100 -30 86 100
100 -6 -100 72
100 -90 -32 100
100 19 -100 20
47 100 -100 -52
-12 100 52 -100
-100 -9 100 54
-100 40 100 14
100 100 -100 -11
32 100 -100 -86
5 100 30 -100
94 100 -100 -21
100 -7 -100 85
100 42 -100 4
-72 100 100 -16
100 -85 -42 100
14 100 -51 -100
-1 100 37 -100
-19 100 50 -100
-100 -43 70 100
100 -12 -100 95
100 -40 -62 100
100 20 -100 6
100 96 -100 -9
100 -10 -100 59
-23 100 76 -100
-54 100 100 -51
79 100 -100 -39
100 -43 -53 100
50 100 -100 -48
9 100 1 -100
-34 100 98 -100
-100 -72 34 100
37 100 -100 -53
22 100 -86 -100
5
40 -100 100 -55
20 -100 100 -40
0  -100 100 -25
-20 -100 100 -10
-40 -100 100 5
4
60 -100 100 60
100 60 -60 100
-60 100 -100 -60
-100 -60 60 -100
4
65 -100 100 60
100 65 -60 100
-65 100 -100 -60
-100 -65 60 -100
3
100 80 -100 -20
80 100 -20 -100
20 100 100 20
4
100 50 -100 -50
100 60 -100 -60
100 70 -100 -70
100 80 -100 -80
6
100 80 80 100
100 -80 80 -100
-100 80 -80 100
-100 -80 -80 -100
100 0 -100 0
0 100 0 -100
100
100 -40 -100 -40
30 -100 30 100
100 -39 -100 -39
31 -100 31 100
100 -38 -100 -38
32 -100 32 100
100 -37 -100 -37
33 -100 33 100
100 -36 -100 -36
34 -100 34 100
100 -35 -100 -35
35 -100 35 100
100 -34 -100 -34
36 -100 36 100
100 -33 -100 -33
37 -100 37 100
100 -32 -100 -32
38 -100 38 100
100 -31 -100 -31
39 -100 39 100
100 -30 -100 -30
40 -100 40 100
100 -29 -100 -29
41 -100 41 100
100 -28 -100 -28
42 -100 42 100
100 -27 -100 -27
43 -100 43 100
100 -26 -100 -26
44 -100 44 100
100 -25 -100 -25
45 -100 45 100
100 -24 -100 -24
46 -100 46 100
100 -23 -100 -23
47 -100 47 100
100 -22 -100 -22
48 -100 48 100
100 -21 -100 -21
49 -100 49 100
100 -20 -100 -20
50 -100 50 100
100 -19 -100 -19
51 -100 51 100
100 -18 -100 -18
52 -100 52 100
100 -17 -100 -17
53 -100 53 100
100 -16 -100 -16
54 -100 54 100
100 -15 -100 -15
55 -100 55 100
100 -14 -100 -14
56 -100 56 100
100 -13 -100 -13
57 -100 57 100
100 -12 -100 -12
58 -100 58 100
100 -11 -100 -11
59 -100 59 100
100 -10 -100 -10
60 -100 60 100
100 -9 -100 -9
61 -100 61 100
100 -8 -100 -8
62 -100 62 100
100 -7 -100 -7
63 -100 63 100
100 -6 -100 -6
64 -100 64 100
100 -5 -100 -5
65 -100 65 100
100 -4 -100 -4
66 -100 66 100
100 -3 -100 -3
67 -100 67 100
100 -2 -100 -2
68 -100 68 100
100 -1 -100 -1
69 -100 69 100
100 0 -100 0
70 -100 70 100
100 1 -100 1
71 -100 71 100
100 2 -100 2
72 -100 72 100
100 3 -100 3
73 -100 73 100
100 4 -100 4
74 -100 74 100
100 5 -100 5
75 -100 75 100
100 6 -100 6
76 -100 76 100
100 7 -100 7
77 -100 77 100
100 8 -100 8
78 -100 78 100
100 9 -100 9
79 -100 79 100
100
100 40 81 100
-59 -100 100 55
14 -100 100 67
92 100 100 -20
100 47 -100 -84
48 -100 100 81
-100 22 100 44
100 65 -3 -100
57 -100 94 100
100 -4 83 100
100 69 15 -100
85 100 100 -16
40 -100 100 75
-15 100 100 19
100 62 -8 -100
-26 -100 100 53
100 42 -61 100
100 -97 90 100
-42 -100 100 58
100 50 -63 -100
-100 8 100 46
100 -14 84 100
100 49 -79 -100
50 -100 100 92
100 11 31 100
-34 100 100 22
100 32 -55 100
100 -49 86 100
100 -53 94 100
100 80 43 -100
100 70 39 -100
100 8 65 100
0 100 100 18
100 48 -83 -100
93 -100 100 95
-100 92 100 42
95 -100 93 100
-81 100 100 43
100 2 77 100
-49 -100 100 60
-100 48 100 44
70 100 100 0
13 100 100 16
100 81 49 -100
88 100 100 -90
100 47 -100 -51
-36 -100 100 64
100 90 43 -100
100 31 -57 100
84 100 100 -11
45 100 100 3
-100 82 100 41
100 25 -54 100
100 29 -42 100
100 72 22 -100
100 45 -100 10
34 100 100 13
100 77 42 -100
100 7 41 100
71 -100 98 100
100 43 -100 70
67 100 100 0
-55 -100 100 57
100 94 49 -100
-62 -100 100 51
-49 100 100 30
-100 -94 100 50
-100 -57 100 49
100 34 -99 100
100 -8 81 100
49 100 100 10
94 100 87 -100
100 14 -15 100
42 -100 100 70
93 -100 94 100
-23 -100 100 64
64 100 100 4
100 23 -31 100
17 -100 100 69
54 -100 100 87
-100 78 100 43
100 96 71 -100
64 -100 100 83
48 100 100 3
84 -100 100 98
-40 100 100 26
100 -53 90 100
-43 100 100 20
52 -100 100 86
100 40 -50 100
100 37 -77 100
78 100 100 -4
100 43 -100 65
100 73 28 -100
100 10 32 100
-41 100 100 22
96 100 82 -100
-45 -100 100 61
100 47 -100 -5
63 100 100 9
100
100 -4 -100 -31
100 86 50 -100
-100 -8 100 -19
100 -95 -100 58
100 100 88 -100
100 -28 -100 19
-100 -91 100 21
-15 -100 100 63
100 60 -44 -100
-14 -100 100 79
-98 100 100 -98
100 29 -69 -100
100 -89 -100 27
53 -100 -59 100
-100 -70 100 11
90 -100 -79 100
-100 -13 100 -8
-58 -100 100 34
100 10 -100 -53
100 -94 -100 31
-100 20 100 -81
-100 -77 100 12
-100 -48 100 9
100 -98 -100 76
-100 36 100 -93
9 -100 100 83
100 -20 -100 12
100 24 -96 -100
3 -100 100 81
-55 -100 100 56
-90 100 93 -100
-100 16 100 -23
-52 -100 100 54
30 100 51 -100
100 -38 -100 17
78 -100 -63 100
-91 -100 100 49
-74 100 89 -100
100 -2 -100 -45
-26 100 70 -100
100 88 52 -100
-33 -100 100 71
-100 -83 100 18
-100 19 100 -79
-100 25 100 -82
100 16 -100 -88
100 13 -100 -85
100 15 -100 -81
-100 -22 100 -6
-100 17 100 -24
-66 -100 100 39
-100 89 100 -97
-92 -100 100 31
100 84 35 -100
-100 98 100 -99
100 -5 -100 -9
-3 -100 100 79
62 -100 100 93
100 78 -28 -100
63 -100 74 100
100 66 -29 -100
-83 100 99 -100
100 -13 -100 -6
-57 -100 100 52
-28 -100 100 77
26 -100 100 82
100 -96 -100 48
-100 -61 100 2
83 -100 -68 100
100 27 -100 -99
64 -100 -11 100
100 -96 -100 59
100 -91 -100 54
-100 23 100 -57
76 -100 -63 100
-100 24 100 -82
-49 -100 100 61
98 -100 -91 100
-100 18 100 -44
-100 -30 100 -2
100 38 -86 -100
100 7 -100 -31
100 73 -42 -100
-100 61 100 -95
-91 -100 100 33
-65 100 79 -100
100 80 10 -100
100 76 -41 -100
-100 -91 100 19
100 -86 -100 32
-100 76 100 -96
66 -100 25 100
-50 -100 100 64
-17 100 67 -100
47 -100 45 100
100 -9 -100 -18
-100 7 100 -19
100 78 -25 -100
-85 100 91 -100
-100 0 100 -9
100
-52 -100 95 100
89 -100 -100 20
-12 -100 63 100
78 -100 -100 24
82 100 -25 -100
-100 -45 100 11
100 21 -77 -100
11 100 37 -100
-52 100 47 -100
-100 7 100 -46
100 73 -62 -100
-91 -100 100 20
57 100 5 -100
49 -100 -100 99
100 -13 -100 -31
100 -78 -100 11
50 -100 -100 42
-63 -100 100 31
100 -63 -100 10
22 -100 22 100
-100 -15 100 -33
100 25 -72 -100
20 -100 50 100
4 100 44 -100
100 8 -92 -100
-10 -100 72 100
-100 -28 100 -31
100 -37 -100 2
-99 -100 100 -9
-100 55 68 -100
-100 15 88 -100
-70 -100 100 28
90 100 -44 -100
54 -100 -100 87
-55 -100 100 100
-100 -13 100 -34
-100 30 57 -100
100 -10 -100 -61
-56 -100 100 78
3 100 42 -100
-100 35 72 -100
100 7 -100 -91
44 -100 0 100
29 100 27 -100
87 100 -20 -100
-100 1 100 -50
46 -100 -28 100
-61 -100 100 65
-52 -100 91 100
100 12 -92 -100
87 100 -35 -100
11 -100 55 100
13 -100 30 100
-100 37 70 -100
73 100 -12 -100
100 -35 -100 -5
60 100 3 -100
88 100 -26 -100
8 -100 55 100
-7 -100 70 100
48 100 21 -100
-67 -100 100 59
100 -14 -100 -25
100 4 -100 -74
100 -32 -100 -19
-7 -100 61 100
84 -100 -100 27
47 -100 -80 100
100 -15 -100 -18
100 63 -60 -100
100 79 -58 -100
-100 -70 100 -9
-12 100 45 -100
-100 -99 100 15
76 100 -18 -100
85 -100 -100 15
-71 -100 100 44
100 -33 -100 -6
-100 3 100 -39
100 -89 -100 15
30 -100 19 100
71 100 -14 -100
-100 -51 100 -11
100 -40 -100 6
100 -34 -100 -14
-16 -100 76 100
61 -100 -100 64
85 100 -26 -100
100 -94 -100 12
100 18 -88 -100
-100 14 100 -89
-100 -2 100 -35
48 -100 -97 100
14 100 31 -100
5 100 37 -100
100 -13 -100 -36
93 100 -57 -100
57 100 4 -100
46 -100 -72 100
19 100 28 -100
100
-100 41 -6 -100
41 -100 -100 17
-79 -100 -35 100
-100 73 -51 -100
-100 -54 -33 100
-100 15 100 -43
49 100 -100 -30
-53 -100 -100 82
69 100 -100 -20
-100 -41 31 100
-12 -100 -100 51
-100 10 100 68
24 -100 -100 20
94 100 -100 -5
-13 100 -100 -48
-100 24 -5 -100
100 89 -100 2
55 100 -100 -23
-56 -100 -79 100
-63 100 -69 -100
-100 -52 0 100
-100 13 100 -22
100 -10 -100 8
-100 -97 -23 100
-26 -100 -100 65
-70 -100 -46 100
-67 -100 -81 100
82 100 -100 -20
-100 -1 100 93
-100 -26 51 100
37 100 -100 -37
46 100 -100 -34
-86 -100 -39 100
-60 -100 -92 100
100 -80 -100 18
-58 -100 -100 93
92 100 -100 -18
-100 92 -54 -100
7 -100 -100 24
-100 75 -49 -100
-68 100 -62 -100
100 -36 -100 14
-100 68 -18 -100
-100 -12 85 100
-100 -21 58 100
1 100 -100 -38
-14 100 -100 -67
-61 -100 -78 100
-32 -100 -100 39
-100 -89 -22 100
-59 -100 -95 100
-2 100 -100 -52
-100 -22 59 100
-100 16 61 -100
100 -12 -100 13
-25 100 -90 -100
-100 -76 -19 100
100 98 -100 -17
49 -100 -100 22
100 -7 -100 7
100 -97 -100 20
-100 48 -47 -100
-9 100 -100 -63
-100 26 0 -100
93 100 -100 -16
-100 19 55 -100
-100 5 100 46
-42 100 -74 -100
-80 -100 -54 100
-100 24 8 -100
-73 100 -61 -100
79 100 -100 -19
-100 22 22 -100
42 100 -100 -30
-100 -20 78 100
100 37 -100 11
20 100 -100 -34
-54 -100 -100 89
-85 -100 -51 100
-100 6 100 41
-90 -100 -31 100
-11 -100 -100 49
-100 -45 15 100
-58 -100 -100 100
100 -52 -100 13
100 33 -100 6
-90 -100 -24 100
-100 91 -60 -100
-41 -100 -100 71
-56 -100 -100 84
-100 21 32 -100
-100 -59 -10 100
-15 -100 -100 59
57 100 -100 -24
-100 -27 45 100
-84 -100 -38 100
-100 77 -43 -100
-37 -100 -100 69
100 99 -100 -4
-100 4 100 81
100
-100 72 -35 -100
-94 100 -100 -81
-100 -6 100 10
36 100 -100 -62
10 -100 -100 32
100 74 -100 -38
-100 -54 100 83
55 -100 -100 1
47 -100 -100 25
100 -86 -100 -4
100 52 -100 -14
-85 -100 -100 82
-100 -77 11 100
-100 36 -27 -100
-100 -76 17 100
-45 100 -100 -78
-100 -1 100 -95
-100 -10 100 18
-100 -5 100 -53
-100 -93 -52 100
-100 88 -91 -100
-100 -26 100 55
-64 -100 -100 57
-100 55 -5 -100
100 29 -100 -20
-80 -100 -100 78
100 22 -100 -17
-100 80 -84 -100
-100 -61 81 100
50 -100 -100 9
100 79 -100 -49
-100 34 6 -100
98 100 -100 -57
-100 -73 26 100
-100 15 39 -100
100 18 -100 -13
-100 33 11 -100
-79 -100 -100 70
90 100 -100 -58
-100 -85 -98 100
-100 90 -97 -100
-100 56 -31 -100
-100 -63 38 100
100 -13 -100 -6
-100 46 -3 -100
-100 30 21 -100
-100 -52 100 78
79 -100 -100 -2
59 -100 -100 5
100 57 -100 -29
-100 -79 -64 100
-100 10 43 -100
-100 -36 100 72
30 -100 -100 18
77 100 -100 -59
-100 -81 -60 100
100 34 -100 -17
-100 -62 45 100
-100 2 63 -100
-4 -100 -100 53
-100 73 -67 -100
-100 -14 100 29
-58 -100 -100 66
-100 -61 49 100
100 -30 -100 -5
29 100 -100 -68
-100 74 -60 -100
-100 -95 -99 100
-100 77 -70 -100
-100 -9 100 -32
12 -100 -100 32
100 -70 -100 1
-100 38 -3 -100
-95 -100 -100 98
-100 -40 100 68
-100 -2 100 -84
100 -75 -100 -5
23 100 -100 -68
-100 -1 100 -93
-100 -98 -93 100
-100 -94 -70 100
88 100 -100 -56
-100 -59 54 100
42 -100 -100 10
-100 -79 -32 100
-100 54 -39 -100
-100 -24 100 37
16 -100 -100 23
-100 6 48 -100
-55 -100 -100 60
-100 26 13 -100
100 34 -100 -21
100 94 -100 -42
-100 -78 -23 100
-100 -70 18 100
-63 -100 -100 76
-100 -12 100 24
100 52 -100 -25
-100 -65 32 100
-56 -100 -100 67
100
-38 100 100 28
-18 -100 100 97
100 26 -16 100
100 92 -100 61
100 -38 4 100
47 100 53 -100
45 100 65 -100
-5 -100 73 100
100 57 -100 94
43 -100 55 100
100 -90 42 100
-100 95 100 47
100 5 2 100
64 100 26 -100
-47 100 100 43
100 81 -100 64
-100 81 100 76
100 -77 25 100
100 77 -100 74
84 100 -7 -100
-13 100 100 23
-100 5 100 94
92 100 -72 -100
-10 100 100 6
100 36 -44 100
-70 100 100 48
-13 -100 86 100
100 -48 6 100
-44 100 100 40
19 -100 65 100
100 96 -87 -100
100 50 -91 100
-11 100 100 8
84 -100 39 100
-100 86 100 56
54 100 50 -100
100 -4 14 100
0 100 100 -2
100 84 -100 59
100 95 -100 -76
54 -100 50 100
-60 100 100 44
100 65 -100 86
30 100 88 -100
78 100 7 -100
100 52 -100 90
100 -40 8 100
88 100 -9 -100
34 -100 58 100
100 81 -100 63
66 100 13 -100
41 100 79 -100
-100 81 100 72
100 1 4 100
-26 -100 89 100
90 100 -100 -18
100 -58 31 100
14 -100 68 100
21 -100 62 100
100 31 -43 100
-81 -100 100 99
100 86 -100 -68
8 -100 82 100
100 74 -100 84
19 100 100 -71
100 82 -100 11
100 -69 16 100
33 100 90 -100
100 70 -100 83
100 19 -12 100
100 -54 10 100
-14 -100 90 100
-8 100 100 6
-100 84 100 63
-89 -100 100 95
100 51 -100 96
100 37 -48 100
53 100 35 -100
95 100 -80 -100
-74 100 100 45
81 100 0 -100
-20 100 100 26
100 -66 10 100
64 -100 49 100
-100 67 100 77
100 -100 28 100
-12 100 100 16
15 100 100 -66
34 -100 56 100
35 -100 55 100
-6 -100 82 100
100 -46 9 100
100 43 -49 100
100 56 -100 95
-32 100 100 28
100 89 -100 -75
-100 92 100 53
100 7 -8 100
100 96 -100 -77
32 100 100 -87
100
100 13 -53 100
-76 -100 -26 100
100 81 -100 75
-100 -91 33 100
-100 -28 73 100
36 100 -100 -52
-35 100 47 -100
97 100 -100 -4
-84 -100 -24 100
-100 97 100 55
-100 -93 2 100
-44 100 100 -88
100 100 -100 24
-100 44 100 74
100 -52 -47 100
66 -100 -40 100
-100 -35 66 100
-43 100 72 -100
-100 89 100 62
100 91 -100 33
100 40 -96 100
-69 -100 -34 100
-31 100 -26 -100
100 -2 -63 100
100 -42 -48 100
53 -100 -39 100
100 -30 -52 100
90 100 -100 -32
-73 100 100 31
45 100 -100 -43
85 100 -100 -15
-100 -9 95 100
-100 97 100 43
-86 100 100 45
-87 -100 -19 100
-100 -39 56 100
27 100 -100 -100
100 18 -65 100
-93 -100 -4 100
-70 100 100 29
98 100 -100 9
100 38 -92 100
29 100 -100 -92
34 100 -100 -76
-100 -33 69 100
44 100 -100 -44
100 92 -100 30
-97 -100 -5 100
100 19 -57 100
-100 -35 70 100
22 100 -97 -100
-100 15 100 99
-43 100 71 -100
91 -100 -45 100
100 68 -100 48
100 64 -100 52
80 100 -100 -32
-72 -100 -33 100
-100 35 100 76
-91 -100 -11 100
3 100 -95 -100
-73 -100 -21 100
39 100 -100 -73
-84 100 100 22
35 100 -100 -87
-45 100 100 -55
-55 100 100 16
-100 57 100 46
81 -100 -43 100
-35 100 37 -100
-100 -4 96 100
-50 100 100 -5
100 21 -70 100
-100 84 100 63
21 100 -100 -90
95 100 -100 -24
100 51 -100 98
100 32 -73 100
-97 -100 -1 100
-14 -100 -37 100
98 -100 -46 100
-100 35 100 85
-100 32 100 94
100 -6 -54 100
-100 -63 39 100
63 -100 -37 100
-100 -50 54 100
99 100 -100 4
68 100 -100 -34
-100 -68 35 100
100 13 -67 100
-100 -39 59 100
-100 -53 40 100
-27 100 -67 -100
100 -37 -50 100
-92 -100 -19 100
-100 -65 46 100
-91 -100 -21 100
-100 96 100 65
100 -32 -51 100
100
-100 95 100 -78
100 -60 -100 38
-100 -57 -50 100
75 100 -100 37
15 100 -100 -44
-52 100 -100 -71
-93 100 -51 -100
39 100 -100 17
-96 100 -17 -100
-100 -3 24 100
60 100 -100 18
-97 100 -10 -100
-100 58 41 -100
-100 -55 -44 100
-99 -100 -73 100
-100 -93 -71 100
-98 100 32 -100
-90 100 -65 -100
-43 100 -100 -53
-82 100 -83 -100
-100 -14 20 100
100 -67 -100 47
-100 -99 -71 100
100 -73 -100 46
-100 34 100 89
100 -74 -100 55
-70 100 -100 -82
-36 100 -100 -39
11 100 -100 -46
-70 -100 -84 100
-100 -78 -56 100
-100 33 90 100
-89 -100 -79 100
32 100 -100 0
36 100 -100 13
28 100 -100 -2
-94 100 -47 -100
17 100 -100 -15
-100 38 100 13
50 100 -100 15
-71 -100 -87 100
63 100 -100 33
-100 49 100 -74
-76 100 -96 -100
-100 28 62 100
1 100 -100 -50
-100 30 69 100
-48 100 -100 -64
100 -86 -100 81
100 38 -100 40
100 -93 -100 98
-77 100 -100 -94
41 -100 -99 100
-100 37 100 69
100 -92 -100 83
-60 100 -100 -85
-100 43 100 -38
100 -82 -100 54
33 100 -100 5
-10 100 -100 -30
-26 -100 -94 100
-100 100 88 -100
100 80 -100 36
-100 14 59 100
10 100 -100 -28
-100 -4 22 100
100 22 -100 41
-100 10 40 100
-13 -100 -95 100
33 -100 -100 99
-77 100 -89 -100
-100 52 100 -75
-100 -29 16 100
-100 -87 -68 100
-56 -100 -87 100
100 -25 -100 42
-13 100 -100 -53
38 100 -100 11
-100 41 100 -9
34 100 -100 8
-76 -100 -84 100
100 -83 -100 96
100 -92 -100 56
-100 -25 7 100
14 -100 -95 100
100 -96 -100 90
-80 -100 -86 100
-100 48 100 -70
-61 100 -100 -84
-100 35 100 45
-96 100 -47 -100
-100 -55 -39 100
100 11 -100 39
-99 -100 -75 100
-100 -60 -54 100
13 -100 -97 100
-100 27 62 100
-100 -7 20 100
-100 -51 -16 100
-98 100 35 -100
5
20 -100 100 -40
0  -100 100 -25
-20 -100 100 -10
-40 -100 100 5
-60 -100 100 20
4
50 -100 100 50
100 50 -50 100
-50 100 -100 -50
-100 -50 50 -100
4
55 -100 100 50
100 55 -50 100
-55 100 -100 -50
-100 -55 50 -100
3
100 37 -100 17
37 100 17 -100
-40 100 100 -40
4
100 40 -100 -40
100 50 -100 -50
100 60 -100 -60
100 70 -100 -70
6
100 50 50 100
100 -50 50 -100
-100 50 -50 100
-100 -50 -50 -100
100 0 -100 0
0 100 0 -100
100
100 -20 -100 -20
10 -100 10 100
100 -19 -100 -19
11 -100 11 100
100 -18 -100 -18
12 -100 12 100
100 -17 -100 -17
13 -100 13 100
100 -16 -100 -16
14 -100 14 100
100 -15 -100 -15
15 -100 15 100
100 -14 -100 -14
16 -100 16 100
100 -13 -100 -13
17 -100 17 100
100 -12 -100 -12
18 -100 18 100
100 -11 -100 -11
19 -100 19 100
100 -10 -100 -10
20 -100 20 100
100 -9 -100 -9
21 -100 21 100
100 -8 -100 -8
22 -100 22 100
100 -7 -100 -7
23 -100 23 100
100 -6 -100 -6
24 -100 24 100
100 -5 -100 -5
25 -100 25 100
100 -4 -100 -4
26 -100 26 100
100 -3 -100 -3
27 -100 27 100
100 -2 -100 -2
28 -100 28 100
100 -1 -100 -1
29 -100 29 100
100 0 -100 0
30 -100 30 100
100 1 -100 1
31 -100 31 100
100 2 -100 2
32 -100 32 100
100 3 -100 3
33 -100 33 100
100 4 -100 4
34 -100 34 100
100 5 -100 5
35 -100 35 100
100 6 -100 6
36 -100 36 100
100 7 -100 7
37 -100 37 100
100 8 -100 8
38 -100 38 100
100 9 -100 9
39 -100 39 100
100 10 -100 10
40 -100 40 100
100 11 -100 11
41 -100 41 100
100 12 -100 12
42 -100 42 100
100 13 -100 13
43 -100 43 100
100 14 -100 14
44 -100 44 100
100 15 -100 15
45 -100 45 100
100 16 -100 16
46 -100 46 100
100 17 -100 17
47 -100 47 100
100 18 -100 18
48 -100 48 100
100 19 -100 19
49 -100 49 100
100 20 -100 20
50 -100 50 100
100 21 -100 21
51 -100 51 100
100 22 -100 22
52 -100 52 100
100 23 -100 23
53 -100 53 100
100 24 -100 24
54 -100 54 100
100 25 -100 25
55 -100 55 100
100 26 -100 26
56 -100 56 100
100 27 -100 27
57 -100 57 100
100 28 -100 28
58 -100 58 100
100 29 -100 29
59 -100 59 100
100
100 48 -100 58
-100 -83 -73 100
-71 100 -100 -30
100 -8 -100 61
100 -93 -94 100
-100 -24 70 100
-100 34 100 58
-90 100 -73 -100
85 100 -100 -11
-100 -29 40 100
100 -74 -100 63
100 97 -100 11
100 -88 -97 100
-91 100 -23 -100
27 100 -100 -62
-82 100 -86 -100
100 -10 -100 72
-100 28 100 86
-100 1 90 100
100 76 -100 15
-87 100 -58 -100
31 100 -100 -50
-100 -63 -51 100
-82 -100 -84 100
-92 100 -10 -100
-100 -6 88 100
-100 46 100 1
100 -19 -100 75
98 100 -100 4
100 37 -100 60
-100 -68 -53 100
100 65 -100 18
100 -52 -100 86
89 100 -100 -3
100 -86 -100 87
-100 -98 -76 100
-100 -14 48 100
100 74 -100 12
100 -49 -100 79
-100 -78 -68 100
-100 62 100 -13
77 100 -100 -13
-80 100 -92 -100
100 72 -100 25
-93 100 42 -100
100 80 -100 11
-81 -100 -85 100
-79 100 -100 -82
-100 98 100 -87
71 100 -100 -14
100 48 -100 56
-13 100 -100 -54
100 59 -100 39
-91 100 -6 -100
54 100 -100 -15
100 92 -100 13
91 100 -100 11
100 -25 -100 80
100 57 -100 56
100 61 -100 31
-92 100 8 -100
100 49 -100 55
-100 29 100 63
32 100 -100 -30
-81 100 -84 -100
-91 100 -55 -100
100 -82 -100 80
-95 100 44 -100
-78 -100 -88 100
-24 100 -100 -55
12 100 -100 -52
-75 100 -100 -92
100 -63 -100 93
-100 37 100 57
-100 -4 87 100
90 100 -100 3
-100 -14 58 100
-54 100 -100 -63
-100 -62 -35 100
-100 -60 -27 100
-78 -100 -86 100
100 -10 -100 62
-100 7 100 93
-85 100 -70 -100
29 100 -100 -41
-100 -81 -72 100
100 -5 -100 60
-56 100 -100 -69
6 100 -100 -51
-100 -70 -62 100
-66 100 -100 -78
-100 75 100 -38
-24 -100 -89 100
41 100 -100 -18
-100 94 100 -77
43 -100 -97 100
-100 -55 -23 100
-100 41 100 57
-20 100 -100 -59
-100 -8 83 100
100
100 -45 91 100
-56 -100 100 -39
100 76 61 -100
100 -22 9 -100
100 -37 -41 -100
100 -44 -100 55
51 -100 100 -14
-8 -100 100 -25
-100 -85 100 -43
-91 100 99 -100
100 83 95 -100
100 -57 -100 64
-38 -100 100 -34
-28 -100 100 -30
100 60 31 -100
100 -42 -100 -67
100 81 67 -100
100 -18 21 -100
100 69 56 -100
95 -100 98 100
100 36 23 -100
-100 77 100 -71
-88 -100 100 -40
37 100 96 -100
-100 79 100 -93
100 4 16 -100
100 -98 -95 100
22 -100 100 37
100 -33 -24 -100
97 -100 -71 100
-100 23 100 -42
87 -100 100 71
72 -100 100 88
0 -100 100 -27
90 -100 100 98
100 51 62 -100
100 -73 -100 57
100 28 19 -100
-100 82 100 -77
100 51 30 -100
-100 36 100 -49
100 -41 -100 -97
-100 -87 100 -41
-100 25 100 -45
-6 -100 100 -30
-96 -100 100 -39
97 -100 -44 100
100 45 45 -100
93 -100 92 100
98 -100 -1 100
-100 55 100 -70
-49 100 99 -100
-100 21 100 -43
-100 93 100 -99
8 -100 100 -7
100 -19 4 -100
100 -35 -84 -100
88 -100 100 100
100 73 63 -100
100 -11 14 -100
-4 -100 100 -20
69 -100 100 74
-100 92 100 -80
-91 -100 100 -37
36 -100 100 67
-35 -100 100 -31
100 -52 -100 59
100 -58 -100 70
-45 -100 100 -35
100 -41 -100 -88
97 -100 32 100
24 -100 100 18
-10 -100 100 -27
100 86 88 -100
51 -100 100 69
100 -89 -100 80
100 -90 -100 100
100 -22 1 -100
-100 -18 100 -49
47 -100 100 58
15 -100 100 -15
-100 -53 100 -46
83 -100 100 83
21 -100 100 7
100 8 17 -100
-100 73 100 -62
15 -100 100 0
100 57 43 -100
100 -90 -100 99
-51 -100 100 -38
-100 42 100 -48
96 -100 91 100
94 -100 79 100
78 -100 100 97
37 -100 100 66
100 -28 -8 -100
100 -43 -100 -63
22 -100 100 22
-100 84 100 -74
-100 -74 100 -43
100
22 -100 100 -41
76 -100 19 100
-100 -33 99 -100
61 -100 100 62
79 -100 -84 100
51 -100 100 15
100 -36 49 -100
81 -100 -100 15
-100 -34 100 -89
-73 -100 100 -87
-39 -100 100 -43
83 -100 -100 -14
-58 -100 100 -45
100 -76 -66 -100
-100 -20 86 -100
100 19 52 -100
80 -100 -100 89
100 -32 50 -100
79 -100 -18 100
67 -100 66 100
82 -100 -100 -6
100 -98 -100 -47
100 -37 4 -100
100 -82 -66 -100
-40 -100 100 -53
100 -31 45 -100
-43 -100 100 -55
-47 -100 100 -58
-100 -75 100 -97
-100 62 81 -100
100 -88 -97 -100
78 -100 100 71
100 -2 60 -100
100 -71 -50 -100
43 -100 100 -38
100 28 66 -100
91 -100 -100 -26
-100 -80 100 -88
100 67 66 -100
100 -72 -55 -100
100 -80 -64 -100
59 -100 100 -15
100 91 68 -100
80 -100 -100 20
42 100 78 -100
-12 -100 100 -49
100 -28 50 -100
44 100 72 -100
100 62 64 -100
79 -100 -22 100
-100 -31 85 -100
-1 -100 100 -44
100 -94 -100 -95
100 59 63 -100
100 -43 -7 -100
-100 -25 98 -100
100 -81 -64 -100
100 -40 30 -100
100 -86 -77 -100
67 -100 83 100
-100 13 84 -100
100 -77 -75 -100
95 -100 -100 -42
-100 -50 100 -92
-100 -19 94 -100
46 -100 100 -29
47 -100 100 -17
76 -100 26 100
100 -86 -78 -100
-100 -36 100 -99
61 -100 100 51
-77 -100 100 -83
100 55 62 -100
100 32 58 -100
-100 10 84 -100
41 100 74 -100
100 -23 52 -100
100 -49 -17 -100
93 -100 -100 -24
100 -83 -76 -100
-100 -14 89 -100
-44 -100 100 -57
100 61 64 -100
100 27 61 -100
-54 -100 100 -72
100 63 64 -100
-100 -67 100 -88
38 -100 100 -42
100 -73 -65 -100
69 -100 64 100
100 -63 -55 -100
-68 -100 100 -82
100 -96 -100 -77
100 -54 -42 -100
-52 100 83 -100
-93 -100 100 -85
-13 -100 100 -70
-15 -100 100 -44
-51 -100 100 -61
-45 100 83 -100
100
36 -100 100 -25
-100 35 100 -42
100 -94 -8 100
100 -86 -57 100
18 100 67 -100
100 -31 -100 -93
-98 100 100 -80
57 100 60 -100
-100 100 100 -50
94 -100 -6 100
84 100 -2 -100
-16 100 100 -88
54 -100 76 100
-44 -100 85 100
-99 -100 100 -28
-100 31 100 -37
100 -32 -100 16
-73 100 100 -73
100 -34 -100 30
-100 28 100 -37
-74 -100 100 80
-100 42 100 -45
87 -100 -4 100
-3 100 69 -100
-95 -100 100 12
-100 82 100 -57
20 100 56 -100
78 100 43 -100
100 -85 -45 100
-7 100 98 -100
71 100 56 -100
93 100 -54 -100
100 90 -69 -100
100 -65 -100 99
-100 -47 100 -30
-100 -98 100 -4
-100 86 100 -48
100 21 -81 -100
-86 100 100 -58
100 -90 -35 100
100 -33 -100 25
-100 45 100 -43
100 -43 -100 37
85 -100 16 100
-9 100 100 -96
-63 100 100 -80
100 -66 -99 100
-75 100 100 -82
-100 31 100 -41
100 -46 -100 57
-77 -100 100 28
100 -95 -31 100
-100 -45 100 -31
-100 -48 100 -29
100 -83 -40 100
80 100 -27 -100
55 -100 72 100
-100 71 100 -49
100 -97 -8 100
11 100 62 -100
-80 -100 100 18
83 -100 8 100
100 99 -71 -100
-96 -100 100 -26
-96 -100 100 10
100 -43 -100 57
76 100 22 -100
100 94 -72 -100
62 100 58 -100
100 17 -88 -100
-61 -100 94 100
100 -10 -97 -100
93 100 -58 -100
100 51 -76 -100
-82 100 100 -67
98 -100 -4 100
42 -100 81 100
-58 -100 97 100
-100 -49 100 -28
100 91 -62 -100
-99 100 100 -51
100 11 -92 -100
100 -97 -9 100
84 100 -14 -100
-7 100 96 -100
-25 -100 86 100
-33 -100 93 100
100 62 -77 -100
100 -60 -100 92
-87 -100 100 16
-75 100 100 -68
-73 -100 100 59
-48 -100 90 100
66 100 45 -100
-76 -100 100 44
-94 -100 100 10
0 100 92 -100
-100 16 100 -33
100 5 -99 -100
-100 -67 100 -25
100
-100 -24 -90 -100
100 86 -100 -80
-100 -48 -33 -100
-93 -100 -8 100
-100 -95 100 89
100 9 -100 -62
-100 -71 100 39
-100 -64 100 69
-100 -25 -85 -100
-49 -100 -100 -38
-24 100 -91 -100
-100 -58 5 -100
-100 75 -92 -100
100 -59 -100 -55
77 -100 -100 -49
-100 36 -90 -100
100 -7 -100 -62
-96 100 -100 -100
100 -43 -100 -57
-100 -52 100 -79
-100 -39 -70 -100
-15 -100 -100 -39
-100 -97 65 100
100 34 -100 -70
62 100 -100 -99
-100 -29 -80 -100
-100 -84 71 100
-100 33 -88 -100
100 -8 -100 -57
-100 14 -87 -100
100 46 -100 -76
-100 -53 92 -100
100 31 -100 -68
-100 -100 23 100
-100 -30 -64 -100
-100 -47 -12 -100
100 41 -100 -82
-100 -74 100 70
39 100 -100 -99
-100 -25 -71 -100
-41 -100 -100 -35
-100 -97 44 100
-100 -32 -58 -100
75 100 -100 -81
-100 -71 100 36
-100 -42 -51 -100
100 2 -100 -62
33 -100 -100 -50
-97 -100 -94 100
90 100 -100 -80
-83 -100 -100 -12
43 100 -95 -100
-100 100 -89 -100
-100 -50 2 -100
-100 -86 100 81
-100 -42 -21 -100
71 100 -100 -96
-100 -58 100 -15
-100 60 -90 -100
-100 -43 -41 -100
-100 4 -78 -100
-100 28 -86 -100
-5 100 -98 -100
-94 -100 -100 100
100 -71 -100 -56
23 -100 -100 -50
85 100 -100 -85
-100 -55 100 -55
-99 -100 -48 100
-100 -70 100 15
-100 -96 70 100
-100 -98 42 100
-100 -34 -41 -100
46 100 -100 -98
-100 -43 -30 -100
100 11 -100 -63
100 98 -100 -90
-100 26 -85 -100
-75 -100 -100 -25
-91 -100 -100 84
9 -100 -100 -50
-100 -56 100 -32
-95 -100 4 100
100 35 -100 -64
91 -100 -100 -51
-89 -100 -100 34
-100 62 -92 -100
-2 -100 -100 -44
-100 16 -74 -100
-100 -94 93 100
-61 100 -94 -100
-100 -83 100 96
100 84 -100 -78
100 -65 -100 -55
-100 -74 100 37
-100 -35 -54 -100
-100 -34 -63 -100
100 -27 -100 -59
100 21 -100 -66
-100 -96 68 100
100
100 3 76 -100
100 -72 64 -100
-14 100 97 -100
68 -100 100 -12
-100 42 100 -88
-15 100 100 -96
100 -79 -100 9
80 -100 100 38
8 100 90 -100
-91 -100 100 -77
100 32 77 -100
17 100 84 -100
-79 -100 100 -77
100 -78 -100 -89
-4 -100 100 -41
-39 -100 100 -76
89 -100 -9 100
100 2 71 -100
-35 -100 100 -28
100 -89 -29 100
100 -74 -36 -100
85 -100 84 100
100 -84 -49 100
41 100 86 -100
-100 -77 100 -79
100 -95 -27 100
5 100 94 -100
100 77 80 -100
100 -83 -100 -63
100 11 72 -100
-100 45 100 -82
100 -27 26 -100
79 -100 100 98
100 -88 -67 100
-100 -27 100 -81
100 -90 -42 100
86 -100 72 100
-7 -100 100 -49
100 -17 44 -100
100 -18 12 -100
-38 -100 100 -59
100 -45 -6 -100
-6 100 100 -99
65 -100 100 -17
94 -100 -4 100
100 -79 -100 -85
36 100 81 -100
-36 -100 100 -73
-100 -40 100 -80
67 -100 100 0
100 -87 -90 100
-100 27 100 -81
5 100 90 -100
-100 53 100 -82
-13 -100 100 -58
100 -21 9 -100
100 -95 -35 100
100 -89 -49 100
-100 -66 100 -80
100 -74 -64 -100
1 -100 100 -33
-19 -100 100 -51
100 -14 27 -100
100 -18 10 -100
100 -4 52 -100
82 -100 100 100
48 -100 100 -8
100 -85 -90 100
76 -100 100 54
100 -82 -100 68
100 26 78 -100
-36 -100 100 -51
100 7 74 -100
100 -53 -78 -100
-15 100 100 -97
97 -100 -3 100
100 -5 66 -100
40 -100 100 -15
100 21 73 -100
-9 -100 100 -46
-26 100 100 -100
100 95 81 -100
82 -100 90 100
100 -27 -1 -100
3 -100 100 -24
-99 -100 100 -77
21 100 86 -100
79 -100 100 45
80 -100 100 56
-1 -100 100 -28
13 100 94 -100
-26 -100 100 -63
47 100 84 -100
-100 64 100 -82
3 -100 100 -33
87 100 84 -100
-25 100 97 -100
27 -100 100 -23
-80 -100 100 -76
-100 19 100 -80
100
-100 -35 54 100
70 -100 -59 100
29 -100 24 100
100 98 -74 100
75 100 -100 61
65 -100 23 100
40 100 -53 -100
100 97 -64 100
66 -100 12 100
-100 -14 57 100
-100 12 69 100
44 100 -100 -80
-62 100 100 -1
-60 100 100 5
-26 -100 35 100
-100 38 73 100
-100 70 89 100
82 -100 -44 100
46 100 -100 -56
-100 -6 59 100
-100 -27 56 100
16 -100 29 100
36 100 -92 -100
60 100 -100 24
-87 100 100 51
51 -100 13 100
96 100 -100 95
47 100 -100 -43
2 100 68 -100
96 -100 -1 100
100 -20 -59 100
42 100 -100 -89
53 100 -100 -46
80 100 -100 66
100 -21 -55 100
43 100 -100 -87
100 -90 -48 100
100 -56 -53 100
26 100 -25 -100
33 100 -9 -100
90 100 -100 69
100 49 -64 100
-47 100 100 -91
-100 52 71 100
37 100 -100 -99
-100 9 60 100
-26 -100 34 100
-63 100 100 40
22 100 36 -100
-1 -100 32 100
-100 84 82 100
31 100 4 -100
100 -47 -51 100
-50 100 100 -83
-52 100 100 -59
-100 45 73 100
100 99 -100 83
-31 100 100 -95
100 0 -60 100
-91 100 100 63
64 100 -100 27
100 -97 -31 100
23 -100 26 100
37 -100 17 100
36 100 -35 -100
-100 19 62 100
-69 100 100 44
70 -100 -17 100
-10 100 74 -100
44 100 -100 -62
-100 56 74 100
49 -100 13 100
23 100 34 -100
100 52 -72 100
-100 79 87 100
7 -100 31 100
100 85 -100 96
-40 100 79 -100
-100 -53 51 100
-100 -56 45 100
97 100 -100 80
-100 -100 38 100
-46 -100 39 100
100 50 -79 100
63 100 -100 24
-91 100 100 93
-100 -98 38 100
-100 92 95 100
-100 -74 41 100
51 100 -100 -51
12 100 65 -100
27 100 11 -100
-4 100 68 -100
-55 100 100 -10
-100 7 56 100
-30 100 81 -100
-100 94 91 100
40 100 -100 -95
-82 100 100 55
-100 -23 56 100
100
-45 100 100 -100
-100 44 -26 100
-95 100 100 -63
-100 62 100 15
100 -25 -100 87
-34 100 -100 -86
-100 51 46 100
70 100 -100 55
100 -91 -83 100
-100 73 100 -23
-43 100 -100 -91
100 -45 -98 100
-97 100 100 -61
-24 100 -100 48
-78 -100 -35 100
-100 17 -31 100
100 69 -100 58
-68 100 11 -100
-42 100 0 -100
-100 -57 -35 100
-99 100 100 -27
90 100 -100 57
-100 64 100 -12
100 -90 -88 100
-100 45 -17 100
-100 55 56 100
-42 100 -10 -100
-69 100 92 -100
-2 100 -100 52
-100 12 -32 100
100 -71 -89 100
100 7 -100 65
-33 100 -100 -43
95 100 -100 58
-31 100 -100 4
-62 100 77 -100
-56 100 2 -100
100 37 -100 58
100 -96 -71 100
-28 100 -100 28
44 100 -100 47
-100 49 -15 100
100 -99 -70 100
-100 23 -28 100
3 -100 -53 100
100 -64 -93 100
-18 100 -100 31
-81 100 100 -93
97 100 -100 61
-60 -100 -39 100
-59 100 8 -100
-100 90 100 -26
-100 -6 -31 100
100 -26 -100 91
-69 100 24 -100
-98 -100 -40 100
-100 56 70 100
-100 44 -25 100
100 -22 -100 90
-97 100 100 -57
-100 86 100 -2
100 25 -100 69
-100 78 100 -4
-100 67 100 -22
-44 100 -21 -100
-33 100 -100 -20
100 -96 -76 100
-100 54 21 100
-100 70 100 30
-100 -90 -37 100
-80 100 100 -65
100 -65 -96 100
-32 100 -100 -3
69 100 -100 55
-100 45 -23 100
-100 51 -4 100
100 -83 -96 100
80 -100 -69 100
-100 63 100 61
-100 22 -29 100
100 -43 -100 98
32 -100 -61 100
-100 42 -25 100
-46 100 -17 -100
-3 -100 -48 100
-4 100 -100 48
-39 100 -100 -88
100 -70 -93 100
-43 100 -31 -100
100 66 -100 61
100 -76 -84 100
-100 97 100 -33
100 -96 -78 100
15 100 -100 54
-41 100 -72 -100
-82 100 100 -80
-44 100 -9 -100
-36 100 -100 -91
-100 66 100 6
-100 99 100 -55
0
