50 50 1 5 4 3 2 9 6 10 10 6 2 6 7 3 4 7 4 5 3 2
47 23 11 2 7 3 4 8 5 10 7 8 3 7 4 2 3 9 10 2 5 3
10 2 1 5 4 3 2 9 6 10 10 6 2 6 7 3 4 7 4 5 3 2
47 5 11 2 7 3 4 8 5 10 7 8 3 7 4 2 3 9 10 2 5 3
1 10 1 7 3 4 8 5 10 7 8 3 7 4 2 3 9 10 2 5 3 3
1 1 10 7 3 4 8 5 10 7 8 3 7 4 2 3 9 10 2 5 3 3
47 23 11 2 7 3 4 8 5 10 7 8 3 7 4 2 3 9 10 2 5 3
9 2 1 5 4 3 2 9 6 10 10 6 2 6 7 3 4 7 4 5 3 2
5 4 11 2 7 3 4 8 5 10 7 8 3 7 4 2 3 9 10 2 5 3
1 1 1 7 3 4 8 5 10 7 8 3 7 4 2 3 9 10 2 5 3 3
11 3 10 7 3 4 8 5 10 7 8 3 7 4 2 3 9 10 2 5 3 3
12 3 11 2 7 3 4 8 5 10 7 8 3 7 4 2 3 9 10 2 5 3
10 2 1 5 4 3 2 9 6 10 10 6 2 6 7 3 4 7 4 5 3 2
48 5 11 2 7 3 4 8 5 10 7 8 3 7 4 2 3 9 10 2 5 3
11 11 1 1 1 1 8 5 10 7 8 3 7 4 2 3 9 10 2 5 3 3
1 1 10 7 3 4 8 5 10 7 8 3 7 4 2 3 9 10 2 5 3 3