4 4 6 16
1 1 1 1
10
1 1 1 1 1 1 1 1 1 1 1 1 1 1 1 1 1 1 1 1 1 1 1 1 1 1 1 1 1 1 1 1 1 1 1 1 1 1 1 1 1 1 1 1 1 1 1 1 1 1 1 1 1 1 1 2 2 2 2 2 2 2 2 3 3 4 4 4 4 4 4 4 4 4 4 4 4 5 6 6 8 8 9 12 15 24 24 25 28 30 35 108 264 264 455 572 1152 1365 1428 1836 2196
1 1 1 1 1 1 1 1 1 1 1 1 1 1 1 1 1 1 1 1 1 1 1 1 1 1 1 1 1 1 1 1 1 1 1 1 1 1 1 1 1 1 1 1 1 1 1 1 1 1 1 1 1 1 1 1 1 1 1 1 1 1 1 1 1 1 1 1 1 1 1 1 1 1 1 1 1 1 1 1 1 1 1 1 1 1 1 1 1 1 1 1 1 1 1 1 1 1 1 1
1
1 1 1 1 1 1 1 1 1 1 1 1 1 1 1 1 1 1 1 1 1 1 1 1 1 1 1 1 1 1 1 1 1 1 1 1 1 1 1 1 1 1 1 1 1 1 1 1 1 1 1 1 1 1 1 1 1 1 1 1 1 1 1 1 1 1 1 1 1 1 1 1 1 1 1 1 1 1 1 1 1 1 1 1 1 1 1 1 1 1 1 1 1 1 1 1 1 1 1 1
2673
1 1 1 1 1 1 1 1 1 1 1 1 1 1 1 1 1 1 1 1 1 1 1 1 1 1 1 1 1 1 1 1 1 1 1 1 1 1 1 1 1 1 1 1 1 1 1 1 1 1 1 1 1 1 1 1 1 1 2 2 2 3 3 3 3 4 4 4 4 5 7 12 18 42 54 78
1 1 1 1 1 1 2 2 2 4 6 14 14 20 30 30 42 48 64 144 200 230 350 572 588 700 754 3339
1 2 4 4 5 8 8 11 15 22 30 35 35 36 54 90 120 135 150 300
2 2 2 2 3 4 8 8 8 8 8 9 12 13 16 16 16 20 28 28 31 32 39 40 56 63 64 65 75 104 221 288 310 310
1 1 1 1 1 1 2 2 2 2 2 3 3 3 3 4 4 4 5 5 6 8 10 10 12 12 12 12 13 14 15 15 15 18 20 20 30 46 50 52 55 57 63 65 67 69 75 161 1600
1 1 1 1 1 1 1 1 1 1 1 1 1 1 1 2 2 2 2 2 3 3 3 3 3 3 4 4 4 4 4 5 5 6 7 7 11 14 21 24 42 55 330
1 1 1 1 1 1 1 1 1 1 1 1 1 1 1 1 1 1 1 1 1 1 1 1 1 1 1 1 1 1 1 1 1 1 1 1 1 1 1 1 1 2 2 2 2 2 3 3 5 6 7 7 8 9 12 12 14 18 20 21 30 42 63 75 231 476 532 1365
1 1 1 1 1 1 1 1 1 1 1 1 2 2 2 2 3 4 4 4 6 6 6 6 8 8 8 8 8 12 12 12 12 12 14 15 18 22 27 28 30 36 54 64 72 84 84 114 120 121 153 154 160 208 350 450 583 4680
1 1 1 1 1 1 1 1 1 1 1 1 1 1 1 1 1 1 3 6
1 1 1 1 1 2 2 4 4 5 5 6 10 11 24 25 28 34 49 54 57 68 70 85 110 240 250 272 330 342 437 609 972 1230
1 1 1 1 1 1 1 1 1 1 1 1 1 1 1 1 1 1 1 1 1 1 1 1 1 1 1 1 1 1 1 1 1 1 1 1 1 1 1 1 1 1 1 1 1 1 1 1 1 2 2 2 2 2 2 2 2 2 2 3 3 3 3 4 4 4 4 4 4 4 5 6 6 6 6 6 6 6 6 6 8 8 9 10 10 12 12 14 15 17 20 22 34 48 48 78 114 186 493
8 24 48 200
1 1 1 1 1 1 1 1 1 1 1 1 1 1 1 1 1 1 1 1 1 1 1 1 1 1 1 2 2 2 2 2 2 2 2 2 2 3 3 3 3 4 4 4 6 6 6 6 6 6 6 8 8 10 11 14 15 16 18 18 24 32 32 32 33 33 36 48 50 54 70 76 76 77 90 104 121 144 144 153 154 324 414 464 496 612 663 756 1344
1 1 1 1 1 1 1 1 1 1 1 1 1 1 1 2 2 2 2 2 2 3 3 3 3 3 3 3 3 4 4 5 6 6 6 6 6 6 7 8 8 8 9 9 10 10 12 12 12 13 18 21 25 27 28 40 40 44 48 48 54 56 72 85 105 105 108 119 153 231 420
1 1 1 1 1 1 1 1 1 1 1 1 1 1 1 1 1 1 1 1 1 2 2 2 2 2 2 3 3 3 3 4 4 4 5 5 5 6 6 7 7 8 8 8 8 10 10 11 12 12 12 14 14 14 15 15 15 15 18 21 24 24 25 30 30 32 33 35 36 40 45 46 51 52 54 60 72 77 112 120 180 208 210 221 256 322 402 972 2418
1 1 1 1 1 1 1 1 1 1 1 1 1 1 1 1 1 1 1 1 1 2 2 2 2 2 2 2 2 2 3 3 3 3 4 4 4 4 4 5 5 5 5 5 6 6 7 8 8 8 8 8 8 8 9 9 10 12 12 12 15 15 16 16 20 21 22 24 25 25 28 32 32 32 40 42 44 48 54 54 54 60 60 64 70 72 78 78 85 95 96 100 117 130 152 160 176 180 189
1 1 1 1 1 1 1 1 1 1 1 1 1 1 1 1 1 1 1 1 1 1 1 1 1 1 1 1 1 1 1 1 1 1 1 1 1 1 1 1 1 1 1 1 1 1 1 1 1 1 1 1 1 1 1 1 1 1 1 1 1 1 1 1 1 1 1 1 1 2 2 2 2 2 3 4 4 4 4 5 6 6 7 7 8 9 11 11 14 15 15 22 25 35 40 45 55 385
1 1 1 1 1 1 2 4 4 5
45 50 190 310 315 390 630 1395 2597
1 1 1 1 3 7 7
1 1 1 1 1 1 1 1 1 1 1 1 1 1 2 2 2 2 3 3 3 3 3 3 3 4 4 5 5 6 6 7 7 8 8 8 8 10 10 10 10 10 12 12 12 12 12 14 15 19 20 20 21 24 25 25 26 26 28 28 30 30 30 30 36 40 42 50 56 56 57 60 68 72 100 105 112 144 190 208 209 210 306 425
1 1 1 1 1 1 1 1 1 1 1 1 1 1 1 1 1 1 1 1 1 1 1 2 2 6 6 6 9 12 12
1 1 1 1 1 1 1 1 1 1 1 1 1 1 1 1 1 1 1 1 1 1 1 1 1 1 1 1 1 1 2 2 2 2 2 2 2 2 3 3 3 4 4 4 5 6 6 7 7 7 9 9 9 10 14 16 20 20 20 21 24 24 24 30 40 45 48 50 54 56 63 72 88 90 162 171 252 342
1 1 1 1 1 1 1 1 1 1 1 1 1 1 2 2 3 3 3 3 3 6 9 15 16 18 26 40 55 64 105 121 195 247
52 76 120
1 1 1 1 1 1 1 1 1 1 1 1 1 1 1 1 1 1 1 1 1 1 1 1 1 1 1 1 1 1 1 1 1 1 1 1 1 1 1 1 1 1 1 1 1 1 1 1 1 1 1 1 2 2 2 2 2 2 3 3 4 4 4 4 5 5 6 6
1 1 1 1 1 1 1 1 1 1 1 1 1 2 2 2 4 4 4 4 4 5 7 8 8 8 8 8 10 16 16 16 18 19 20 20 21 24 24 24 25 26 30 32 35 38 42 52 56 63 65 70 114 120 132 133 195 209 245 252 264 294 336 360 364 1276 1496
1 1 1 2 2 2 2 2 3 4 4 8 12 12 12 12 16 16 24 32 36 84 264
1 1 1 1 1 1 1 2 2 2 3 3 4 5 5 6 6 6 7 7 10 10 11 11 12 13 14 18 20 21 24 24 24 25 28 30 40 48 48 50 64 95 143 234 304 924
1 1 1 2 2 2 3 3 4 4 4 4 4 4 5 6 8 13 14 15 15 16 16 18 24 24 30 42 52 56 60 60 66 84 97 200 273 420 546 1392 4209
2 6 10 11 13 16 18 30 30 32 36 36 50 60 63 65 78 81 84 91 130 133 144 156 209 288 585
3 9 10 39 40 56 90 112 219 224 280 384 476 1748
1 1 1 1 1 1 1 1 1 1 1 1 1 1 1 1 1 1 1 1 1 1 1 1 1 1 1 1 1 1 1 2 2 2 2 3 6
1 1 1 1 1 1 1 1 1 1 1 1 1 1 1 1 1 1 1 1 1 1 1 1 1 1 1 1 1 1 1 1 1 1 1 1 1 1 1 1 2 2 2 2 2 2 2 2 2 3 4 4 4 5 6 6 6 7 7 8 8 10 12 12 16 16 18 18 18 18 24 24 24 24 30 30 30 32 32 32 42 45 52 54 78 81 90 135 144 154 230 352 570 627
1 1 1 1 1 1 2 2 3 3 4 4 5 7 7 9 12 14 16 30 36 40 40 44 45 46 48 50 54 54 60 63 63 75 78 84 92 100 110 120 130 132 162 185 288 495 592 846
1 1 1 3 3 4 4 5 5 6 6 6 6 7 10 10 11 12 12 12 13 15 18 18 20 21 25 30 51 55 60 64 78 84 144 147 168 187 420
1 1 1 1 1 1 1 1 1 1 1 1 1 1 1 1 1 1 1 1 1 1 1 1 1 1 1 1 1 1 1 1 1 1 1 1 2 2 2 2 2 2 3 3 4 4 4 4 4 4 5 5 5 6 14 14 20 20 20 20 25 25 26 29 60 60 88 120 132 315 450
1 1 1 1 1 1 1 1 1 1 1 1 1 1 1 1 1 1 1 1 1 1 1 1 1 1 1 1 1 2 2 2 2 3 4 9 9 9 9 18 25 36 45 54 63 66 153 243
1 1 1 1 1 1 1 1 1 1 1 1 1 1 1 1 1 1 1 2 2 2 2 2 2 3 3 3 3 4 5 5 5 5 6 8 9 10 14 15 18 18 20 20 27 28 30 50 55 60 90 1215 1312
1 1 1 1 1 1 1 1 1 1 1 1 1 1 1 1 1 1 1 1 1 1 1 1 2 2 2 2 2 3 3 3 3 3 4 4 4 6 6 7 7 8 9 9 10 10 12 12 13 14 16 16 18 20 22 26 28 36 36 42 42 46 50 55 60 65 65 70 112 130 150 182 222 225 242 324 364
1 1 1 1 1 1 1 1
1 1 1 1 1 1 1 1 2 3 3 5 7 12 12 14 27 27 64 890 2002 5751
1 1 1 1 1 1 1 1 1 2 3 3 4 4 5 5 5 5 5 6 8 8 8 10 15 16 24 24 35 40 40 52 60 72 102 108 114 136 138 152 160 174 370 476 510 1012
1 1 1 1 1 1 1 1 1 1 1 1 1 1 1 1 2 2 2 2 3 3 4 4 5 5 6 6 6 6 7 7 8 9 9 10 15 15 15 16 20 20 25 28 30 33 33 40 48 48 48 50 70 90 95 95 96 96 100 110 125 132 132 176 180 288 312 468 490 494 1617
1428 1520 2652
1 1 1 1 1 1 1 1 1 1 1 1 1 1 1 1 1 1 1 1 1 1 1 2 2 2 2 2 2 2 3 3 4 4 4 5 5 6 7 9 9 10 10 10 10 10 14 27 30 32 39 64 72 78 128
1 1 1 1 1 2 2 2 3 4 4 6 6 18 18 44 50 72 119 168 455 3040
1 1 1 1 1 1 1 1 1 1 1 1 1 1 1 1 1 1 1 1 1 1 1 1 1 1 1 1 1 2 2 2 2 3 3 3 3 3 3 4 4 4 5 5 5 6 6 6 6 7 7 8 8 9 9 10 12 12 12 13 16 18 18 20 24 24 24 24 26 28 28 30 42 48 48 63 88 88 91 120 126 288 455
1 1 1 1 1 1 1 1 1 1 1 1 1 1 2 2 2 3 3 3 3 3 3 3 4 4 6 6 6 6 7 8 8 8 8 10 16 24 60 80 80 100 110 136 210
1 1 1 1 1 1 1 1 1 1 1 1 1 1 1 1 1 1 1 1 1 1 1 1 1 1 1 1 1 1 1 2 2 2 2 2 2 2 3 3 3 3 4 4 4 4 4 4 4 4 5 6 6 6 6 6 7 7 8 8 8 9 9 9 9 9 11 12 12 12 12 13 16 18 20 21 21 24 24 27 30 36 42 56 66 72 72 72 78 100 104 585
