10 10 50
1  2
2  2
3  2
4  2 
5  2
6  2
7  2
8  2
9  2
10 2
11  2
12  2
13  2
14  2 
15  2
16  2
17  2
18  2
19  2
20 2
21  2
22  2
23  2
24  2 
25  2
26  2
27  2
28  2
29  2
30 2
31  2
32  2
33  2
34  2 
35  2
36  2
37  2
38  2
39  2
40 2
41  2
42  2
43  2
44  2 
45  2
46  2
47  2
48  2
49  2
50 2
1 0 2 0 3 0 4 0 5 0
0 6 0 7 0 8 0 9 0 10
11 0 12 0 13 0 14 0 15 0
0 16 0 17 0 18 0 19 0 20
21 0 22 0 23 0 24 0 25 0
0 26 0 27 0 28 0 29 0 30
31 0 32 0 33 0 34 0 35 0
0 36 0 37 0 38 0 39 0 40
41 0 42 0 43 0 44 0 45 0
0 46 0 47 0 48 0 49 0 50
0 0 0
