1
1
2
5 6
2
5 8
3
1 2 3
3
9 10 11
5
6 9 10 11 15
7
1 2 8 9 10 15 16
8
1 3 5 7 9 11 13 15
7
2 4 6 8 10 12 14
20
1 2 3 5 8 9 10 11 14 15 17 18 19 20 21 30 31 32 33 59
20
1 2 3 5 8 9 10 11 14 15 17 18 19 20 21 30 31 32 33 34
25
1 2 10 11 12 13 15 17 18 19 20 25 28 30 31 32 33 50 51 52 53 54 66 67 68
25
1 2 10 11 12 13 15 17 18 19 20 25 28 30 31 32 33 50 51 52 53 54 66 67 100
50
1 2 3 4 5 6 7 8 9 10 11 12 13 14 15 16 17 18 19 20 21 22 23 24 25 26 27 28 29 30 31 32 33 34 35 36 37 38 39 40 41 42 43 44 45 46 47 48 49 50
50
1 2 3 4 5 6 7 8 9 10 11 12 13 14 15 16 17 18 19 20 21 22 23 24 25 27 28 29 30 31 32 33 34 35 36 37 38 39 40 41 42 43 44 45 46 47 48 49 50 51
50
1 3 5 7 9 11 13 15 17 19 21 23 25 27 29 31 33 35 37 39 41 43 45 47 49 51 53 55 57 59 61 63 65 67 69 71 73 75 77 79 81 83 85 87 89 91 93 95 97 99
1
100
7
1 2 3 5 7 8 9
14
1 2 4 6 7 9 11 12 14 16 17 19 21 22
14
1 2 4 5 7 8 10 11 13 14 16 17 19 20
2
1 2
1
2
8
1 2 3 4 5 6 7 9
8
1 3 4 5 6 7 8 9
0

