3
17
41
666
1151
3264
2
5100
5999
311
6504
7451
7901
8819
863
9999
10000
7053
2914
827
302
12
3631
785
230
8011
1567
3198
2350
5307
3339
8929
9216
6479
4703
699
90
440
3926
1032
3329
3682
5764
1615
7961
53
9273
1275
4038
4923
540
7443
7837
1368
7746
1469
8505
4328
9480
6424
6678
1139
9763
1959
6707
6242
6663
3759
6332
3455
7685
3716
3136
4957
7720
5832
4751
4200
5681
5106
2379
9719
6381
2919
7163
4219
639
1261
2040
9144
1941
1164
2647
7872
5569
4972
5364
20
1684
2867
0
