36
9.0
1
5
1.61
6
1
2
3
4
5
6
1.7807
6
1
2
3
4
5
6
1.7621
6
1
2
3
4
5
6
1.54545
4
1
10
100
1000
1.99955
4
1
10
100
1000
1.14090
4
1
10
100
1000
1.95873
5
1
2
10
100
1000
2.48135
5
1
2
10
100
1000
1.87762
5
1
2
10
100
1000
1.55000
5
1
2
10
100
1000
1.37041
5
1
2
10
100
1000
2.12214
5
1
2
10
100
1000
3.44986
5
1
2
10
100
1000
1.63560
6
1
2
3
10
100
1000
1.43499
6
1
2
3
10
100
1000
2.20975
6
1
2
3
10
100
1000
1.29535
6
1
2
3
10
100
1000
1.47958
6
1
2
3
10
100
1000
1.65252
6
1
2
3
10
100
1000
1.71799
6
1
2
3
10
100
1000
3.32864
6
1
2
3
10
100
1000
4.50261
6
1
2
3
10
100
1000
1.38578
6
1
2
3
10
100
1000
1.49671
6
1
2
3
10
100
1000
1.27980
6
1
2
3
10
100
1000
1.51371
6
1
2
3
10
100
1000
3.60391
6
1
2
3
10
100
1000
2.61704
6
1
2
3
10
100
1000
1.10933
6
1
2
3
10
100
1000
1.82403
6
1
2
3
10
100
1000
4.18573
6
1
2
3
10
100
1000
1.21809
6
1
2
3
10
100
1000
3.45492
6
1
2
3
10
100
1000
3.27996
6
1
2
3
10
100
1000
1.15525
6
1
2
3
10
100
1000
