1
7054
1.000
30 10.00000 0.0010110 0.1766667
100
87 162 182 251 268 273 367 435 477 523 609 642 675 818 823 1029 1049 1086 1155 1188 1316 1390 1573 1852 2021 2095 2509 2725 2736 2832 2919 3095 3253 3292 3378 3386 3421 3440 3619 3801 3808 3955 4221 4392 4449 4538 4545 4546 4591 4646 4751 4765 4807 4879 4892 4948 4976 5069 5326 5337 6207 6235 6330 6480 6513 6552 6819 6822 6905 6930 6964 6965 6978 7019 7141 7158 7318 7489 7573 7631 7718 7724 7811 7835 7901 8081 8215 8226 8253 8363 8388 8630 8763 9417 9546 9635 9799 9927 9937 9945
4.196
4972 7.65000 0.0000308 0.0000323
10
91 441 700 1033 3340 3927 4704 6480 8930 9217
0.019
3 91.22700 0.0098871 0.4090000
100
20 24 102 157 329 369 432 586 610 674 813 932 1077 1187 1365 1379 1483 1490 1631 1651 2298 2327 2342 2598 2659 2676 2740 2794 2797 2898 2992 3001 3113 3181 3500 3806 3918 3984 4027 4236 4312 4388 4414 4623 4636 4819 4842 5304 5452 5453 5492 5494 5573 5587 5650 5810 5902 5964 6172 6260 6426 6475 6567 6835 6853 6874 7001 7003 7007 7088 7177 7500 7558 7624 7662 7768 7884 8151 8193 8279 8559 8643 8707 8750 8826 8849 8902 9358 9361 9364 9422 9515 9517 9520 9570 9579 9623 9760 9779 9965
0.996
15 12.06002 0.0007382 0.2387884
100
148 255 291 311 471 547 573 869 883 1075 1128 1245 1264 1274 1402 1426 1452 1548 2100 2131 2164 2189 2203 2250 2305 2547 2627 2674 2702 2877 2890 2928 2985 3056 3075 3407 3432 3459 4025 4166 4197 4213 4215 4825 4909 5047 5289 5291 5654 5808 5856 6069 6249 6275 6298 6331 6376 6382 6416 6454 6520 6552 6686 6724 6883 7044 7125 7158 7177 7201 7216 7239 7532 7604 7655 7817 7924 7965 7985 8007 8078 8368 8376 8627 8660 8664 8923 8930 9013 9080 9089 9161 9214 9229 9607 9711 9738 9844 9852 9973
0.027
7 16.43000 0.0016477 0.0093886
100
9901 9902 9903 9904 9905 9906 9907 9908 9909 9910 9911 9912 9913 9914 9915 9916 9917 9918 9919 9920 9921 9922 9923 9924 9925 9926 9927 9928 9929 9930 9931 9932 9933 9934 9935 9936 9937 9938 9939 9940 9941 9942 9943 9944 9945 9946 9947 9948 9949 9950 9951 9952 9953 9954 9955 9956 9957 9958 9959 9960 9961 9962 9963 9964 9965 9966 9967 9968 9969 9970 9971 9972 9973 9974 9975 9976 9977 9978 9979 9980 9981 9982 9983 9984 9985 9986 9987 9988 9989 9990 9991 9992 9993 9994 9995 9996 9997 9998 9999 10000
2.390
1000 3.00000 0.0002236 0.0010000
10
1140 1960 4329 6243 6425 6679 6708 8506 9481 9764
3.110
65 25.45825 0.0025647 0.3293906
100
60 302 318 417 474 681 683 745 802 1006 1069 1224 1438 1593 1594 1705 1740 1809 1926 2203 2219 2368 2574 2797 2812 2831 2847 2866 2986 3039 3281 3338 3758 3812 4020 4064 4139 4238 4379 4440 4448 4507 4548 4775 4821 4992 5042 5088 5145 5197 5273 5704 5746 5891 5936 5987 6044 6134 6179 6306 6332 6426 6503 6506 6507 6581 6684 6743 6746 6929 6991 7058 7076 7313 7371 7471 7492 7580 7586 7950 8029 8101 8171 8437 8451 8467 8492 8497 8525 8910 9024 9063 9065 9143 9372 9516 9523 9612 9923 9977
0.903
11 13.18188 0.0011522 0.5344654
100
1 2 3 4 5 6 7 8 9 10 11 12 13 14 15 16 17 18 19 20 21 22 23 24 25 26 27 28 29 30 31 32 33 34 35 36 37 38 39 40 41 42 43 44 45 46 47 48 49 50 51 52 53 54 55 56 57 58 59 60 61 62 63 64 65 66 67 68 69 70 71 72 73 74 75 76 77 78 79 80 81 82 83 84 85 86 87 88 89 90 91 92 93 94 95 96 97 98 99 10000
3.140
30 2.00000 0.0001916 0.0033333
10
1685 1942 2041 4973 5365 5570 6932 7873 8424 9145
3.387
39 112.01629 0.0075662 1.5509948
10
231 303 786 828 1568 2351 2915 3632 5308 8012
16.372
30 3.19000 0.0000100 0.0226667
10
681 1290 3669 3941 5694 6513 6539 7971 9622 9869
2.859
15 50.50916 0.0010919 1.8452682
100
161 170 229 247 314 321 732 740 760 813 835 927 978 1019 1173 1573 1611 1628 1652 1679 1772 1797 1826 1947 2037 2128 2170 2180 2383 2461 2469 2569 2615 2748 2875 2897 3118 3208 3397 3695 3715 3735 3742 3884 3963 4238 4284 4307 4358 4400 4509 4588 4742 4820 5035 5213 5660 5681 5758 5907 6252 6347 6581 6593 6638 6759 6782 6816 6833 6914 7080 7277 7366 7368 7432 7510 7590 7640 7680 7759 7916 7981 7988 8142 8233 8308 8392 8452 8607 8720 8746 8755 9296 9505 9510 9564 9733 9839 9856 9926
1.550
16 13.60258 0.0009046 0.1793840
100
18 45 210 256 585 631 757 1320 1414 1672 1689 1818 1922 1949 2024 2103 2156 2188 2222 2454 2457 2506 2573 2672 2774 2932 3265 3269 3416 3493 3635 3731 3765 3852 3871 4022 4083 4273 4338 4578 4612 4675 4683 4794 4836 5087 5237 5242 5288 5414 5550 5571 5666 5700 5727 5886 5929 5934 6096 6109 6340 6382 6592 6618 6758 7048 7324 7349 7440 7484 7487 7510 7525 7722 7742 7797 7879 7900 7944 8007 8086 8180 8318 8472 8538 8575 8630 8911 8945 8947 9094 9241 9449 9597 9620 9650 9681 9820 9959 9989
1.254
13 11.07839 0.0006075 0.2300896
100
9 126 208 270 318 459 797 924 1299 1370 1490 1516 1596 1722 1783 1902 1983 2256 2274 2275 2284 2478 2617 2759 2810 2930 3062 3091 3098 3115 3301 3425 3519 3535 3716 4193 4256 4266 4358 4521 4560 4602 4606 4851 4873 5118 5203 5308 5311 5438 5446 5551 5599 5648 5691 5715 5808 5842 5965 6059 6126 6155 6269 6352 6390 6730 6825 6850 6862 7045 7184 7239 7582 7623 7735 7854 7905 7937 8169 8301 8378 8447 8572 8776 8789 8877 9013 9123 9169 9334 9503 9523 9528 9664 9687 9730 9785 9816 9820 9879
1.573
14 8.55420 0.0007935 0.2431837
100
107 158 359 466 514 669 738 937 1027 1067 1079 1135 1218 1244 1388 1673 1978 2206 2385 2421 3028 3183 3347 3386 3472 3496 3503 3505 3598 3646 3747 3852 3853 3861 3907 3911 3954 4020 4103 4177 4335 4479 4514 4627 4685 4714 4923 5186 5287 5302 5443 5579 5592 5637 5802 5974 6016 6094 6151 6182 6210 6338 6364 6459 6487 6675 6941 7013 7113 7226 7307 7569 7597 7631 7636 7673 7779 7861 8052 8260 8460 8605 8732 8879 8897 8989 9037 9266 9374 9477 9481 9586 9634 9693 9709 9724 9785 9798 9828 9945
99.990
1 0.01101 0.0000001 0.0010000
10
2380 3137 3717 4752 5107 5682 5833 6382 7721 9720
1.640
68 58.24847 0.0021003 0.7675093
10
541 1276 1616 3330 3683 4039 4924 5765 7962 9274
6.234
32 15.68228 0.0006873 0.2675789
0
