4
  0  4  4  2
  4  0  2  4
  4  2  0  4
  2  4  4  0
10
  0  2  2  2  2  2  2  2  2  2
  2  0  2  2  2  2  2  2  2  2
  2  2  0  2  2  2  2  2  2  2
  2  2  2  0  2  2  2  2  2  2
  2  2  2  2  0  2  2  2  2  2
  2  2  2  2  2  0  2  2  2  2
  2  2  2  2  2  2  0  2  2  2
  2  2  2  2  2  2  2  0  2  2
  2  2  2  2  2  2  2  2  0  2
  2  2  2  2  2  2  2  2  2  0
2
  0 30
 30  0
45
  0 10 11 10 11  7  2 12  9 10 11 12 12 12 11 12  9 12 11 11 10  8  3 12 11 10 10  7 12 11  8 11  9  9  6 12 12  6  5 12  7 12 10 11 10
 10  0 11  6 11  9 10 12  5  2 11 12 12 12 11 12  7 12 11 11  8 10  9 12 11  8  8  9 12 11 10 11  7  3 10 12 12 10  9 12  9 12  6 11  8
 11 11  0 11  8 10 11  3 10 11  8  3  5  9  4  7 10  9  8  8 11 11 10  9  6 11 11 10  9  8 11  6 10 10 11  5  9 11 10  9 10  7 11  6 11
 10  6 11  0 11  9 10 12  3  6 11 12 12 12 11 12  7 12 11 11  8 10  9 12 11  8  8  9 12 11 10 11  7  5 10 12 12 10  9 12  9 12  2 11  8
 11 11  8 11  0 10 11  9 10 11  4  9  9  3  8  9 10  5  6  6 11 11 10  7  8 11 11 10  7  6 11  8 10 10 11  9  3 11 10  5 10  9 11  8 11
  7  9 10  9 10  0  7 11  8  9 10 11 11 11 10 11  8 11 10 10  9  3  6 11 10  9  9  4 11 10  3 10  8  8  7 11 11  7  6 11  4 11  9 10  9
  2 10 11 10 11  7  0 12  9 10 11 12 12 12 11 12  9 12 11 11 10  8  3 12 11 10 10  7 12 11  8 11  9  9  6 12 12  6  5 12  7 12 10 11 10
 12 12  3 12  9 11 12  0 11 12  9  2  6 10  5  8 11 10  9  9 12 12 11 10  7 12 12 11 10  9 12  7 11 11 12  6 10 12 11 10 11  8 12  7 12
  9  5 10  3 10  8  9 11  0  5 10 11 11 11 10 11  6 11 10 10  7  9  8 11 10  7  7  8 11 10  9 10  6  4  9 11 11  9  8 11  8 11  3 10  7
 10  2 11  6 11  9 10 12  5  0 11 12 12 12 11 12  7 12 11 11  8 10  9 12 11  8  8  9 12 11 10 11  7  3 10 12 12 10  9 12  9 12  6 11  8
 11 11  8 11  4 10 11  9 10 11  0  9  9  5  8  9 10  3  6  6 11 11 10  7  8 11 11 10  7  6 11  8 10 10 11  9  5 11 10  3 10  9 11  8 11
 12 12  3 12  9 11 12  2 11 12  9  0  6 10  5  8 11 10  9  9 12 12 11 10  7 12 12 11 10  9 12  7 11 11 12  6 10 12 11 10 11  8 12  7 12
 12 12  5 12  9 11 12  6 11 12  9  6  0 10  3  8 11 10  9  9 12 12 11 10  7 12 12 11 10  9 12  7 11 11 12  2 10 12 11 10 11  8 12  7 12
 12 12  9 12  3 11 12 10 11 12  5 10 10  0  9 10 11  6  7  7 12 12 11  8  9 12 12 11  8  7 12  9 11 11 12 10  2 12 11  6 11 10 12  9 12
 11 11  4 11  8 10 11  5 10 11  8  5  3  9  0  7 10  9  8  8 11 11 10  9  6 11 11 10  9  8 11  6 10 10 11  3  9 11 10  9 10  7 11  6 11
 12 12  7 12  9 11 12  8 11 12  9  8  8 10  7  0 11 10  9  9 12 12 11 10  3 12 12 11 10  9 12  5 11 11 12  8 10 12 11 10 11  2 12  5 12
  9  7 10  7 10  8  9 11  6  7 10 11 11 11 10 11  0 11 10 10  5  9  8 11 10  5  3  8 11 10  9 10  4  6  9 11 11  9  8 11  8 11  7 10  3
 12 12  9 12  5 11 12 10 11 12  3 10 10  6  9 10 11  0  7  7 12 12 11  8  9 12 12 11  8  7 12  9 11 11 12 10  6 12 11  2 11 10 12  9 12
 11 11  8 11  6 10 11  9 10 11  6  9  9  7  8  9 10  7  0  2 11 11 10  5  8 11 11 10  5  4 11  8 10 10 11  9  7 11 10  7 10  9 11  8 11
 11 11  8 11  6 10 11  9 10 11  6  9  9  7  8  9 10  7  2  0 11 11 10  5  8 11 11 10  5  4 11  8 10 10 11  9  7 11 10  7 10  9 11  8 11
 10  8 11  8 11  9 10 12  7  8 11 12 12 12 11 12  5 12 11 11  0 10  9 12 11  2  6  9 12 11 10 11  3  7 10 12 12 10  9 12  9 12  8 11  6
  8 10 11 10 11  3  8 12  9 10 11 12 12 12 11 12  9 12 11 11 10  0  7 12 11 10 10  5 12 11  2 11  9  9  8 12 12  8  7 12  5 12 10 11 10
  3  9 10  9 10  6  3 11  8  9 10 11 11 11 10 11  8 11 10 10  9  7  0 11 10  9  9  6 11 10  7 10  8  8  5 11 11  5  4 11  6 11  9 10  9
 12 12  9 12  7 11 12 10 11 12  7 10 10  8  9 10 11  8  5  5 12 12 11  0  9 12 12 11  2  3 12  9 11 11 12 10  8 12 11  8 11 10 12  9 12
 11 11  6 11  8 10 11  7 10 11  8  7  7  9  6  3 10  9  8  8 11 11 10  9  0 11 11 10  9  8 11  4 10 10 11  7  9 11 10  9 10  3 11  4 11
 10  8 11  8 11  9 10 12  7  8 11 12 12 12 11 12  5 12 11 11  2 10  9 12 11  0  6  9 12 11 10 11  3  7 10 12 12 10  9 12  9 12  8 11  6
 10  8 11  8 11  9 10 12  7  8 11 12 12 12 11 12  3 12 11 11  6 10  9 12 11  6  0  9 12 11 10 11  5  7 10 12 12 10  9 12  9 12  8 11  2
  7  9 10  9 10  4  7 11  8  9 10 11 11 11 10 11  8 11 10 10  9  5  6 11 10  9  9  0 11 10  5 10  8  8  7 11 11  7  6 11  2 11  9 10  9
 12 12  9 12  7 11 12 10 11 12  7 10 10  8  9 10 11  8  5  5 12 12 11  2  9 12 12 11  0  3 12  9 11 11 12 10  8 12 11  8 11 10 12  9 12
 11 11  8 11  6 10 11  9 10 11  6  9  9  7  8  9 10  7  4  4 11 11 10  3  8 11 11 10  3  0 11  8 10 10 11  9  7 11 10  7 10  9 11  8 11
  8 10 11 10 11  3  8 12  9 10 11 12 12 12 11 12  9 12 11 11 10  2  7 12 11 10 10  5 12 11  0 11  9  9  8 12 12  8  7 12  5 12 10 11 10
 11 11  6 11  8 10 11  7 10 11  8  7  7  9  6  5 10  9  8  8 11 11 10  9  4 11 11 10  9  8 11  0 10 10 11  7  9 11 10  9 10  5 11  2 11
  9  7 10  7 10  8  9 11  6  7 10 11 11 11 10 11  4 11 10 10  3  9  8 11 10  3  5  8 11 10  9 10  0  6  9 11 11  9  8 11  8 11  7 10  5
  9  3 10  5 10  8  9 11  4  3 10 11 11 11 10 11  6 11 10 10  7  9  8 11 10  7  7  8 11 10  9 10  6  0  9 11 11  9  8 11  8 11  5 10  7
  6 10 11 10 11  7  6 12  9 10 11 12 12 12 11 12  9 12 11 11 10  8  5 12 11 10 10  7 12 11  8 11  9  9  0 12 12  2  3 12  7 12 10 11 10
 12 12  5 12  9 11 12  6 11 12  9  6  2 10  3  8 11 10  9  9 12 12 11 10  7 12 12 11 10  9 12  7 11 11 12  0 10 12 11 10 11  8 12  7 12
 12 12  9 12  3 11 12 10 11 12  5 10 10  2  9 10 11  6  7  7 12 12 11  8  9 12 12 11  8  7 12  9 11 11 12 10  0 12 11  6 11 10 12  9 12
  6 10 11 10 11  7  6 12  9 10 11 12 12 12 11 12  9 12 11 11 10  8  5 12 11 10 10  7 12 11  8 11  9  9  2 12 12  0  3 12  7 12 10 11 10
  5  9 10  9 10  6  5 11  8  9 10 11 11 11 10 11  8 11 10 10  9  7  4 11 10  9  9  6 11 10  7 10  8  8  3 11 11  3  0 11  6 11  9 10  9
 12 12  9 12  5 11 12 10 11 12  3 10 10  6  9 10 11  2  7  7 12 12 11  8  9 12 12 11  8  7 12  9 11 11 12 10  6 12 11  0 11 10 12  9 12
  7  9 10  9 10  4  7 11  8  9 10 11 11 11 10 11  8 11 10 10  9  5  6 11 10  9  9  2 11 10  5 10  8  8  7 11 11  7  6 11  0 11  9 10  9
 12 12  7 12  9 11 12  8 11 12  9  8  8 10  7  2 11 10  9  9 12 12 11 10  3 12 12 11 10  9 12  5 11 11 12  8 10 12 11 10 11  0 12  5 12
 10  6 11  2 11  9 10 12  3  6 11 12 12 12 11 12  7 12 11 11  8 10  9 12 11  8  8  9 12 11 10 11  7  5 10 12 12 10  9 12  9 12  0 11  8
 11 11  6 11  8 10 11  7 10 11  8  7  7  9  6  5 10  9  8  8 11 11 10  9  4 11 11 10  9  8 11  2 10 10 11  7  9 11 10  9 10  5 11  0 11
 10  8 11  8 11  9 10 12  7  8 11 12 12 12 11 12  3 12 11 11  6 10  9 12 11  6  2  9 12 11 10 11  5  7 10 12 12 10  9 12  9 12  8 11  0
50
  0  4  6  6  4  8  8  8  6  8  7  6  8  8  8  8  8  8  8  8  6  8  6  4  8  8  8  6  5  6  8  6  8  7  2  8  8  8  8  8  8  8  8  8  8  4  6  8  7  8
  4  0  6  6  4  8  8  8  6  8  7  6  8  8  8  8  8  8  8  8  6  8  6  2  8  8  8  6  5  6  8  6  8  7  4  8  8  8  8  8  8  8  8  8  8  4  6  8  7  8
  6  6  0  4  6  8  8  8  6  8  7  6  8  8  8  8  8  8  8  8  4  8  4  6  8  8  8  6  5  2  8  6  8  7  6  8  8  8  8  8  8  8  8  8  8  6  4  8  7  8
  6  6  4  0  6  8  8  8  6  8  7  6  8  8  8  8  8  8  8  8  4  8  2  6  8  8  8  6  5  4  8  6  8  7  6  8  8  8  8  8  8  8  8  8  8  6  4  8  7  8
  4  4  6  6  0  8  8  8  6  8  7  6  8  8  8  8  8  8  8  8  6  8  6  4  8  8  8  6  5  6  8  6  8  7  4  8  8  8  8  8  8  8  8  8  8  2  6  8  7  8
  8  8  8  8  8  0  8  6  8  8  7  8  8  6  6  8  6  8  6  8  8  8  8  8  8  6  8  8  7  8  8  8  6  3  8  4  6  8  8  8  8  8  6  8  2  8  8  6  5  4
  8  8  8  8  8  8  0  8  8  4  5  8  4  8  8  6  8  6  8  6  8  4  8  8  6  8  6  8  7  8  6  8  8  7  8  8  8  6  2  6  6  4  8  6  8  8  8  8  7  8
  8  8  8  8  8  6  8  0  8  8  7  8  8  6  6  8  2  8  6  8  8  8  8  8  8  4  8  8  7  8  8  8  6  5  8  6  4  8  8  8  8  8  6  8  6  8  8  6  3  6
  6  6  6  6  6  8  8  8  0  8  7  4  8  8  8  8  8  8  8  8  6  8  6  6  8  8  8  4  3  6  8  2  8  7  6  8  8  8  8  8  8  8  8  8  8  6  6  8  7  8
  8  8  8  8  8  8  4  8  8  0  5  8  4  8  8  6  8  6  8  6  8  2  8  8  6  8  6  8  7  8  6  8  8  7  8  8  8  6  4  6  6  4  8  6  8  8  8  8  7  8
  7  7  7  7  7  7  5  7  7  5  0  7  5  7  7  3  7  5  7  3  7  5  7  7  5  7  3  7  6  7  5  7  7  6  7  7  7  5  5  5  3  5  7  5  7  7  7  7  6  7
  6  6  6  6  6  8  8  8  4  8  7  0  8  8  8  8  8  8  8  8  6  8  6  6  8  8  8  2  3  6  8  4  8  7  6  8  8  8  8  8  8  8  8  8  8  6  6  8  7  8
  8  8  8  8  8  8  4  8  8  4  5  8  0  8  8  6  8  6  8  6  8  4  8  8  6  8  6  8  7  8  6  8  8  7  8  8  8  6  4  6  6  2  8  6  8  8  8  8  7  8
  8  8  8  8  8  6  8  6  8  8  7  8  8  0  4  8  6  8  4  8  8  8  8  8  8  6  8  8  7  8  8  8  2  5  8  6  6  8  8  8  8  8  4  8  6  8  8  4  5  6
  8  8  8  8  8  6  8  6  8  8  7  8  8  4  0  8  6  8  4  8  8  8  8  8  8  6  8  8  7  8  8  8  4  5  8  6  6  8  8  8  8  8  4  8  6  8  8  2  5  6
  8  8  8  8  8  8  6  8  8  6  3  8  6  8  8  0  8  6  8  4  8  6  8  8  6  8  2  8  7  8  6  8  8  7  8  8  8  6  6  6  4  6  8  6  8  8  8  8  7  8
  8  8  8  8  8  6  8  2  8  8  7  8  8  6  6  8  0  8  6  8  8  8  8  8  8  4  8  8  7  8  8  8  6  5  8  6  4  8  8  8  8  8  6  8  6  8  8  6  3  6
  8  8  8  8  8  8  6  8  8  6  5  8  6  8  8  6  8  0  8  6  8  6  8  8  4  8  6  8  7  8  4  8  8  7  8  8  8  4  6  2  6  6  8  4  8  8  8  8  7  8
  8  8  8  8  8  6  8  6  8  8  7  8  8  4  4  8  6  8  0  8  8  8  8  8  8  6  8  8  7  8  8  8  4  5  8  6  6  8  8  8  8  8  2  8  6  8  8  4  5  6
  8  8  8  8  8  8  6  8  8  6  3  8  6  8  8  4  8  6  8  0  8  6  8  8  6  8  4  8  7  8  6  8  8  7  8  8  8  6  6  6  2  6  8  6  8  8  8  8  7  8
  6  6  4  4  6  8  8  8  6  8  7  6  8  8  8  8  8  8  8  8  0  8  4  6  8  8  8  6  5  4  8  6  8  7  6  8  8  8  8  8  8  8  8  8  8  6  2  8  7  8
  8  8  8  8  8  8  4  8  8  2  5  8  4  8  8  6  8  6  8  6  8  0  8  8  6  8  6  8  7  8  6  8  8  7  8  8  8  6  4  6  6  4  8  6  8  8  8  8  7  8
  6  6  4  2  6  8  8  8  6  8  7  6  8  8  8  8  8  8  8  8  4  8  0  6  8  8  8  6  5  4  8  6  8  7  6  8  8  8  8  8  8  8  8  8  8  6  4  8  7  8
  4  2  6  6  4  8  8  8  6  8  7  6  8  8  8  8  8  8  8  8  6  8  6  0  8  8  8  6  5  6  8  6  8  7  4  8  8  8  8  8  8  8  8  8  8  4  6  8  7  8
  8  8  8  8  8  8  6  8  8  6  5  8  6  8  8  6  8  4  8  6  8  6  8  8  0  8  6  8  7  8  4  8  8  7  8  8  8  2  6  4  6  6  8  4  8  8  8  8  7  8
  8  8  8  8  8  6  8  4  8  8  7  8  8  6  6  8  4  8  6  8  8  8  8  8  8  0  8  8  7  8  8  8  6  5  8  6  2  8  8  8  8  8  6  8  6  8  8  6  3  6
  8  8  8  8  8  8  6  8  8  6  3  8  6  8  8  2  8  6  8  4  8  6  8  8  6  8  0  8  7  8  6  8  8  7  8  8  8  6  6  6  4  6  8  6  8  8  8  8  7  8
  6  6  6  6  6  8  8  8  4  8  7  2  8  8  8  8  8  8  8  8  6  8  6  6  8  8  8  0  3  6  8  4  8  7  6  8  8  8  8  8  8  8  8  8  8  6  6  8  7  8
  5  5  5  5  5  7  7  7  3  7  6  3  7  7  7  7  7  7  7  7  5  7  5  5  7  7  7  3  0  5  7  3  7  6  5  7  7  7  7  7  7  7  7  7  7  5  5  7  6  7
  6  6  2  4  6  8  8  8  6  8  7  6  8  8  8  8  8  8  8  8  4  8  4  6  8  8  8  6  5  0  8  6  8  7  6  8  8  8  8  8  8  8  8  8  8  6  4  8  7  8
  8  8  8  8  8  8  6  8  8  6  5  8  6  8  8  6  8  4  8  6  8  6  8  8  4  8  6  8  7  8  0  8  8  7  8  8  8  4  6  4  6  6  8  2  8  8  8  8  7  8
  6  6  6  6  6  8  8  8  2  8  7  4  8  8  8  8  8  8  8  8  6  8  6  6  8  8  8  4  3  6  8  0  8  7  6  8  8  8  8  8  8  8  8  8  8  6  6  8  7  8
  8  8  8  8  8  6  8  6  8  8  7  8  8  2  4  8  6  8  4  8  8  8  8  8  8  6  8  8  7  8  8  8  0  5  8  6  6  8  8  8  8  8  4  8  6  8  8  4  5  6
  7  7  7  7  7  3  7  5  7  7  6  7  7  5  5  7  5  7  5  7  7  7  7  7  7  5  7  7  6  7  7  7  5  0  7  3  5  7  7  7  7  7  5  7  3  7  7  5  4  3
  2  4  6  6  4  8  8  8  6  8  7  6  8  8  8  8  8  8  8  8  6  8  6  4  8  8  8  6  5  6  8  6  8  7  0  8  8  8  8  8  8  8  8  8  8  4  6  8  7  8
  8  8  8  8  8  4  8  6  8  8  7  8  8  6  6  8  6  8  6  8  8  8  8  8  8  6  8  8  7  8  8  8  6  3  8  0  6  8  8  8  8  8  6  8  4  8  8  6  5  2
  8  8  8  8  8  6  8  4  8  8  7  8  8  6  6  8  4  8  6  8  8  8  8  8  8  2  8  8  7  8  8  8  6  5  8  6  0  8  8  8  8  8  6  8  6  8  8  6  3  6
  8  8  8  8  8  8  6  8  8  6  5  8  6  8  8  6  8  4  8  6  8  6  8  8  2  8  6  8  7  8  4  8  8  7  8  8  8  0  6  4  6  6  8  4  8  8  8  8  7  8
  8  8  8  8  8  8  2  8  8  4  5  8  4  8  8  6  8  6  8  6  8  4  8  8  6  8  6  8  7  8  6  8  8  7  8  8  8  6  0  6  6  4  8  6  8  8  8  8  7  8
  8  8  8  8  8  8  6  8  8  6  5  8  6  8  8  6  8  2  8  6  8  6  8  8  4  8  6  8  7  8  4  8  8  7  8  8  8  4  6  0  6  6  8  4  8  8  8  8  7  8
  8  8  8  8  8  8  6  8  8  6  3  8  6  8  8  4  8  6  8  2  8  6  8  8  6  8  4  8  7  8  6  8  8  7  8  8  8  6  6  6  0  6  8  6  8  8  8  8  7  8
  8  8  8  8  8  8  4  8  8  4  5  8  2  8  8  6  8  6  8  6  8  4  8  8  6  8  6  8  7  8  6  8  8  7  8  8  8  6  4  6  6  0  8  6  8  8  8  8  7  8
  8  8  8  8  8  6  8  6  8  8  7  8  8  4  4  8  6  8  2  8  8  8  8  8  8  6  8  8  7  8  8  8  4  5  8  6  6  8  8  8  8  8  0  8  6  8  8  4  5  6
  8  8  8  8  8  8  6  8  8  6  5  8  6  8  8  6  8  4  8  6  8  6  8  8  4  8  6  8  7  8  2  8  8  7  8  8  8  4  6  4  6  6  8  0  8  8  8  8  7  8
  8  8  8  8  8  2  8  6  8  8  7  8  8  6  6  8  6  8  6  8  8  8  8  8  8  6  8  8  7  8  8  8  6  3  8  4  6  8  8  8  8  8  6  8  0  8  8  6  5  4
  4  4  6  6  2  8  8  8  6  8  7  6  8  8  8  8  8  8  8  8  6  8  6  4  8  8  8  6  5  6  8  6  8  7  4  8  8  8  8  8  8  8  8  8  8  0  6  8  7  8
  6  6  4  4  6  8  8  8  6  8  7  6  8  8  8  8  8  8  8  8  2  8  4  6  8  8  8  6  5  4  8  6  8  7  6  8  8  8  8  8  8  8  8  8  8  6  0  8  7  8
  8  8  8  8  8  6  8  6  8  8  7  8  8  4  2  8  6  8  4  8  8  8  8  8  8  6  8  8  7  8  8  8  4  5  8  6  6  8  8  8  8  8  4  8  6  8  8  0  5  6
  7  7  7  7  7  5  7  3  7  7  6  7  7  5  5  7  3  7  5  7  7  7  7  7  7  3  7  7  6  7  7  7  5  4  7  5  3  7  7  7  7  7  5  7  5  7  7  5  0  5
  8  8  8  8  8  4  8  6  8  8  7  8  8  6  6  8  6  8  6  8  8  8  8  8  8  6  8  8  7  8  8  8  6  3  8  2  6  8  8  8  8  8  6  8  4  8  8  6  5  0
50
  0 30 30 30 30 30 30 30 30 30 30 30 30 30 30 30 30 30 30 30 30 30 30 30 30 30 30 30 30 30 30 30 30 30 30 30 30 30 30 30 30 30 30 30 30 30 30 30 30 30
 30  0 30 30 30 30 30 30 30 30 30 30 30 30 30 30 30 30 30 30 30 30 30 30 30 30 30 30 30 30 30 30 30 30 30 30 30 30 30 30 30 30 30 30 30 30 30 30 30 30
 30 30  0 30 30 30 30 30 30 30 30 30 30 30 30 30 30 30 30 30 30 30 30 30 30 30 30 30 30 30 30 30 30 30 30 30 30 30 30 30 30 30 30 30 30 30 30 30 30 30
 30 30 30  0 30 30 30 30 30 30 30 30 30 30 30 30 30 30 30 30 30 30 30 30 30 30 30 30 30 30 30 30 30 30 30 30 30 30 30 30 30 30 30 30 30 30 30 30 30 30
 30 30 30 30  0 30 30 30 30 30 30 30 30 30 30 30 30 30 30 30 30 30 30 30 30 30 30 30 30 30 30 30 30 30 30 30 30 30 30 30 30 30 30 30 30 30 30 30 30 30
 30 30 30 30 30  0 30 30 30 30 30 30 30 30 30 30 30 30 30 30 30 30 30 30 30 30 30 30 30 30 30 30 30 30 30 30 30 30 30 30 30 30 30 30 30 30 30 30 30 30
 30 30 30 30 30 30  0 30 30 30 30 30 30 30 30 30 30 30 30 30 30 30 30 30 30 30 30 30 30 30 30 30 30 30 30 30 30 30 30 30 30 30 30 30 30 30 30 30 30 30
 30 30 30 30 30 30 30  0 30 30 30 30 30 30 30 30 30 30 30 30 30 30 30 30 30 30 30 30 30 30 30 30 30 30 30 30 30 30 30 30 30 30 30 30 30 30 30 30 30 30
 30 30 30 30 30 30 30 30  0 30 30 30 30 30 30 30 30 30 30 30 30 30 30 30 30 30 30 30 30 30 30 30 30 30 30 30 30 30 30 30 30 30 30 30 30 30 30 30 30 30
 30 30 30 30 30 30 30 30 30  0 30 30 30 30 30 30 30 30 30 30 30 30 30 30 30 30 30 30 30 30 30 30 30 30 30 30 30 30 30 30 30 30 30 30 30 30 30 30 30 30
 30 30 30 30 30 30 30 30 30 30  0 30 30 30 30 30 30 30 30 30 30 30 30 30 30 30 30 30 30 30 30 30 30 30 30 30 30 30 30 30 30 30 30 30 30 30 30 30 30 30
 30 30 30 30 30 30 30 30 30 30 30  0 30 30 30 30 30 30 30 30 30 30 30 30 30 30 30 30 30 30 30 30 30 30 30 30 30 30 30 30 30 30 30 30 30 30 30 30 30 30
 30 30 30 30 30 30 30 30 30 30 30 30  0 30 30 30 30 30 30 30 30 30 30 30 30 30 30 30 30 30 30 30 30 30 30 30 30 30 30 30 30 30 30 30 30 30 30 30 30 30
 30 30 30 30 30 30 30 30 30 30 30 30 30  0 30 30 30 30 30 30 30 30 30 30 30 30 30 30 30 30 30 30 30 30 30 30 30 30 30 30 30 30 30 30 30 30 30 30 30 30
 30 30 30 30 30 30 30 30 30 30 30 30 30 30  0 30 30 30 30 30 30 30 30 30 30 30 30 30 30 30 30 30 30 30 30 30 30 30 30 30 30 30 30 30 30 30 30 30 30 30
 30 30 30 30 30 30 30 30 30 30 30 30 30 30 30  0 30 30 30 30 30 30 30 30 30 30 30 30 30 30 30 30 30 30 30 30 30 30 30 30 30 30 30 30 30 30 30 30 30 30
 30 30 30 30 30 30 30 30 30 30 30 30 30 30 30 30  0 30 30 30 30 30 30 30 30 30 30 30 30 30 30 30 30 30 30 30 30 30 30 30 30 30 30 30 30 30 30 30 30 30
 30 30 30 30 30 30 30 30 30 30 30 30 30 30 30 30 30  0 30 30 30 30 30 30 30 30 30 30 30 30 30 30 30 30 30 30 30 30 30 30 30 30 30 30 30 30 30 30 30 30
 30 30 30 30 30 30 30 30 30 30 30 30 30 30 30 30 30 30  0 30 30 30 30 30 30 30 30 30 30 30 30 30 30 30 30 30 30 30 30 30 30 30 30 30 30 30 30 30 30 30
 30 30 30 30 30 30 30 30 30 30 30 30 30 30 30 30 30 30 30  0 30 30 30 30 30 30 30 30 30 30 30 30 30 30 30 30 30 30 30 30 30 30 30 30 30 30 30 30 30 30
 30 30 30 30 30 30 30 30 30 30 30 30 30 30 30 30 30 30 30 30  0 30 30 30 30 30 30 30 30 30 30 30 30 30 30 30 30 30 30 30 30 30 30 30 30 30 30 30 30 30
 30 30 30 30 30 30 30 30 30 30 30 30 30 30 30 30 30 30 30 30 30  0 30 30 30 30 30 30 30 30 30 30 30 30 30 30 30 30 30 30 30 30 30 30 30 30 30 30 30 30
 30 30 30 30 30 30 30 30 30 30 30 30 30 30 30 30 30 30 30 30 30 30  0 30 30 30 30 30 30 30 30 30 30 30 30 30 30 30 30 30 30 30 30 30 30 30 30 30 30 30
 30 30 30 30 30 30 30 30 30 30 30 30 30 30 30 30 30 30 30 30 30 30 30  0 30 30 30 30 30 30 30 30 30 30 30 30 30 30 30 30 30 30 30 30 30 30 30 30 30 30
 30 30 30 30 30 30 30 30 30 30 30 30 30 30 30 30 30 30 30 30 30 30 30 30  0 30 30 30 30 30 30 30 30 30 30 30 30 30 30 30 30 30 30 30 30 30 30 30 30 30
 30 30 30 30 30 30 30 30 30 30 30 30 30 30 30 30 30 30 30 30 30 30 30 30 30  0 30 30 30 30 30 30 30 30 30 30 30 30 30 30 30 30 30 30 30 30 30 30 30 30
 30 30 30 30 30 30 30 30 30 30 30 30 30 30 30 30 30 30 30 30 30 30 30 30 30 30  0 30 30 30 30 30 30 30 30 30 30 30 30 30 30 30 30 30 30 30 30 30 30 30
 30 30 30 30 30 30 30 30 30 30 30 30 30 30 30 30 30 30 30 30 30 30 30 30 30 30 30  0 30 30 30 30 30 30 30 30 30 30 30 30 30 30 30 30 30 30 30 30 30 30
 30 30 30 30 30 30 30 30 30 30 30 30 30 30 30 30 30 30 30 30 30 30 30 30 30 30 30 30  0 30 30 30 30 30 30 30 30 30 30 30 30 30 30 30 30 30 30 30 30 30
 30 30 30 30 30 30 30 30 30 30 30 30 30 30 30 30 30 30 30 30 30 30 30 30 30 30 30 30 30  0 30 30 30 30 30 30 30 30 30 30 30 30 30 30 30 30 30 30 30 30
 30 30 30 30 30 30 30 30 30 30 30 30 30 30 30 30 30 30 30 30 30 30 30 30 30 30 30 30 30 30  0 30 30 30 30 30 30 30 30 30 30 30 30 30 30 30 30 30 30 30
 30 30 30 30 30 30 30 30 30 30 30 30 30 30 30 30 30 30 30 30 30 30 30 30 30 30 30 30 30 30 30  0 30 30 30 30 30 30 30 30 30 30 30 30 30 30 30 30 30 30
 30 30 30 30 30 30 30 30 30 30 30 30 30 30 30 30 30 30 30 30 30 30 30 30 30 30 30 30 30 30 30 30  0 30 30 30 30 30 30 30 30 30 30 30 30 30 30 30 30 30
 30 30 30 30 30 30 30 30 30 30 30 30 30 30 30 30 30 30 30 30 30 30 30 30 30 30 30 30 30 30 30 30 30  0 30 30 30 30 30 30 30 30 30 30 30 30 30 30 30 30
 30 30 30 30 30 30 30 30 30 30 30 30 30 30 30 30 30 30 30 30 30 30 30 30 30 30 30 30 30 30 30 30 30 30  0 30 30 30 30 30 30 30 30 30 30 30 30 30 30 30
 30 30 30 30 30 30 30 30 30 30 30 30 30 30 30 30 30 30 30 30 30 30 30 30 30 30 30 30 30 30 30 30 30 30 30  0 30 30 30 30 30 30 30 30 30 30 30 30 30 30
 30 30 30 30 30 30 30 30 30 30 30 30 30 30 30 30 30 30 30 30 30 30 30 30 30 30 30 30 30 30 30 30 30 30 30 30  0 30 30 30 30 30 30 30 30 30 30 30 30 30
 30 30 30 30 30 30 30 30 30 30 30 30 30 30 30 30 30 30 30 30 30 30 30 30 30 30 30 30 30 30 30 30 30 30 30 30 30  0 30 30 30 30 30 30 30 30 30 30 30 30
 30 30 30 30 30 30 30 30 30 30 30 30 30 30 30 30 30 30 30 30 30 30 30 30 30 30 30 30 30 30 30 30 30 30 30 30 30 30  0 30 30 30 30 30 30 30 30 30 30 30
 30 30 30 30 30 30 30 30 30 30 30 30 30 30 30 30 30 30 30 30 30 30 30 30 30 30 30 30 30 30 30 30 30 30 30 30 30 30 30  0 30 30 30 30 30 30 30 30 30 30
 30 30 30 30 30 30 30 30 30 30 30 30 30 30 30 30 30 30 30 30 30 30 30 30 30 30 30 30 30 30 30 30 30 30 30 30 30 30 30 30  0 30 30 30 30 30 30 30 30 30
 30 30 30 30 30 30 30 30 30 30 30 30 30 30 30 30 30 30 30 30 30 30 30 30 30 30 30 30 30 30 30 30 30 30 30 30 30 30 30 30 30  0 30 30 30 30 30 30 30 30
 30 30 30 30 30 30 30 30 30 30 30 30 30 30 30 30 30 30 30 30 30 30 30 30 30 30 30 30 30 30 30 30 30 30 30 30 30 30 30 30 30 30  0 30 30 30 30 30 30 30
 30 30 30 30 30 30 30 30 30 30 30 30 30 30 30 30 30 30 30 30 30 30 30 30 30 30 30 30 30 30 30 30 30 30 30 30 30 30 30 30 30 30 30  0 30 30 30 30 30 30
 30 30 30 30 30 30 30 30 30 30 30 30 30 30 30 30 30 30 30 30 30 30 30 30 30 30 30 30 30 30 30 30 30 30 30 30 30 30 30 30 30 30 30 30  0 30 30 30 30 30
 30 30 30 30 30 30 30 30 30 30 30 30 30 30 30 30 30 30 30 30 30 30 30 30 30 30 30 30 30 30 30 30 30 30 30 30 30 30 30 30 30 30 30 30 30  0 30 30 30 30
 30 30 30 30 30 30 30 30 30 30 30 30 30 30 30 30 30 30 30 30 30 30 30 30 30 30 30 30 30 30 30 30 30 30 30 30 30 30 30 30 30 30 30 30 30 30  0 30 30 30
 30 30 30 30 30 30 30 30 30 30 30 30 30 30 30 30 30 30 30 30 30 30 30 30 30 30 30 30 30 30 30 30 30 30 30 30 30 30 30 30 30 30 30 30 30 30 30  0 30 30
 30 30 30 30 30 30 30 30 30 30 30 30 30 30 30 30 30 30 30 30 30 30 30 30 30 30 30 30 30 30 30 30 30 30 30 30 30 30 30 30 30 30 30 30 30 30 30 30  0 30
 30 30 30 30 30 30 30 30 30 30 30 30 30 30 30 30 30 30 30 30 30 30 30 30 30 30 30 30 30 30 30 30 30 30 30 30 30 30 30 30 30 30 30 30 30 30 30 30 30  0
8
  0  5  4  5  5  5  5  5
  5  0  3  4  4  2  4  4
  4  3  0  3  3  3  3  3
  5  4  3  0  4  4  4  2
  5  4  3  4  0  4  2  4
  5  2  3  4  4  0  4  4
  5  4  3  4  2  4  0  4
  5  4  3  2  4  4  4  0
7
  0  3  3 11  4  2  4
  3  0  2 10  3  3  3
  3  2  0 10  3  3  3
 11 10 10  0 11 11 11
  4  3  3 11  0  4  2
  2  3  3 11  4  0  4
  4  3  3 11  2  4  0
8
  0  3 10  4  4  4  4  2
  3  0  9  3  3  3  3  3
 10  9  0 10 10 10 10 10
  4  3 10  0  4  2  4  4
  4  3 10  4  0  4  2  4
  4  3 10  2  4  0  4  4
  4  3 10  4  2  4  0  4
  2  3 10  4  4  4  4  0
9
  0  4  6  4  2  6  6  6  8
  4  0  6  2  4  6  6  6  8
  6  6  0  6  6  4  4  2  8
  4  2  6  0  4  6  6  6  8
  2  4  6  4  0  6  6  6  8
  6  6  4  6  6  0  2  4  8
  6  6  4  6  6  2  0  4  8
  6  6  2  6  6  4  4  0  8
  8  8  8  8  8  8  8  8  0
10
  0  4  4  4  4  2  2  4  4 10
  4  0  2  4  2  4  4  4  4 10
  4  2  0  4  2  4  4  4  4 10
  4  4  4  0  4  4  4  2  2 10
  4  2  2  4  0  4  4  4  4 10
  2  4  4  4  4  0  2  4  4 10
  2  4  4  4  4  2  0  4  4 10
  4  4  4  2  4  4  4  0  2 10
  4  4  4  2  4  4  4  2  0 10
 10 10 10 10 10 10 10 10 10  0
8
  0  2  4  4  4 12  2  4
  2  0  4  4  4 12  2  4
  4  4  0  2  4 12  4  4
  4  4  2  0  4 12  4  4
  4  4  4  4  0 12  4  2
 12 12 12 12 12  0 12 12
  2  2  4  4  4 12  0  4
  4  4  4  4  2 12  4  0
11
  0 10 10 10 11 11 10 10 10 10 10
 10  0  4  4  5  5  2  2  4  4  4
 10  4  0  4  5  5  4  4  2  2  4
 10  4  4  0  3  3  4  4  4  4  2
 11  5  5  3  0  2  5  5  5  5  3
 11  5  5  3  2  0  5  5  5  5  3
 10  2  4  4  5  5  0  2  4  4  4
 10  2  4  4  5  5  2  0  4  4  4
 10  4  2  4  5  5  4  4  0  2  4
 10  4  2  4  5  5  4  4  2  0  4
 10  4  4  2  3  3  4  4  4  4  0
13
  0  4  3  4  5  7  3  5  5  2  4  5  4
  4  0  5  4  3  7  5  5  5  4  2  3  4
  3  5  0  5  6  8  2  6  6  3  5  6  5
  4  4  5  0  5  7  5  3  3  4  4  5  2
  5  3  6  5  0  8  6  6  6  5  3  2  5
  7  7  8  7  8  0  8  8  8  7  7  8  7
  3  5  2  5  6  8  0  6  6  3  5  6  5
  5  5  6  3  6  8  6  0  2  5  5  6  3
  5  5  6  3  6  8  6  2  0  5  5  6  3
  2  4  3  4  5  7  3  5  5  0  4  5  4
  4  2  5  4  3  7  5  5  5  4  0  3  4
  5  3  6  5  2  8  6  6  6  5  3  0  5
  4  4  5  2  5  7  5  3  3  4  4  5  0
11
  0 14  4  5  2  4  5  4  2  4  4
 14  0 14 15 14 14 15 14 14 14 14
  4 14  0  5  4  2  5  4  4  4  2
  5 15  5  0  5  5  2  3  5  3  5
  2 14  4  5  0  4  5  4  2  4  4
  4 14  2  5  4  0  5  4  4  4  2
  5 15  5  2  5  5  0  3  5  3  5
  4 14  4  3  4  4  3  0  4  2  4
  2 14  4  5  2  4  5  4  0  4  4
  4 14  4  3  4  4  3  2  4  0  4
  4 14  2  5  4  2  5  4  4  4  0
12
  0  2  3  8  6  8  7  7  6 12  5  7
  2  0  3  8  6  8  7  7  6 12  5  7
  3  3  0  7  5  7  6  6  5 11  4  6
  8  8  7  0  8  2  5  3  8 12  7  5
  6  6  5  8  0  8  7  7  2 12  3  7
  8  8  7  2  8  0  5  3  8 12  7  5
  7  7  6  5  7  5  0  4  7 11  6  2
  7  7  6  3  7  3  4  0  7 11  6  4
  6  6  5  8  2  8  7  7  0 12  3  7
 12 12 11 12 12 12 11 11 12  0 11 11
  5  5  4  7  3  7  6  6  3 11  0  6
  7  7  6  5  7  5  2  4  7 11  6  0
14
  0  2  8  8  8  6  7 16  8  6  4  5  4  7
  2  0  8  8  8  6  7 16  8  6  4  5  4  7
  8  8  0  2  6  8  3 16  6  8  8  7  8  5
  8  8  2  0  6  8  3 16  6  8  8  7  8  5
  8  8  6  6  0  8  5 16  2  8  8  7  8  3
  6  6  8  8  8  0  7 16  8  2  6  3  6  7
  7  7  3  3  5  7  0 15  5  7  7  6  7  4
 16 16 16 16 16 16 15  0 16 16 16 15 16 15
  8  8  6  6  2  8  5 16  0  8  8  7  8  3
  6  6  8  8  8  2  7 16  8  0  6  3  6  7
  4  4  8  8  8  6  7 16  8  6  0  5  2  7
  5  5  7  7  7  3  6 15  7  3  5  0  5  6
  4  4  8  8  8  6  7 16  8  6  2  5  0  7
  7  7  5  5  3  7  4 15  3  7  7  6  7  0
28
  0  5  4 16 16 16 16  8 16  4  7  7  6 16 16  7 16 16 16 16  7 14 16 14 16  6  8 16
  5  0  5 17 17 17 17  5 17  5  4  4  9 17 17  4 17 17 17 17  4 15 17 15 17  9  5 17
  4  5  0 14 14 14 14  8 14  4  7  7  8 14 14  7 14 14 14 14  7 14 14 14 14  8  8 14
 16 17 14  0  4  4  4 20  2 16 19 19 20  4  4 19  4  4  2  4 19 26  2 26  4 20 20  4
 16 17 14  4  0  4  4 20  4 16 19 19 20  4  4 19  4  2  4  4 19 26  4 26  2 20 20  4
 16 17 14  4  4  0  4 20  4 16 19 19 20  4  2 19  4  4  4  2 19 26  4 26  4 20 20  2
 16 17 14  4  4  4  0 20  4 16 19 19 20  2  4 19  2  4  4  4 19 26  4 26  4 20 20  4
  8  5  8 20 20 20 20  0 20  8  3  3 12 20 20  3 20 20 20 20  3 18 20 18 20 12  2 20
 16 17 14  2  4  4  4 20  0 16 19 19 20  4  4 19  4  4  2  4 19 26  2 26  4 20 20  4
  4  5  4 16 16 16 16  8 16  0  7  7  8 16 16  7 16 16 16 16  7 12 16 12 16  8  8 16
  7  4  7 19 19 19 19  3 19  7  0  2 11 19 19  2 19 19 19 19  2 17 19 17 19 11  3 19
  7  4  7 19 19 19 19  3 19  7  2  0 11 19 19  2 19 19 19 19  2 17 19 17 19 11  3 19
  6  9  8 20 20 20 20 12 20  8 11 11  0 20 20 11 20 20 20 20 11 18 20 18 20  2 12 20
 16 17 14  4  4  4  2 20  4 16 19 19 20  0  4 19  2  4  4  4 19 26  4 26  4 20 20  4
 16 17 14  4  4  2  4 20  4 16 19 19 20  4  0 19  4  4  4  2 19 26  4 26  4 20 20  2
  7  4  7 19 19 19 19  3 19  7  2  2 11 19 19  0 19 19 19 19  2 17 19 17 19 11  3 19
 16 17 14  4  4  4  2 20  4 16 19 19 20  2  4 19  0  4  4  4 19 26  4 26  4 20 20  4
 16 17 14  4  2  4  4 20  4 16 19 19 20  4  4 19  4  0  4  4 19 26  4 26  2 20 20  4
 16 17 14  2  4  4  4 20  2 16 19 19 20  4  4 19  4  4  0  4 19 26  2 26  4 20 20  4
 16 17 14  4  4  2  4 20  4 16 19 19 20  4  2 19  4  4  4  0 19 26  4 26  4 20 20  2
  7  4  7 19 19 19 19  3 19  7  2  2 11 19 19  2 19 19 19 19  0 17 19 17 19 11  3 19
 14 15 14 26 26 26 26 18 26 12 17 17 18 26 26 17 26 26 26 26 17  0 26  2 26 18 18 26
 16 17 14  2  4  4  4 20  2 16 19 19 20  4  4 19  4  4  2  4 19 26  0 26  4 20 20  4
 14 15 14 26 26 26 26 18 26 12 17 17 18 26 26 17 26 26 26 26 17  2 26  0 26 18 18 26
 16 17 14  4  2  4  4 20  4 16 19 19 20  4  4 19  4  2  4  4 19 26  4 26  0 20 20  4
  6  9  8 20 20 20 20 12 20  8 11 11  2 20 20 11 20 20 20 20 11 18 20 18 20  0 12 20
  8  5  8 20 20 20 20  2 20  8  3  3 12 20 20  3 20 20 20 20  3 18 20 18 20 12  0 20
 16 17 14  4  4  2  4 20  4 16 19 19 20  4  2 19  4  4  4  2 19 26  4 26  4 20 20  0
0
