4 3
10 25 11 20 6 2 1 15 23
5 21 3 12 23 17 7 26 2
8 18 4 22 13 27 16 5 11
19 9 24 2 11 5 14 28 16
4 3
12 13 20 24 28 32 15 16 17
12 13 21 25 29 33 16 17 18
12 13 22 26 30 34 17 18 15
12 13 23 27 31 35 18 15 16
4 3
11 12 13 14 15 16 17 18 19
21 22 23 24 25 26 27 28 29
31 32 33 34 35 36 37 38 39
41 42 43 44 45 46 47 48 49
3 3
2 4 6 8 16 11 5 3 14
18 12 9 10 1 17 15 19 22
14 3 5 11 16 8 6 4 2
4 4
11 12 13 14 31 32 33 34 41 42 43 44 21 22 23 24
11 12 13 15 31 32 33 36 51 52 53 54 22 23 24 25
11 12 13 16 31 32 33 35 61 62 63 64 23 24 25 21
11 12 13 14 31 32 33 34 71 72 73 74 24 25 21 22
4 4
11 12 13 14 31 32 33 34 41 42 43 44 21 22 23 24
11 12 13 15 31 32 33 36 51 52 53 54 22 23 24 25
11 12 13 16 31 32 33 35 61 62 63 64 23 24 25 21
11 12 13 14 31 32 33 34 71 72 73 74 24 23 21 22
4 3
11 31 21 32 22 33 23 34 35
11 41 42 43 44 45 22 23 24
11 51 23 52 53 24 54 55 21
11 61 62 24 21 22 63 64 65
4 3
11 12 21 32 22 31 23 34 35
11 41 42 12 44 43 22 23 24
11 12 23 52 53 24 54 51 21
11 12 62 24 21 22 63 61 65
4 4
0 1 2 3 4 5 6 7 8 9 10 11 12 13 14 15
16 17 18 19 20 21 22 23 24 25 26 27 28 29 30 31
32 33 34 35 36 37 38 39 40 41 42 43 44 45 46 47
48 49 50 51 52 53 54 55 56 57 58 59 60 61 62 63
4 4
0 1 2 3 4 5 6 7 8 9 10 11 12 13 14 15
15 11 7 3 14 10 6 2 13 9 5 1 12 8 4 0
3 2 1 0 7 6 5 4 11 10 9 8 15 14 13 12
12 8 4 0 13 9 5 1 14 10 6 2 15 11 7 3
4 3
1 2 3 4 5 6 7 8 9
3 5 7 1 2 8 9 6 4
9 3 2 1 8 5 4 7 6
9 3 2 1 8 6 4 7 5
4 3
2 41 5 7 11 48 3 49 42
59 51 21 5 23 11 22 52 55
31 35 33 21 22 23 32 38 39
55 11 69 33 59 22 3 2 7
4 3
2 41 5 7 48 11 3 49 8
59 51 21 5 8 11 22 52 55
31 35 2 21 7 22 3 38 32
5 11 8 61 4 67 2 7 3
4 3
2 41 5 7 48 11 3 49 8
59 51 21 5 8 11 22 52 55
31 35 2 21 7 22 3 38 32
81 82 83 61 4 67 2 7 3
4 4
7 18 2 5 1 6 14 12 16 3 11 23 13 21 9 17
2 11 15 14 21 16 18 1 5 23 17 12 13 3 7 6
2 18 7 17 3 11 23 16 9 5 13 21 12 1 6 8
3 13 6 16 11 18 1 7 2 9 14 15 23 17 12 5
4 3
2 17 12 6 8 1 16 14 4
9 15 1 8 7 5 18 21 6
17 6 12 13 11 1 8 2 4
19 25 8 1 7 4 17 23 2
4 3
2 17 12 6 8 1 16 14 4
9 15 1 22 7 5 18 21 6
17 6 12 13 11 1 8 2 4
19 25 8 1 7 4 17 23 2
4 3
2 17 12 6 8 1 16 14 4
9 15 23 8 7 5 18 21 6
17 6 12 13 11 1 8 2 4
19 25 8 1 7 4 17 23 2
4 3
2 17 12 6 8 1 16 14 4
9 15 23 22 7 5 18 21 6
17 6 12 13 11 1 8 2 4
11 25 8 1 7 4 17 23 2
4 4
2 6 9 21 15 23 17 31 33 12 25 4 8 24 13 36
22 18 27 26 35 28 3 7 11 20 38 16 5 32 14 29
26 7 16 29 27 3 38 14 18 28 20 32 22 35 11 5
36 13 24 8 4 25 12 33 31 17 23 15 21 9 6 2
4 3
12 16 8 3 6 15 5 10 18
18 10 5 15 6 3 8 16 12
9 7 13 11 17 1 2 23 25
5 10 18 3 6 15 12 16 8
4 3
12 16 8 3 6 15 5 10 18
18 10 5 15 6 3 8 16 12
5 3 12 10 6 16 18 15 8
5 10 18 3 6 15 12 16 8
4 3
1 2 3 11 12 13 14 15 16
4 5 6 21 22 23 24 25 26
1 5 6 31 32 33 34 35 36
1 3 5 41 42 43 2 4 6
4 3
1 2 3 11 12 13 14 15 16
1 4 5 21 22 23 24 25 26
1 3 5 31 32 33 34 35 36
1 2 4 3 41 42 5 43 44
4 3
1 2 3 11 12 13 14 15 16
4 5 6 21 22 23 24 25 26
2 3 4 31 32 33 34 35 36
1 5 6 41 42 43 44 45 46
4 3
1 2 3 10 11 12 13 14 15
2 3 4 1 21 22 5 34 35
1 4 5 30 31 32 33 34 35
1 2 3 40 41 42 43 44 45
4 3
1 2 3 10 11 12 13 14 15
1 4 5 20 21 22 23 24 25
1 4 6 30 31 32 33 34 35
1 6 3 5 40 41 2 42 43
4 3
1 2 3 10 11 12 13 14 15
1 4 5 20 21 22 23 24 25
1 4 6 30 31 32 33 34 35
3 6 1 5 40 41 2 42 43
4 4
1 2 3 4 5 6 7 8 9 10 11 12 13 14 15 16
17 18 19 20 21 22 23 24 25 26 27 28 29 30 31 32
33 34 35 36 37 38 39 40 41 42 43 44 45 46 47 48
13 9 5 1 14 10 6 2 15 11 7 3 16 12 8 4
4 3
20 21 7 22 23 3 24 25 5
30 31 8 3 4 5 32 35 6
40 8 41 42 7 43 44 5 45
50 51 52 53 54 55 7 6 5
4 4
20 21 22 14 13 12 11 15 23 24 25 17 26 27 28 19
30 31 32 33 34 35 36 37 38 39 40 41 14 11 15 17
14 50 51 52 53 12 54 55 56 57 17 18 59 60 61 19
70 71 72 73 74 75 76 77 78 79 80 81 13 15 17 19
4 3
20 21 13 22 23 15 16 12 17
30 31 32 33 34 35 12 15 13
17 40 41 15 42 43 16 44 45
50 51 52 15 17 13 53 54 55
4 3
20 21 93 22 23 95 24 25 97
30 31 91 32 33 99 92 95 93
97 92 98 95 40 41 99 42 43
50 51 91 92 98 95 52 53 99
0 0
