8
0 0 0 2 2 2 0 0
1 1 1 1 0 0 0 0
4
1 1 2 2
0 0 2 2
48
1 0 0 0 0 1 1 1 0 1 0 1 2 0 0 1 1 1 1 1 1 1 1 2 2 1 0 1 0 1 0 1 2 0 0 0 1 0 0 2 0 0 0 0 1 0 0 1
0 0 0 0 0 2 0 1 0 0 0 0 1 0 1 1 0 0 0 1 1 0 0 1 0 0 0 1 0 1 2 1 1 0 0 0 0 2 1 0 0 0 0 1 0 1 0 0
88
0 1 0 0 1 2 1 1 1 1 1 1 1 0 0 1 0 1 0 1 1 2 0 0 1 1 1 1 0 0 0 1 1 2 2 0 1 0 1 1 0 1 0 0 1 2 1 1 1 1 1 1 1 2 0 0 1 0 1 0 1 1 0 0 0 1 1 0 0 1 1 1 0 1 1 1 0 1 0 0 0 0 0 0 1 1 0 1
1 1 1 0 0 0 0 1 1 1 0 2 2 2 1 1 0 2 2 0 1 0 2 1 0 0 1 1 1 1 0 0 1 0 0 2 2 0 0 0 2 0 0 0 2 1 1 0 1 1 1 0 1 0 1 1 0 0 2 0 1 0 1 0 0 0 1 0 0 1 1 2 1 1 1 0 0 1 1 0 1 2 0 0 1 0 0 1
24
0 0 0 1 1 0 1 1 1 0 2 1 1 1 0 1 1 1 1 2 0 2 1 1
0 0 0 0 1 1 2 1 1 0 0 1 0 0 0 0 0 0 0 0 2 1 0 0
41
1 0 1 0 1 1 1 0 1 0 0 1 1 0 0 1 1 0 1 1 0 1 1 0 0 2 0 1 2 1 0 0 0 0 2 0 1 1 1 0 0
0 1 0 1 0 1 0 0 1 1 0 0 0 1 1 2 1 1 1 0 1 2 0 1 0 0 1 1 1 0 0 1 0 1 1 0 0 0 2 1 0
79
1 1 1 0 0 0 0 0 2 0 0 1 0 2 1 1 0 2 2 0 0 0 1 1 0 0 1 1 2 0 0 1 1 0 0 0 0 1 1 0 1 0 0 0 2 0 0 1 1 0 1 1 0 1 0 1 0 1 1 1 0 0 0 0 0 0 1 0 2 1 2 0 1 1 0 0 1 1 0
0 1 1 2 1 1 1 0 1 0 2 0 2 1 0 2 1 1 0 1 1 2 1 1 0 0 1 1 0 0 0 0 0 0 2 0 1 1 0 0 0 0 1 1 2 1 1 0 0 1 1 0 0 1 0 2 1 1 0 1 0 0 2 1 2 0 2 2 0 0 2 1 1 1 1 0 1 2 1
52
1 1 1 0 1 2 1 2 1 1 0 0 1 0 1 0 1 0 1 0 1 0 0 1 1 0 1 1 1 0 0 0 0 2 1 0 0 0 1 1 0 0 0 0 1 1 1 1 0 1 1 0
0 0 1 0 0 2 1 0 2 1 0 0 0 1 0 1 1 1 0 1 1 1 1 0 1 0 2 2 0 0 1 2 2 2 1 0 2 1 0 0 1 1 1 0 0 0 1 0 0 0 1 0
70
0 0 0 1 1 0 1 0 0 0 0 1 0 0 0 2 1 1 0 0 0 0 1 1 0 0 0 1 1 0 1 0 1 1 1 2 1 0 0 1 1 1 2 1 0 1 1 0 1 1 2 0 1 0 0 1 1 1 0 0 1 0 1 1 1 0 0 0 1 1
0 2 1 1 1 2 0 0 0 1 1 1 0 1 0 1 1 0 1 1 1 1 1 2 1 0 0 1 1 1 0 0 0 0 1 1 1 1 1 0 0 0 0 1 1 1 1 1 0 1 0 1 0 1 0 0 1 0 2 1 1 2 0 0 0 1 1 1 1 1
27
1 1 0 1 0 0 1 0 1 0 0 0 0 0 0 2 1 1 1 0 1 1 0 1 1 2 0
1 1 1 1 2 1 1 2 0 0 2 1 1 0 0 0 1 0 1 2 1 1 1 2 0 1 0
60
1 0 1 0 1 0 0 1 2 1 0 1 0 2 1 0 1 1 1 0 0 0 0 1 1 1 0 2 0 1 0 2 2 2 0 0 1 0 0 0 1 1 0 1 0 2 2 1 1 0 0 1 0 1 0 0 1 0 0 1
1 0 1 0 2 1 0 0 1 0 0 1 1 0 0 1 1 0 1 1 1 1 1 2 1 0 0 1 1 1 1 1 1 1 0 0 0 1 1 1 0 0 1 1 1 1 1 1 0 1 2 0 1 0 0 1 0 0 0 1
79
1 0 0 1 0 0 0 2 1 1 0 0 0 1 1 1 0 0 1 1 0 0 1 1 1 2 0 1 1 0 1 0 0 0 1 0 1 1 2 0 0 1 1 2 1 1 1 0 0 0 1 0 0 1 1 0 1 0 1 0 1 1 0 0 0 0 0 2 0 0 0 0 1 1 1 0 2 2 0
0 1 1 0 1 1 1 1 0 0 1 0 1 0 0 0 2 0 0 0 2 0 1 1 0 1 1 0 1 0 0 0 1 1 1 1 0 1 0 0 0 1 0 0 1 2 1 0 1 0 1 0 2 0 1 0 0 1 1 0 0 0 0 1 1 1 1 2 0 1 0 1 1 0 0 0 1 1 0
30
0 1 2 0 1 0 1 1 1 2 2 1 0 0 1 1 0 0 2 1 2 1 1 1 1 0 0 0 0 1
0 0 1 1 0 1 1 0 2 1 2 2 1 0 0 0 0 1 2 0 1 1 1 1 1 0 0 1 2 0
31
0 1 1 0 0 1 0 1 2 0 1 0 0 1 2 0 1 1 1 0 0 1 1 2 1 0 1 0 1 1 1
1 2 1 0 2 1 0 1 1 0 1 1 1 0 2 0 0 0 1 1 0 0 0 0 1 0 1 0 0 0 1
60
1 2 1 0 1 1 0 0 2 0 0 0 0 1 0 1 1 1 1 0 1 1 0 0 1 1 0 0 1 0 1 0 1 1 1 0 1 0 1 1 0 1 1 0 0 0 0 1 0 1 2 1 0 1 0 1 2 1 1 1
0 0 1 0 0 0 0 0 1 1 0 1 0 1 2 0 1 1 1 1 1 2 0 2 0 0 0 1 0 1 1 0 0 0 1 0 0 1 0 1 1 1 0 2 1 0 1 1 1 1 1 0 0 0 1 1 1 1 0 1
85
1 0 1 0 0 0 0 1 1 0 2 1 0 0 0 0 1 1 1 0 1 0 0 2 0 1 1 2 0 0 0 1 0 0 2 0 1 1 1 0 0 1 0 1 0 1 0 1 1 0 0 1 0 1 1 1 0 0 0 1 0 2 1 0 1 0 1 0 1 1 0 0 1 1 1 0 0 0 1 0 1 0 0 2 0
0 0 1 0 0 0 1 1 2 0 1 1 2 1 1 1 1 1 1 0 1 0 0 1 1 0 2 1 0 0 0 1 1 0 1 0 1 1 1 0 1 0 1 0 0 1 1 0 1 2 1 0 0 1 1 1 0 1 1 1 1 1 0 1 0 1 1 0 0 1 0 0 1 1 2 0 0 2 1 0 0 1 0 0 1
46
1 2 1 0 1 0 1 0 0 0 1 0 1 1 1 0 1 0 0 1 2 0 2 2 0 0 0 0 0 2 1 0 1 0 1 0 1 0 1 1 0 0 0 1 0 1
0 2 1 0 1 1 1 0 0 2 1 2 1 0 0 1 1 1 1 0 0 0 1 0 1 1 1 0 0 1 1 0 2 1 0 0 1 0 1 1 0 0 1 0 2 0
99
1 0 0 0 1 0 0 1 1 0 1 1 1 1 1 1 0 0 0 0 0 0 1 0 1 0 1 0 1 0 1 0 1 1 1 0 0 0 1 1 0 1 0 0 0 2 0 0 0 0 0 2 2 0 2 0 2 1 0 2 0 0 1 1 0 1 2 0 0 0 0 1 1 1 1 0 2 2 0 0 0 0 1 2 0 1 1 0 0 1 0 1 1 1 1 1 1 1 0
0 1 1 1 0 0 0 2 0 2 0 1 0 1 1 1 2 2 2 0 1 0 0 1 1 0 1 0 2 2 0 0 1 0 1 1 1 0 0 1 0 2 0 0 0 1 0 1 0 0 1 0 0 1 1 0 0 0 1 0 0 1 0 1 0 0 1 1 0 1 0 1 0 0 1 0 2 0 0 1 0 2 0 1 0 1 1 1 0 0 1 0 1 1 0 0 2 1 1
9
0 1 1 1 0 1 1 0 1
0 0 0 2 0 0 0 0 0
52
0 1 0 1 1 0 0 1 0 1 0 1 1 0 0 1 2 0 1 2 1 0 1 0 0 0 2 1 0 0 0 0 2 1 1 1 0 0 2 0 0 1 1 0 1 0 0 0 1 2 0 1
0 1 0 0 0 1 2 1 1 2 1 0 1 1 1 0 0 1 0 1 0 0 0 2 0 2 1 0 0 1 1 0 1 0 1 2 1 1 0 1 0 1 1 1 0 0 0 2 1 1 0 1
49
1 0 1 1 1 0 1 1 0 1 0 1 1 1 0 1 2 0 0 1 1 0 1 0 1 0 1 0 1 0 2 1 1 1 1 0 0 0 1 1 0 1 2 0 0 0 0 1 0
1 1 1 1 1 1 1 1 0 1 0 0 2 0 1 0 0 1 1 0 0 0 1 1 0 0 1 0 1 2 0 0 0 1 0 0 2 1 1 1 0 2 1 1 2 0 1 0 1
14
1 0 0 0 1 2 2 1 0 1 0 1 0 1
1 0 1 0 1 1 0 0 2 1 0 0 1 1
58
0 0 0 1 0 0 1 1 1 0 0 1 0 1 1 1 0 2 1 0 1 0 1 0 2 1 1 1 0 0 1 1 0 1 2 0 2 0 1 0 0 0 0 0 1 1 1 0 1 1 0 0 1 0 1 1 2 0
0 0 2 0 1 0 2 0 1 1 2 1 0 1 2 0 0 0 2 0 1 1 1 0 1 0 1 0 0 0 1 1 0 1 0 1 1 1 0 0 0 1 0 1 1 0 0 2 1 1 1 0 2 0 1 1 1 1
99
0 1 0 1 0 1 1 1 2 2 1 0 1 0 0 1 0 0 1 0 1 0 1 0 0 1 2 0 1 0 1 0 0 1 0 0 0 0 0 1 1 1 0 0 0 0 0 1 1 0 2 1 0 0 1 1 0 1 0 1 0 0 0 0 1 1 1 1 1 0 0 1 1 1 1 1 1 1 1 0 0 1 0 0 1 1 1 1 0 1 1 0 0 2 0 0 0 0 1
1 0 0 1 0 0 1 1 0 0 0 1 0 0 1 1 1 1 0 0 1 0 2 0 0 0 0 0 0 1 1 0 1 1 0 1 1 0 0 0 1 1 0 0 1 1 0 1 2 1 0 0 0 2 1 1 1 0 1 1 1 1 1 0 1 1 2 1 1 1 0 0 0 0 1 0 0 1 1 0 1 1 0 2 0 0 1 1 0 1 0 2 2 1 1 1 0 1 0
38
1 1 0 0 1 2 1 0 2 1 1 0 1 1 1 0 0 1 1 1 0 1 1 0 1 1 1 0 0 0 0 1 0 1 2 1 1 0
0 2 0 1 1 1 0 0 1 1 0 0 0 0 0 2 1 1 0 2 1 1 1 0 0 2 0 0 0 1 0 0 1 0 1 1 1 0
32
0 1 2 2 1 1 1 1 1 1 0 1 0 0 1 2 0 1 1 0 0 0 1 0 0 2 1 1 1 1 1 0
1 0 0 1 1 1 2 0 0 0 1 1 1 2 1 0 0 0 1 2 0 1 0 1 1 1 1 0 1 1 1 1
59
0 0 1 1 1 0 0 1 1 0 0 1 1 0 1 0 0 1 0 1 0 1 0 0 1 0 1 2 0 1 2 0 1 1 1 1 1 0 0 1 1 1 1 0 1 0 0 0 1 1 1 1 2 2 1 0 1 0 1
1 1 0 1 1 0 0 0 0 0 1 0 1 0 2 0 1 2 1 0 0 0 0 2 0 0 1 1 1 0 0 2 0 0 0 0 0 1 1 1 0 0 1 1 1 1 1 1 0 0 0 0 1 0 1 2 0 1 1
35
1 1 0 1 1 1 1 2 0 1 1 1 0 1 1 0 0 1 1 1 1 1 1 1 0 0 1 1 2 1 1 1 1 0 0
0 0 0 1 1 1 1 1 1 0 0 0 0 0 0 1 1 1 0 0 0 1 1 0 0 0 0 0 0 2 0 1 1 1 0
20
1 1 0 1 1 1 1 1 0 0 1 0 0 0 1 0 1 0 0 0
1 1 1 0 1 1 0 0 1 1 1 2 0 2 0 1 0 0 0 0
33
0 2 2 0 1 0 0 1 1 2 1 1 1 0 2 1 1 0 0 1 0 1 1 0 1 1 1 1 1 2 0 0 0
1 1 1 0 0 0 1 0 0 0 1 1 0 1 0 0 1 2 2 1 0 0 1 1 0 1 1 1 1 1 0 2 0
30
0 0 1 0 0 0 0 0 1 0 0 0 1 1 1 0 2 2 1 0 1 1 0 1 0 0 0 1 0 0
1 0 1 1 1 2 0 0 1 2 0 1 1 1 0 0 1 1 0 0 1 1 0 0 0 2 0 0 0 0
99
1 0 0 0 2 1 1 0 0 0 2 1 1 1 0 1 2 0 1 0 0 1 0 0 0 1 1 0 0 0 0 1 1 0 1 1 0 2 1 1 0 1 2 2 2 0 1 0 0 0 1 0 2 1 1 1 0 0 0 2 1 1 0 0 1 0 1 0 0 0 0 1 1 1 2 1 0 1 2 0 2 1 0 1 1 0 1 1 1 0 1 0 0 0 0 0 0 2 1
1 2 1 0 2 2 1 1 1 2 0 0 0 1 0 1 0 1 0 0 1 1 1 0 0 0 2 1 0 0 1 0 1 1 0 0 0 1 1 1 0 0 0 1 1 0 1 1 1 1 0 0 2 1 0 1 1 0 0 0 0 0 1 0 1 1 0 1 1 1 2 0 0 1 1 0 1 0 0 1 2 0 0 0 0 1 1 0 1 1 0 1 2 1 0 0 1 1 1
88
1 1 1 0 0 0 1 1 0 2 0 0 0 1 0 1 2 0 1 1 1 0 1 1 0 1 1 1 0 1 1 0 2 1 1 1 1 0 1 1 0 1 1 0 1 0 1 2 1 1 2 1 0 0 0 0 0 2 1 0 0 0 1 0 1 0 1 0 0 0 1 2 0 1 1 2 1 1 1 1 0 0 1 2 1 1 2 0
0 0 0 0 0 0 1 1 2 1 0 0 0 1 1 2 1 0 1 0 1 0 1 0 1 1 0 0 1 1 1 1 1 1 2 1 0 0 1 1 0 0 0 0 0 0 1 0 0 0 0 1 0 0 1 0 1 1 1 1 0 1 1 1 0 2 1 0 1 1 0 1 0 2 0 1 0 0 1 0 1 0 2 1 1 1 2 0
77
1 0 1 1 1 1 0 1 2 2 1 0 0 1 0 2 1 0 0 1 1 0 0 1 2 0 0 1 0 1 1 1 0 1 0 1 0 0 0 0 0 0 1 0 0 1 0 2 0 1 1 0 0 0 0 1 0 1 1 1 0 0 0 0 2 1 1 1 1 1 0 1 0 0 1 0 1
0 0 1 1 0 1 1 0 0 2 1 1 0 0 1 1 1 0 0 0 1 1 1 0 0 1 0 2 1 0 1 1 0 1 1 1 2 2 1 0 0 0 0 0 1 0 0 0 1 0 0 1 0 0 0 2 1 0 2 1 2 1 0 0 0 0 0 0 1 0 1 0 0 0 1 1 0
71
0 0 1 0 0 0 1 1 0 0 0 1 2 0 1 0 0 0 0 0 1 0 0 0 1 1 1 0 0 0 1 0 1 2 0 1 1 1 1 0 0 1 0 1 0 0 1 1 2 2 0 1 0 0 2 1 0 0 0 1 0 1 0 0 0 0 1 1 0 1 1
1 0 2 0 0 2 1 1 0 1 1 0 1 1 1 0 0 0 0 0 2 1 0 0 1 1 0 2 0 0 2 1 1 2 1 2 0 1 0 1 0 2 1 1 1 0 0 1 1 1 0 1 0 1 0 0 0 1 0 0 1 1 1 1 2 1 2 1 1 1 0
70
0 1 0 2 2 1 1 2 0 1 1 0 0 1 0 1 2 1 0 1 0 1 0 1 2 2 1 1 0 2 0 0 1 0 0 0 1 1 2 1 0 1 1 1 0 2 1 2 0 1 0 0 1 2 0 1 0 0 1 2 1 0 0 1 0 1 0 0 0 0
1 1 2 1 0 0 0 1 0 2 0 2 1 2 1 0 1 0 0 0 0 0 1 0 0 2 2 1 0 1 1 0 1 0 0 1 1 0 0 2 1 1 2 1 1 1 0 0 1 0 1 1 0 1 1 1 0 1 0 0 1 1 1 0 1 0 0 1 1 0
34
0 0 1 0 1 0 2 1 2 1 0 1 1 1 1 0 0 0 2 1 1 1 0 1 0 1 1 1 0 0 2 0 1 1
0 0 0 0 1 1 1 2 1 1 1 0 1 0 1 1 0 0 1 1 0 0 1 0 1 0 0 1 0 2 2 1 0 0
17
1 1 0 1 1 0 0 1 1 0 1 0 1 0 0 1 0
0 0 1 0 0 1 2 0 0 0 1 1 0 0 0 2 0
58
0 0 0 0 0 2 2 2 0 1 1 2 1 1 1 0 0 0 1 0 0 1 1 1 0 0 1 0 0 0 0 1 0 0 0 1 0 0 1 0 1 1 1 1 0 1 1 0 1 0 0 1 0 0 1 2 0 0
0 1 1 0 0 0 1 0 1 1 0 0 1 2 0 2 0 1 0 1 0 0 1 0 1 1 1 1 0 0 0 0 0 0 1 0 0 0 1 0 1 0 1 0 2 1 1 1 0 0 0 0 1 0 1 1 0 1
39
1 1 1 2 1 0 0 1 0 0 0 1 0 2 0 1 2 1 0 1 2 1 0 2 1 1 1 1 1 1 1 0 0 0 0 2 1 1 0
0 1 0 1 1 0 0 0 0 0 0 0 1 2 1 1 2 1 0 0 2 0 2 1 1 0 0 1 1 0 1 1 0 0 0 1 0 0 1
73
1 0 1 0 0 0 1 0 2 0 1 0 0 1 2 1 1 1 1 0 1 2 0 0 0 2 1 1 1 2 0 0 1 1 1 0 2 1 0 0 0 1 0 1 0 1 1 0 0 0 1 1 0 1 0 0 0 1 1 2 1 1 1 0 0 1 1 1 0 0 1 0 1
1 1 0 1 0 1 1 0 0 1 0 1 0 1 1 0 1 0 0 0 2 1 0 0 1 1 0 0 1 2 0 1 1 0 0 0 1 1 0 1 1 0 0 0 1 0 1 1 0 1 0 1 1 0 0 0 1 1 0 1 1 0 0 0 1 2 0 0 1 1 0 0 1
71
0 1 0 1 1 1 0 0 1 0 0 1 0 0 1 0 1 1 1 0 1 0 1 0 0 0 2 1 1 0 0 1 1 1 0 1 0 1 0 0 2 1 0 1 1 2 0 0 1 2 1 0 0 0 1 2 1 1 0 2 0 1 1 0 2 0 1 1 0 1 1
0 2 1 1 1 0 1 1 0 1 1 1 0 1 1 0 0 0 0 1 1 2 1 2 1 1 1 1 1 0 0 0 1 1 0 0 1 1 0 1 0 1 0 0 0 0 1 1 0 0 1 1 0 0 0 0 0 0 1 1 0 0 2 0 0 0 0 2 0 0 1
89
0 0 1 1 1 0 1 2 1 1 1 0 0 1 1 1 1 1 1 1 0 0 1 1 1 0 0 1 0 1 0 1 1 1 0 2 0 0 0 0 0 1 1 0 1 1 1 1 0 0 1 0 1 1 1 1 0 0 0 1 1 0 1 0 0 1 1 1 1 0 0 0 0 1 0 0 0 1 1 1 0 1 0 1 0 1 2 1 1
0 1 1 1 0 1 1 1 0 1 2 1 0 2 1 0 1 1 0 2 1 0 0 0 2 0 2 1 1 0 1 1 1 1 0 1 1 0 0 0 0 0 1 0 0 0 1 1 1 2 0 1 0 1 0 2 1 1 0 1 0 1 0 1 1 0 0 2 1 0 2 0 0 2 1 1 1 0 0 1 0 1 2 1 0 0 0 0 0
19
0 0 1 0 1 1 1 0 1 0 0 1 1 1 0 1 1 0 1
1 1 0 0 1 1 0 0 1 1 1 0 0 0 0 1 1 0 0
7
0 0 1 0 0 0 1
0 1 0 1 0 0 1
25
0 0 0 0 0 1 0 0 0 1 1 1 2 0 0 0 0 1 0 1 0 0 1 0 0
0 1 0 2 1 1 2 1 1 0 1 1 0 1 1 1 2 1 1 1 0 1 1 0 1
44
0 1 2 2 1 1 1 1 1 0 0 0 1 0 0 1 0 1 0 1 0 1 1 2 1 1 0 1 1 1 0 2 1 0 0 0 2 0 2 0 0 1 0 1
0 1 0 1 1 1 1 1 1 0 2 1 0 1 2 1 0 1 1 1 0 0 1 1 1 0 0 0 1 0 1 2 0 1 0 0 1 1 0 0 1 0 1 1
71
1 1 0 1 0 1 1 1 0 1 0 1 0 1 0 0 1 1 0 0 1 1 0 0 1 0 0 1 0 1 0 0 1 0 2 1 2 0 0 1 1 0 2 0 0 1 1 1 1 0 0 0 0 0 0 0 0 0 1 0 0 1 0 0 1 0 2 0 0 1 0
1 1 0 1 1 0 1 1 2 0 0 0 2 1 1 2 1 0 0 0 1 0 1 0 1 1 2 1 1 0 0 0 0 0 1 1 0 1 0 1 0 0 2 0 0 1 1 1 0 0 1 0 1 1 1 1 0 1 0 2 1 0 1 0 0 0 1 1 0 0 1
8
0 1 1 0 0 1 2 1
0 2 0 2 2 1 1 1
13
0 0 1 1 2 0 1 1 0 0 2 0 1
0 1 1 0 1 0 0 1 0 0 1 0 1
56
0 0 1 0 0 2 1 1 1 0 2 1 0 2 2 1 0 0 1 2 1 0 0 2 1 1 0 1 0 1 1 1 2 1 1 2 0 1 0 1 1 2 0 0 0 0 0 0 0 2 2 1 0 1 1 0
1 1 0 0 1 0 0 1 0 1 1 2 2 0 1 0 0 0 1 1 0 1 2 1 0 0 2 1 1 0 1 1 0 1 0 0 0 0 1 1 1 2 1 0 1 1 0 1 0 0 0 1 1 0 0 0
50
0 0 1 0 0 0 2 2 0 1 1 1 0 0 1 1 0 1 2 0 1 0 2 0 1 1 1 1 0 1 1 1 1 0 1 0 1 2 1 1 2 0 1 1 0 1 1 2 0 0
0 2 0 1 0 0 1 1 0 1 1 0 1 2 1 1 1 1 0 2 1 0 1 1 1 1 0 1 0 0 1 0 2 0 1 1 1 1 0 2 1 0 0 2 1 2 1 0 1 0
5
1 1 1 1 1
0 2 2 2 2
0
