1 2 0
1
1 2 1
1
1 2 100
1 2 1
2
1 2 100
2 2 1
1 2
1 2 100
4 5 3
1 2 3 4
1 1 2
2 2 100
4 3 60
1 5 3
1
1 3 11
4 2 9
3 1 3
4 45 21
1 4 2 3
44 2 74
31 2 83
17 1 2
10 3 61
18 2 87
13 3 56
32 2 44
38 3 22
40 1 5
24 2 14
36 3 63
9 2 5
33 3 83
35 2 44
7 3 23
27 1 1
42 3 70
12 3 30
15 1 8
25 3 65
30 2 97
2 19 16
2 1
8 1 5
3 3 90
9 2 5
7 1 1
11 1 7
14 2 67
17 2 16
15 2 5
2 3 20
4 2 10
16 3 39
12 1 5
5 2 38
10 2 33
1 3 50
18 1 10
2 46 25
2 1
1 2 49
42 1 7
35 3 100
27 2 47
34 3 18
11 1 4
3 1 9
4 1 3
24 3 45
28 3 49
14 1 7
44 1 1
33 3 72
40 3 70
13 3 22
29 1 8
36 2 44
25 3 88
41 1 9
7 1 3
16 2 4
20 3 79
45 2 26
31 3 63
8 1 5
1 31 0
1
4 31 13
2 4 3 1
16 2 82
3 2 31
30 3 35
11 3 6
26 2 47
27 1 10
7 1 4
10 2 13
17 1 5
22 1 7
20 2 39
5 2 45
4 1 9
3 27 9
1 2 3
1 3 87
8 3 20
22 1 5
4 2 74
13 3 81
14 3 90
3 1 4
5 2 87
6 3 87
3 6 1
2 3 1
3 3 5
2 47 23
2 1
35 3 87
23 1 4
26 3 11
44 2 30
46 1 8
12 2 60
28 3 5
19 3 36
38 1 8
16 2 49
3 3 29
1 3 26
7 3 48
20 2 15
15 3 55
8 1 5
11 3 41
29 3 46
37 2 39
17 3 86
5 2 95
21 2 58
9 2 83
2 17 13
2 1
14 2 41
11 2 41
9 2 71
6 1 7
16 1 6
3 3 92
13 3 5
2 3 89
7 2 14
12 2 77
5 3 76
1 2 61
10 1 6
2 19 3
1 2
13 2 91
17 1 4
1 3 80
2 8 5
1 2
5 1 3
2 3 47
7 3 31
6 3 33
4 2 12
1 23 11
1
11 1 8
17 3 4
21 3 53
14 1 4
12 1 2
6 1 5
15 1 6
13 3 56
8 1 7
3 2 9
5 2 62
3 20 14
2 3 1
9 1 8
1 1 10
16 2 52
14 3 54
7 1 7
5 3 48
15 2 9
13 1 7
3 2 45
6 3 76
12 1 6
11 3 77
10 1 1
2 1 5
3 24 5
2 3 1
5 1 4
20 1 2
17 1 10
14 3 55
19 1 1
3 36 5
1 3 2
35 2 42
8 1 4
15 1 2
23 2 71
19 1 5
3 15 7
1 2 3
14 3 44
5 1 9
1 1 2
11 3 72
3 1 9
8 2 38
10 3 75
1 27 20
1
8 3 24
10 1 2
3 2 94
4 2 45
5 2 60
12 1 9
7 3 24
26 1 4
13 1 4
23 2 85
19 3 63
16 2 73
24 2 46
11 1 3
1 2 43
15 3 18
22 2 62
25 1 10
21 1 5
20 2 46
3 19 6
3 2 1
5 1 4
1 2 42
11 3 78
8 3 98
3 3 23
7 1 1
4 25 1
2 3 1 4
6 3 76
3 10 6
1 3 2
3 3 15
2 1 1
4 2 78
1 1 10
5 1 2
7 2 63
3 8 5
1 3 2
3 2 54
5 2 73
6 2 20
4 1 1
1 1 10
3 29 10
1 2 3
6 1 8
28 2 67
10 2 10
23 1 6
4 1 2
13 3 78
9 3 100
18 1 7
5 3 16
15 2 65
4 39 30
4 2 1 3
2 3 20
11 1 2
8 2 89
1 2 36
9 2 96
30 3 62
21 2 100
37 2 2
15 1 4
35 1 3
7 3 10
34 1 1
4 2 77
23 2 3
29 1 7
28 2 96
18 3 34
12 2 51
17 1 4
24 1 6
19 1 3
20 2 64
10 1 3
36 3 79
13 1 9
22 1 9
33 2 58
31 1 3
5 1 10
26 2 95
4 41 10
2 1 4 3
20 1 7
40 1 5
36 1 4
11 2 66
39 1 3
1 1 1
15 3 49
38 1 3
4 3 7
34 2 4
4 15 12
4 1 2 3
8 1 1
3 3 83
13 2 8
12 3 31
2 1 1
1 3 75
5 1 1
11 3 71
6 1 1
14 1 3
7 3 73
10 2 77
2 3 2
1 2
2 2 69
1 3 87
1 43 14
1
36 1 8
30 2 96
10 3 8
18 3 100
1 2 93
24 1 2
32 3 38
39 3 47
17 2 90
31 2 74
22 3 54
35 2 76
21 1 1
11 2 90
3 50 36
3 2 1
37 3 88
39 1 4
34 1 3
27 3 82
30 2 72
42 2 59
28 3 83
9 3 52
47 1 5
48 2 93
21 3 22
49 2 28
23 1 7
20 1 4
3 2 45
40 1 6
36 3 16
2 3 100
13 3 73
43 2 57
17 1 6
44 3 43
7 3 1
25 2 36
4 2 68
8 1 8
5 1 4
35 2 13
1 3 15
10 3 14
12 2 49
29 2 46
11 2 73
38 3 89
22 1 6
18 1 9
2 22 12
2 1
10 3 76
2 3 79
14 1 4
17 2 78
21 3 24
3 3 27
4 3 78
12 3 20
1 1 1
13 2 2
18 3 3
15 3 48
4 50 49
3 1 4 2
27 1 7
3 1 8
18 3 55
45 3 93
19 3 9
15 2 93
38 3 91
14 2 53
44 2 2
49 2 12
8 2 30
34 2 83
29 3 91
21 1 10
48 2 62
6 1 7
12 3 25
31 1 4
23 2 78
16 1 7
22 3 11
39 2 20
25 2 97
46 2 10
40 2 73
42 1 1
1 2 3
17 3 52
36 3 24
26 3 37
2 2 91
20 1 8
13 1 5
43 2 7
37 2 51
35 2 63
24 1 10
47 2 87
7 3 78
30 2 2
11 2 73
4 2 61
32 1 8
28 1 8
10 1 9
41 3 97
5 1 8
9 3 7
33 1 8
4 50 49
4 1 2 3
6 1 8
26 3 48
47 3 28
1 2 7
33 1 4
14 1 3
8 2 78
44 3 94
3 2 25
39 2 38
23 1 4
5 1 1
32 2 50
2 1 10
31 1 7
43 1 10
30 3 78
4 3 53
22 3 64
48 1 4
21 2 43
10 2 76
17 3 61
24 2 23
38 3 35
19 3 37
7 1 6
15 2 14
20 3 78
49 2 60
37 1 10
42 1 4
18 2 37
27 1 10
35 1 8
46 1 4
40 1 5
9 3 11
41 3 40
45 3 18
29 1 6
25 1 6
12 1 10
16 3 91
13 3 38
36 1 5
28 2 70
11 2 10
34 3 33
4 50 49
4 3 2 1
35 2 76
37 2 19
22 1 7
13 2 99
23 1 4
15 3 18
21 2 39
11 3 10
33 1 7
4 3 38
2 3 96
12 3 14
29 1 2
44 3 99
3 3 53
47 1 7
16 2 42
31 2 42
48 2 4
5 2 17
28 3 55
36 1 8
46 2 47
26 2 40
32 3 71
49 1 3
27 2 36
41 3 61
10 2 99
25 1 3
7 1 7
19 1 5
38 3 88
1 2 64
42 2 100
43 2 38
20 3 41
8 2 3
40 1 8
39 1 1
34 2 35
17 1 2
30 1 4
14 3 71
45 2 73
24 1 2
18 2 7
6 3 9
9 3 72
4 50 49
2 4 3 1
14 3 74
33 3 32
49 2 85
26 2 46
21 1 6
19 1 3
5 1 4
16 3 41
47 3 77
13 3 92
23 2 91
46 3 77
29 3 54
37 2 89
48 3 88
7 3 48
6 3 95
44 3 24
39 3 93
40 1 2
36 2 81
2 3 2
27 3 39
20 2 82
42 3 23
10 3 44
35 1 10
4 3 7
15 3 37
11 1 4
17 2 66
28 2 61
30 3 57
9 3 54
38 1 10
41 3 11
8 1 1
45 2 54
43 2 27
34 1 2
31 2 6
12 1 6
24 3 13
3 1 9
32 1 5
1 3 32
22 2 44
25 2 52
18 1 6
4 50 49
4 2 3 1
36 2 36
26 2 93
29 3 58
33 1 10
21 3 70
30 2 78
35 1 4
42 2 75
16 1 6
15 2 39
38 2 79
48 2 70
44 3 97
46 3 72
43 2 14
34 3 58
13 2 25
19 3 67
25 3 32
10 1 4
5 1 8
40 1 8
39 1 3
4 1 8
32 2 91
27 1 8
14 3 86
12 1 3
9 2 69
3 3 47
45 1 1
17 3 79
23 3 96
49 2 33
31 1 3
37 1 6
11 1 2
2 1 7
8 3 77
7 3 45
28 2 55
18 1 1
41 1 2
6 2 56
22 2 79
20 2 19
1 2 37
47 3 38
24 1 5
4 50 49
3 4 1 2
13 2 83
39 1 9
6 3 81
7 3 88
9 2 37
26 3 66
18 1 4
16 3 90
38 3 95
29 3 37
4 2 66
34 1 1
12 2 82
45 2 18
33 1 8
48 1 2
36 3 42
10 1 3
21 1 6
31 3 18
30 2 74
46 1 1
20 3 59
24 3 34
3 3 21
27 3 55
47 3 29
40 3 26
37 3 47
44 2 68
1 3 70
5 1 6
41 1 8
35 3 69
19 1 3
23 3 10
32 2 45
17 2 14
43 3 26
49 2 32
22 1 9
11 2 64
28 2 20
25 2 6
42 3 30
14 1 9
15 3 44
2 3 25
8 3 32
4 50 49
3 2 1 4
46 1 8
21 1 7
37 1 3
33 1 7
35 3 26
30 3 27
4 2 26
28 1 7
27 1 1
1 3 51
18 2 30
36 1 10
43 3 26
39 1 9
8 3 17
40 3 31
29 1 8
31 3 91
48 3 82
34 1 7
13 3 12
49 3 23
24 2 25
3 3 35
7 1 10
11 3 55
6 2 13
22 2 1
32 1 10
15 3 13
47 1 5
23 2 76
26 1 3
17 2 58
14 3 3
38 2 81
16 3 79
45 3 95
10 3 91
9 2 7
5 1 3
19 1 9
44 3 40
25 3 81
42 2 78
41 2 67
12 3 10
2 1 5
20 2 58
4 50 49
4 3 2 1
3 3 45
5 1 10
38 2 13
44 2 59
36 3 49
28 1 4
46 3 31
18 1 4
16 1 6
25 1 10
26 1 4
27 1 10
14 1 3
49 3 26
10 3 42
41 1 2
33 3 40
47 3 67
30 3 31
7 1 8
12 1 9
42 1 4
15 1 5
19 1 6
11 1 6
21 1 1
45 3 13
4 3 84
23 1 6
22 2 91
6 1 1
39 3 29
43 2 44
37 1 2
31 3 13
13 3 54
24 1 10
8 2 84
40 1 9
2 3 12
17 3 24
1 1 9
32 3 10
9 3 6
48 1 5
35 1 2
34 3 82
20 2 69
29 3 46
4 50 49
4 1 2 3
47 3 63
21 2 78
10 1 2
31 2 98
37 3 17
3 2 2
42 1 8
45 2 18
11 2 67
26 2 2
6 2 48
16 3 89
25 1 10
14 1 8
28 3 41
32 3 1
8 2 15
33 1 4
29 1 5
39 1 5
18 1 3
20 2 32
36 2 14
19 1 5
1 1 10
22 3 65
13 2 53
4 3 76
48 3 93
38 1 3
43 1 1
7 2 46
17 1 6
5 1 9
34 2 71
23 1 4
9 1 8
12 2 53
44 3 96
15 3 71
41 2 46
27 3 80
24 2 81
46 3 73
2 1 8
30 1 1
49 2 77
35 2 27
40 1 3
4 50 49
4 2 1 3
31 2 76
41 1 6
29 1 10
35 2 19
45 1 2
26 3 71
48 3 52
25 1 6
12 3 65
20 3 99
36 1 5
33 1 8
19 2 68
30 3 57
8 1 8
7 3 95
16 3 4
43 3 99
6 2 41
15 3 63
44 2 33
38 1 9
2 3 61
34 1 2
11 2 79
24 3 84
47 1 6
46 1 5
32 1 2
21 3 20
10 3 24
3 2 58
39 3 6
40 2 76
5 2 12
37 3 58
4 3 58
13 1 2
9 1 2
1 2 23
49 3 81
28 1 8
14 3 42
22 2 9
18 1 8
27 1 4
17 2 53
42 3 11
23 3 54
4 50 49
4 1 3 2
23 3 6
39 3 70
22 1 2
45 3 3
33 3 11
27 2 96
43 2 20
48 2 82
8 1 3
49 2 2
24 2 95
12 3 16
47 1 4
6 3 27
5 2 46
3 2 71
16 3 62
36 2 79
32 2 18
21 2 35
41 2 5
31 1 8
10 2 61
14 3 2
34 3 27
26 2 36
28 1 3
46 2 21
4 2 9
44 1 4
20 2 76
40 3 78
30 2 32
7 1 2
35 1 6
29 1 5
38 1 6
37 3 56
18 1 1
42 3 47
25 3 78
13 3 48
2 3 30
19 2 100
1 1 8
15 3 9
17 2 15
9 3 80
11 3 19
4 50 49
4 1 2 3
39 3 16
14 1 3
33 2 47
20 1 10
44 1 5
9 3 80
27 2 11
22 2 35
38 3 56
13 3 96
35 3 99
1 2 48
23 2 86
41 1 3
32 3 45
40 1 5
2 1 6
7 1 4
4 2 25
37 1 9
21 3 56
28 2 75
45 3 88
26 2 18
11 3 85
36 2 58
6 1 5
8 2 77
46 3 16
17 2 5
47 1 5
24 1 8
31 1 4
25 3 12
48 3 36
5 2 37
16 3 81
34 1 6
10 3 87
15 2 29
3 1 5
49 3 10
29 1 8
19 3 71
43 3 18
42 3 73
30 1 5
12 3 97
18 2 100
4 50 49
1 3 4 2
28 3 19
19 1 4
17 3 86
10 1 8
24 3 28
11 1 7
41 3 8
1 1 9
13 3 29
38 3 30
39 1 6
33 2 50
21 3 11
46 3 35
37 3 89
32 2 51
2 1 8
7 2 22
29 3 57
35 3 17
14 2 34
15 3 6
8 2 55
40 3 14
20 3 31
26 3 43
27 3 42
3 3 38
22 1 3
23 3 71
4 2 87
30 2 20
16 2 87
6 1 1
43 1 1
12 2 26
5 1 6
47 2 2
36 1 1
44 1 1
48 2 12
49 2 39
25 3 60
31 3 39
42 1 1
45 2 22
18 3 43
34 3 21
9 2 9
4 50 49
2 4 3 1
24 2 68
11 1 6
27 3 63
39 2 19
19 1 3
43 1 8
17 1 2
3 2 2
35 2 75
28 3 89
9 2 19
20 1 1
31 2 96
42 3 98
18 3 6
26 1 10
5 3 69
16 2 77
30 3 41
34 2 65
1 1 4
40 3 42
49 3 79
47 3 57
25 3 2
48 1 10
29 2 16
37 1 9
32 1 5
38 3 40
23 3 24
13 3 22
8 3 50
4 1 5
7 3 66
36 1 2
41 1 8
12 1 1
6 2 69
22 3 70
45 1 2
21 3 62
14 3 22
46 3 49
15 1 9
10 2 15
33 2 36
44 3 7
2 1 7
4 50 49
3 1 4 2
33 3 85
10 1 9
42 2 53
31 1 5
24 2 60
21 3 80
12 3 18
11 2 57
17 1 5
49 2 68
48 2 25
40 3 2
26 2 15
18 1 9
36 3 32
3 2 20
41 2 47
16 2 46
23 1 6
37 1 6
19 3 51
22 1 3
9 3 31
34 2 17
32 1 10
25 1 9
4 2 17
5 1 8
20 1 10
45 3 60
30 1 9
47 2 66
14 2 48
38 2 4
15 1 4
27 2 77
29 3 84
13 1 1
7 2 96
28 2 67
6 1 8
1 2 34
2 2 25
46 3 75
39 3 40
43 3 53
35 1 9
44 2 27
8 1 5
4 50 49
3 2 4 1
18 3 95
20 2 21
45 3 6
3 3 33
17 2 34
33 2 58
9 1 9
11 3 71
29 2 67
13 2 67
21 3 35
4 1 7
26 1 3
1 1 9
36 1 8
49 2 52
6 3 8
44 2 91
22 2 61
48 3 38
35 2 39
41 1 1
38 1 9
24 3 7
23 3 96
8 2 77
46 1 4
34 3 72
7 2 17
19 2 73
2 1 6
42 1 3
27 2 21
25 2 22
28 1 1
31 2 45
32 2 1
43 3 73
39 1 7
14 2 21
15 3 23
30 2 26
16 1 5
5 3 56
37 1 7
47 3 37
12 1 2
10 2 13
40 2 16
4 50 49
3 2 4 1
12 3 66
8 3 59
34 2 2
38 1 4
15 1 4
16 2 19
24 3 27
41 1 1
30 2 60
14 1 7
11 2 49
46 3 87
47 3 97
49 3 13
19 1 4
33 2 16
48 2 74
32 2 98
39 1 2
5 1 2
6 1 3
44 1 4
20 3 35
40 3 76
27 3 17
13 2 84
18 1 3
4 2 51
3 2 68
37 3 90
25 1 2
45 1 6
35 1 6
17 2 1
7 1 5
29 2 46
31 3 64
23 2 24
10 2 9
28 2 8
42 1 2
21 1 8
26 2 21
22 2 75
1 1 8
43 3 10
36 2 96
2 1 10
9 2 78
4 50 49
2 1 4 3
39 3 14
18 3 92
48 3 12
9 2 37
36 2 75
4 2 51
20 3 10
13 2 35
42 3 40
3 3 89
7 1 5
47 1 9
17 3 89
21 1 4
26 1 10
1 3 89
12 1 6
22 1 10
2 1 6
31 1 8
14 2 57
34 1 2
16 2 9
41 2 29
5 1 9
6 3 82
37 3 22
49 2 18
45 2 31
15 1 8
46 1 8
11 3 14
27 2 35
33 1 10
10 3 7
30 3 8
35 3 47
24 3 79
28 1 10
23 3 17
43 1 4
32 2 71
29 1 1
19 3 63
38 3 49
44 3 50
8 1 4
40 3 89
25 1 1
4 50 49
3 1 2 4
31 1 4
14 2 27
44 1 2
2 1 8
27 3 69
48 2 43
36 3 7
13 2 58
40 1 1
1 3 66
46 2 75
23 3 70
8 1 2
17 1 9
49 3 57
6 1 9
3 1 1
10 1 1
9 3 56
37 3 39
32 1 8
22 2 72
35 2 94
38 2 61
45 3 25
33 2 36
18 3 10
5 2 44
11 3 100
20 3 31
4 2 22
15 3 53
7 1 9
39 2 48
47 3 86
30 1 7
43 3 100
19 1 5
28 1 6
12 1 7
42 1 5
34 3 49
29 1 8
24 2 85
26 3 72
21 2 28
41 3 81
16 2 62
25 1 3
4 50 49
4 2 1 3
10 1 10
28 3 56
44 3 27
45 3 97
30 2 77
36 2 36
43 1 3
20 2 11
13 1 8
7 1 1
46 3 64
22 1 3
49 1 8
31 1 6
42 3 11
26 1 1
14 1 1
12 1 8
2 2 33
40 1 8
47 1 1
32 3 90
4 2 37
34 1 10
38 1 10
33 1 1
9 1 9
37 1 6
18 3 20
39 2 10
27 3 36
35 1 7
21 3 1
23 1 7
29 2 58
5 1 10
41 1 5
11 2 55
8 3 47
17 3 77
48 1 7
1 1 1
24 1 2
3 3 44
16 2 53
19 3 73
25 3 8
15 2 13
6 2 38
4 50 49
3 2 1 4
18 2 100
32 3 4
2 1 4
27 3 45
36 1 7
43 1 6
48 1 1
21 2 55
39 1 8
7 1 5
28 3 64
1 2 62
41 2 37
31 2 57
5 3 96
3 2 24
8 2 29
6 2 59
12 3 23
11 1 3
22 1 1
30 2 8
17 1 2
40 2 56
4 3 43
20 1 10
35 1 3
19 3 34
26 3 73
33 2 60
10 3 2
25 2 71
38 1 1
34 2 5
44 3 13
23 1 4
15 3 57
29 2 73
14 3 50
45 2 72
9 2 26
46 2 93
37 1 3
42 2 24
47 3 65
24 1 6
13 3 39
16 3 57
49 1 2
4 50 49
1 4 3 2
19 3 26
3 2 59
34 2 23
6 1 5
5 2 10
45 1 7
49 2 57
18 3 16
30 3 69
12 2 45
40 3 43
8 3 2
35 1 5
29 2 17
39 1 9
4 1 4
28 1 9
26 1 5
21 2 58
17 2 36
47 2 15
15 3 24
2 1 4
27 3 9
33 1 4
20 2 51
22 3 45
32 2 27
13 1 7
14 3 12
25 1 10
9 1 7
43 2 53
16 1 10
38 1 4
37 1 9
42 2 30
36 3 12
46 1 7
11 2 43
44 3 59
1 2 57
23 1 1
10 2 16
7 3 95
41 2 53
31 2 95
24 1 7
48 2 97
4 50 49
3 4 2 1
18 3 45
33 3 71
49 1 6
26 1 4
27 2 20
48 2 65
31 2 69
36 1 5
32 3 48
9 3 55
14 3 30
28 3 45
43 2 43
16 2 41
15 3 73
22 1 10
12 2 74
11 3 34
39 3 30
34 3 99
41 2 94
24 2 47
3 3 7
44 1 4
8 2 56
40 3 85
38 2 94
37 3 79
29 2 17
17 1 4
21 2 47
46 1 2
7 3 5
42 1 8
6 2 74
35 3 27
4 3 49
10 3 3
45 1 3
5 2 56
19 3 9
47 1 5
30 3 19
2 1 2
23 3 88
20 2 4
13 1 2
25 2 54
1 3 92
4 50 49
4 2 3 1
30 2 15
23 1 7
49 1 2
2 3 65
16 2 12
34 2 4
20 1 1
39 3 16
5 2 12
4 3 18
9 2 81
48 1 6
8 3 95
21 2 68
13 1 3
1 1 5
26 2 18
36 3 17
40 1 3
33 3 1
42 2 41
28 2 29
17 3 81
6 3 15
27 3 14
44 2 12
15 3 21
7 2 58
35 3 87
18 2 26
10 3 71
41 1 8
3 1 3
43 1 4
47 3 92
46 1 6
45 3 26
37 1 1
32 2 62
11 2 63
22 2 2
38 3 4
29 3 17
19 1 3
25 3 54
12 3 24
24 2 2
14 1 5
31 2 20
4 50 49
2 3 1 4
44 3 81
15 1 1
23 3 55
12 2 9
2 3 68
21 2 53
38 1 3
30 2 82
42 1 4
47 3 47
19 1 7
10 1 7
20 2 37
13 3 17
25 2 60
48 2 38
36 3 8
14 2 14
37 1 3
11 2 3
3 1 4
33 2 99
26 3 50
1 2 66
4 3 17
32 2 37
16 2 85
27 3 82
45 3 23
22 2 61
41 1 10
6 2 25
9 1 4
17 1 10
5 3 49
35 2 27
46 3 20
7 3 78
18 3 48
39 2 37
49 1 5
43 1 3
34 1 9
31 1 4
24 1 6
40 2 15
8 2 37
28 2 92
29 2 12
4 50 49
3 4 1 2
4 1 10
9 2 69
15 1 8
21 2 29
29 2 41
1 2 99
24 2 50
5 2 1
37 1 3
46 3 66
23 2 98
6 2 20
28 1 2
13 2 72
10 2 36
8 3 20
12 2 87
20 3 95
16 2 12
19 1 10
42 3 34
17 1 4
18 2 63
31 1 10
48 3 48
7 1 1
39 3 74
38 2 39
30 2 27
3 1 2
25 1 9
26 2 62
34 1 10
40 1 8
47 1 8
49 2 20
43 1 10
11 1 9
14 3 80
41 3 53
35 2 85
2 3 41
27 1 5
33 2 87
36 2 95
32 1 9
44 3 6
22 2 16
45 3 95
4 50 49
2 1 3 4
20 1 8
24 3 76
35 2 92
19 2 37
41 3 8
36 2 17
3 3 48
4 3 16
42 2 96
29 2 83
23 2 68
46 2 84
27 2 26
6 2 98
1 3 18
12 3 11
11 1 5
49 3 80
14 1 9
8 1 9
28 3 4
48 3 94
34 1 5
10 2 2
32 3 53
17 2 67
30 1 7
40 2 58
39 1 7
25 3 78
2 1 8
22 3 71
33 2 12
15 2 95
37 2 47
44 2 36
13 3 64
7 2 7
26 3 62
45 1 9
16 1 7
21 1 10
38 2 8
47 2 74
9 1 3
5 1 6
43 1 5
18 1 5
31 3 29
4 50 49
3 2 4 1
20 1 5
41 2 36
29 2 7
14 1 9
43 3 21
18 2 99
35 1 3
31 1 3
5 3 21
10 3 88
17 1 10
32 2 21
47 3 12
36 1 9
46 1 1
33 2 26
40 1 4
45 3 99
37 1 2
12 3 98
13 3 54
8 3 80
6 2 95
23 1 5
26 2 22
44 2 54
39 1 9
21 3 19
24 2 10
28 3 38
4 2 77
16 1 6
15 1 5
34 3 86
3 3 59
27 3 19
22 1 4
11 3 9
38 2 88
30 1 5
19 3 48
49 2 81
1 3 32
9 1 10
48 1 9
25 3 71
2 2 52
42 2 24
7 1 1
4 50 49
1 4 2 3
15 3 82
40 2 7
26 1 6
38 1 7
28 2 78
37 1 9
9 1 2
30 3 66
47 1 9
42 3 48
23 3 55
31 1 3
45 2 92
12 2 3
29 2 91
35 3 31
18 1 6
32 3 83
19 2 52
24 1 3
2 3 60
46 3 24
6 1 7
8 3 23
41 3 65
17 1 2
27 1 9
4 1 2
33 2 81
1 2 71
44 1 4
3 3 38
48 3 97
5 1 10
21 2 12
34 1 1
22 3 41
16 3 19
49 1 3
10 3 76
25 2 28
11 3 91
43 2 66
36 1 5
7 1 1
20 3 15
13 2 42
39 2 80
14 2 60
4 50 49
3 4 1 2
11 1 3
27 3 81
30 2 90
42 2 54
37 3 82
39 2 76
12 3 80
14 1 4
18 2 59
19 2 35
47 3 19
2 2 49
8 3 51
46 2 92
24 2 57
15 3 24
40 3 81
38 3 72
25 2 44
4 1 10
49 2 30
31 1 7
21 1 8
16 1 7
29 3 12
1 1 10
32 1 3
13 1 5
3 1 7
34 3 88
33 1 3
28 3 45
36 2 77
9 3 65
5 1 3
43 3 26
35 1 1
7 3 90
41 1 2
10 1 4
20 3 72
22 2 64
6 2 65
45 3 51
26 2 67
23 2 46
44 1 6
17 1 7
48 2 42
0 0 0
