1 5 3
1
1 3 11
4 2 9
3 1 3
4 45 21
1 4 2 3
44 2 74
31 2 83
17 1 2
10 3 61
18 2 87
13 3 56
32 2 44
38 3 22
40 1 5
24 2 14
36 3 63
9 2 5
33 3 83
35 2 44
7 3 23
27 1 1
42 3 70
12 3 30
15 1 8
25 3 65
30 2 97
2 19 16
2 1
8 1 5
3 3 90
9 2 5
7 1 1
11 1 7
14 2 67
17 2 16
15 2 5
2 3 20
4 2 10
16 3 39
12 1 5
5 2 38
10 2 33
1 3 50
18 1 10
2 46 25
2 1
1 2 49
42 1 7
35 3 100
27 2 47
34 3 18
11 1 4
3 1 9
4 1 3
24 3 45
28 3 49
14 1 7
44 1 1
33 3 72
40 3 70
13 3 22
29 1 8
36 2 44
25 3 88
41 1 9
7 1 3
16 2 4
20 3 79
45 2 26
31 3 63
8 1 5
1 31 0
1
4 31 13
2 4 3 1
16 2 82
3 2 31
30 3 35
11 3 6
26 2 47
27 1 10
7 1 4
10 2 13
17 1 5
22 1 7
20 2 39
5 2 45
4 1 9
3 27 9
1 2 3
1 3 87
8 3 20
22 1 5
4 2 74
13 3 81
14 3 90
3 1 4
5 2 87
6 3 87
3 6 1
2 3 1
3 3 5
2 47 23
2 1
35 3 87
23 1 4
26 3 11
44 2 30
46 1 8
12 2 60
28 3 5
19 3 36
38 1 8
16 2 49
3 3 29
1 3 26
7 3 48
20 2 15
15 3 55
8 1 5
11 3 41
29 3 46
37 2 39
17 3 86
5 2 95
21 2 58
9 2 83
2 17 13
2 1
14 2 41
11 2 41
9 2 71
6 1 7
16 1 6
3 3 92
13 3 5
2 3 89
7 2 14
12 2 77
5 3 76
1 2 61
10 1 6
2 19 3
1 2
13 2 91
17 1 4
1 3 80
2 8 5
1 2
5 1 3
2 3 47
7 3 31
6 3 33
4 2 12
1 23 11
1
11 1 8
17 3 4
21 3 53
14 1 4
12 1 2
6 1 5
15 1 6
13 3 56
8 1 7
3 2 9
5 2 62
3 20 14
2 3 1
9 1 8
1 1 10
16 2 52
14 3 54
7 1 7
5 3 48
15 2 9
13 1 7
3 2 45
6 3 76
12 1 6
11 3 77
10 1 1
2 1 5
3 24 5
2 3 1
5 1 4
20 1 2
17 1 10
14 3 55
19 1 1
3 36 5
1 3 2
35 2 42
8 1 4
15 1 2
23 2 71
19 1 5
3 15 7
1 2 3
14 3 44
5 1 9
1 1 2
11 3 72
3 1 9
8 2 38
10 3 75
1 27 20
1
8 3 24
10 1 2
3 2 94
4 2 45
5 2 60
12 1 9
7 3 24
26 1 4
13 1 4
23 2 85
19 3 63
16 2 73
24 2 46
11 1 3
1 2 43
15 3 18
22 2 62
25 1 10
21 1 5
20 2 46
3 19 6
3 2 1
5 1 4
1 2 42
11 3 78
8 3 98
3 3 23
7 1 1
4 25 1
2 3 1 4
6 3 76
3 10 6
1 3 2
3 3 15
2 1 1
4 2 78
1 1 10
5 1 2
7 2 63
3 8 5
1 3 2
3 2 54
5 2 73
6 2 20
4 1 1
1 1 10
3 29 10
1 2 3
6 1 8
28 2 67
10 2 10
23 1 6
4 1 2
13 3 78
9 3 100
18 1 7
5 3 16
15 2 65
4 39 30
4 2 1 3
2 3 20
11 1 2
8 2 89
1 2 36
9 2 96
30 3 62
21 2 100
37 2 2
15 1 4
35 1 3
7 3 10
34 1 1
4 2 77
23 2 3
29 1 7
28 2 96
18 3 34
12 2 51
17 1 4
24 1 6
19 1 3
20 2 64
10 1 3
36 3 79
13 1 9
22 1 9
33 2 58
31 1 3
5 1 10
26 2 95
4 41 10
2 1 4 3
20 1 7
40 1 5
36 1 4
11 2 66
39 1 3
1 1 1
15 3 49
38 1 3
4 3 7
34 2 4
4 15 12
4 1 2 3
8 1 1
3 3 83
13 2 8
12 3 31
2 1 1
1 3 75
5 1 1
11 3 71
6 1 1
14 1 3
7 3 73
10 2 77
2 3 2
1 2
2 2 69
1 3 87
1 43 14
1
36 1 8
30 2 96
10 3 8
18 3 100
1 2 93
24 1 2
32 3 38
39 3 47
17 2 90
31 2 74
22 3 54
35 2 76
21 1 1
11 2 90
3 50 36
3 2 1
37 3 88
39 1 4
34 1 3
27 3 82
30 2 72
42 2 59
28 3 83
9 3 52
47 1 5
48 2 93
21 3 22
49 2 28
23 1 7
20 1 4
3 2 45
40 1 6
36 3 16
2 3 100
13 3 73
43 2 57
17 1 6
44 3 43
7 3 1
25 2 36
4 2 68
8 1 8
5 1 4
35 2 13
1 3 15
10 3 14
12 2 49
29 2 46
11 2 73
38 3 89
22 1 6
18 1 9
2 22 12
2 1
10 3 76
2 3 79
14 1 4
17 2 78
21 3 24
3 3 27
4 3 78
12 3 20
1 1 1
13 2 2
18 3 3
15 3 48
0 0 0
