5

1 1 0

2 2 0

3 3 0

4 4 0

5 5 0

 

5

1 1 1

2 2 1

3 3 1

4 4 1

5 5 1

 

4

-1 -1 2

2 2 1

3 3 3

4 4 3


25

1 1 10

2 2 20

3 3 50

4 4 50

5 5 50
 
6 6 50

7 7 50
8 8 50
9 9 50
10 10 50
11 11 50
12 12 50

130 130 50

140 140 50

150 150 50

-160 160 50
-180 160 50
-190 160 50
-1100 160 50
-16000 160 50

1000 1000 50
2000 1000 50
3000 1000 50
4000 1000 50
5000 1000 50
25

1 1 10

2 2 20

3 3 50

4 4 50

5 5 50
 
6 6 50

7 7 50
8 8 50
9 9 50
10 10 50
11 11 50
12 12 50

130 130 50

140 140 50

150 150 50

-160 160 50
-180 160 50
-190 160 50
-1100 160 50
-16000 160 50

1000 -1000 50
-2000 1000 50
3000 1000 50
4000 -1000 50
-5000 1000 50


30
349 234 50
238 1011 50
2384219 284 50
284 1293484 50
828 2344 50
-124 283449214 50
-10002 394893 50
1234 -1010384 50
349 2434 50
223438 1011 50
24384219 284 50
2484 1293484 50
828 234244 50
-12424 28243449214 50
-1002402 3494893 50
123244 -1010384 50
349 2234 50
238 10211 50
234384219 24284 50
2284 122493484 50
8128 2344 50
-1224 2834449214 50
-104002 3944893 50
12314 -10210384 50
31349 24434 50
223438 14011 50
243184219 2484 50
24123484 1293484 50
1000000000 -1000000000 50
-12424 28243449214 50
 0
