20
-16838 -5758 26
-5627 23010 49
-12767 -9084 43
-25089 21183 28
-20495 10311 45
19882 25736 26
19067 12754 38
32085 -4143 28
-25562 -24834 44
24803 7962 45
14479 -29983 34
16248 7757 38
-12516 -1414 31
-13134 25343 35
-9979 29071 30
30729 7644 38
-26521 5202 32
-6815 4586 48
-6473 -32434 48
-28210 29320 41
23
-14997 7793 26
-14905 -25885 27
30965 20120 25
15725 -17265 43
23297 14619 31
18973 20901 38
9598 18526 38
19878 13626 27
12388 21191 35
5363 -20159 28
27363 -27685 36
22626 -8645 45
-11529 -27499 25
12457 16542 49
19894 24015 46
-21976 18092 31
-26233 29732 44
-27589 17574 35
-20364 -17040 29
-1092 -850 43
20531 -29989 36
-19571 3680 46
24233 13708 36
24
-5214 25829 30
-5990 20129 38
6042 9833 42
20509 31313 49
-6469 2750 27
28364 -4880 31
5243 3079 39
-21187 3540 34
24833 16696 26
24077 7701 29
32420 19817 29
3546 17043 47
16642 -25395 35
23126 -13988 26
6365 21126 49
-31247 24731 33
27868 -7778 42
29408 7939 33
-7062 -3784 41
-16702 26853 37
19052 -31235 25
-288 32053 38
18945 -10294 26
-6601 -23608 44
30
-27215 8030 49
-23099 -8531 41
2597 14885 40
-6476 -20753 43
21210 -27519 46
18638 2941 47
3300 -21639 46
25356 12633 32
8056 16252 29
27882 31882 37
-31365 30379 40
9619 27665 25
6211 -4144 39
-32121 21913 44
887 -18093 45
12490 25859 43
-31247 12292 27
32044 31695 32
-24064 -24946 43
12792 3990 29
25745 30347 40
-24541 20599 47
14667 16316 40
-28871 16485 36
24670 -28166 38
-11101 22516 42
1364 12926 35
-13455 -92 42
27412 25030 28
-11805 3660 47
30
12354 -15377 34
-26145 10045 42
781 24287 37
20693 29417 44
21618 3716 45
30602 18286 43
-20197 26870 35
17622 14890 32
-3524 8895 47
-24311 25209 33
-2877 8571 35
-26663 -17061 43
19975 10519 38
22184 -19958 35
28635 1006 39
-21307 7773 34
15571 15241 48
12018 -19931 30
4662 12444 39
-30610 -18189 31
25264 6022 28
20873 4029 42
-20560 -23189 37
26339 23935 42
10553 13368 29
28895 13393 48
-23929 32149 49
413 26281 30
-12299 9490 29
-17412 20961 43
30
20794 12286 27
-26960 27448 45
11552 18627 34
29668 4167 35
791 -25985 35
-24922 -16941 33
-1826 -8213 36
28390 22500 49
-31357 12421 28
30112 -12016 28
19164 6200 44
-5710 27377 39
9707 13593 28
32203 8788 40
27655 21593 47
23526 7448 41
-1020 18267 42
-23252 31440 33
2370 -2156 37
8766 24112 38
-1582 7670 31
-19105 20253 38
11064 1366 29
1626 29779 39
19999 23205 37
10497 10377 43
22011 15693 48
-18604 6645 42
9674 11590 39
24865 19266 38
30
23410 -25997 45
-29905 23336 29
30276 619 28
10234 14779 40
24863 1065 36
5371 2297 49
-6085 8667 32
11377 5916 29
-27738 23058 31
-5255 -9896 46
-11154 -5589 37
-17798 -32485 35
20469 6584 31
-11716 -4274 30
-32075 -975 32
18148 1031 37
28539 10640 30
20093 17873 43
5652 4252 38
-26733 16417 32
24591 12467 48
21416 15121 25
-21527 -19695 44
23942 32691 31
8573 21617 28
21574 27935 30
31024 -24431 28
6446 11941 42
2637 31976 49
13400 25882 39
30
22285 30021 25
19426 1222 44
1366 12875 33
13444 23574 41
11308 -17515 45
17626 23310 29
1544 -19127 32
5531 30713 33
-9720 20975 26
27866 13520 28
-19610 2084 34
9474 -15371 36
-16455 10901 30
-24849 10295 31
5190 21885 49
-24587 18752 32
11885 -3773 42
2166 13351 40
9703 29707 27
11662 22165 31
-7770 19894 41
4532 -11719 35
3548 23116 49
18696 -9526 33
24960 5450 44
3288 15251 44
27603 10 38
-1425 -25812 38
-5487 21360 35
1790 26948 38
0
