10 18
2 3 0 0 4 0 0 0 0 0 0 0 0 0 0 0 0 0
0 0 0 0 1 0 5 0 0 0 0 0 0 0 0 0 0 0
0 0 0 0 0 0 8 0 3 0 3 0 0 0 0 0 0 0
0 0 0 0 0 0 0 0 0 0 0 0 3 0 3 0 0 0
0 0 7 6 0 0 0 0 0 0 0 0 0 0 0 0 0 0
0 0 1 0 0 3 0 8 0 0 0 0 0 0 0 0 0 0
0 0 0 0 0 0 0 0 0 2 0 2 0 0 0 0 0 0
0 0 0 0 0 0 0 0 0 0 0 0 0 2 0 10 0 0
1 0 0 9 0 0 0 0 0 0 0 0 0 0 0 0 0 0
0 0 0 0 0 0 0 0 0 0 0 0 0 0 0 0 1 2
1 0 2 0 0 0 0 0 0 0 0 0 0 0 0 0 0
2 1 3 0 0 0 0 0 0 0 0 0 0 0 0 0
3 5 10 0 0 0 0 0 0 0 0 0 0 0 0
0 0 0 0 0 0 0 0 0 0 0 0 0 0
3 2 1 0 0 0 0 0 0 0 0 0 0
0 3 0 0 0 0 0 0 0 0 0 0
7 0 5 0 0 0 0 0 0 0 0
1 0 0 0 0 0 0 0 0 0
2 3 0 0 0 0 0 0 0
5 1 0 0 0 0 0 0
2 3 11 0 0 100 0
0 5 0 0 0 23
1 7 0 0 0
2 1 0 0
3 100 4
0 90
10
