20 48
7 18 46 69 39 86 80 21 92 55 76 53 8 31 38 57 100 49 35 48 42 0 0 58 69 3 21 51 0 33 90 88 89 45 15 35 72 99 55 35 84 87 50 67 0 70 65 77
0 91 69 29 70 80 46 73 99 17 39 13 40 33 96 55 59 21 34 14 82 0 80 62 90 1 72 21 38 39 81 14 66 16 53 66 60 72 25 16 44 36 27 44 66 63 99 77
14 37 15 50 76 45 55 0 85 98 7 17 20 74 19 93 53 44 45 65 92 84 100 0 0 33 93 4 14 26 83 82 86 81 66 43 65 5 7 17 21 87 11 52 26 94 86 44
33 31 47 72 36 79 77 62 46 17 54 18 62 90 0 17 100 75 0 91 89 0 88 0 0 15 57 47 45 12 18 86 2 99 66 4 68 29 0 46 99 18 80 55 11 66 64 99
29 0 95 77 31 2 9 55 47 3 0 36 66 0 4 8 26 23 48 50 91 78 69 13 39 69 8 22 85 33 35 45 6 88 68 75 37 49 99 13 0 98 18 22 84 72 49 17
4 97 7 23 0 57 73 41 40 1 19 48 34 37 45 2 65 34 12 0 99 39 20 75 41 19 27 57 29 46 99 70 97 65 5 39 31 0 44 12 32 56 86 10 93 25 56 0
96 7 80 71 61 89 87 0 42 3 18 49 58 51 33 32 10 91 63 24 77 45 39 88 30 41 82 22 2 38 22 91 11 0 43 63 0 1 51 48 61 17 15 30 42 94 4 0
34 0 56 47 68 96 52 23 79 88 62 58 16 88 31 30 59 44 0 54 97 59 81 49 49 70 18 49 75 37 33 39 18 1 35 10 61 68 71 6 32 76 44 28 70 0 98 50
0 72 64 52 63 0 0 23 5 69 0 34 72 51 32 18 25 53 0 57 16 0 58 38 94 1 90 0 0 49 40 10 64 49 58 97 39 16 1 9 9 91 14 42 43 35 16 58
60 46 38 0 18 21 14 30 46 0 86 70 92 75 36 0 61 0 21 11 51 85 1 72 0 71 55 30 43 73 79 63 1 8 28 23 10 67 89 94 0 46 77 33 48 44 15 57
71 12 0 25 75 23 81 46 21 94 47 8 15 37 91 0 15 97 78 79 93 0 5 86 67 24 70 0 92 99 2 71 10 73 98 0 1 64 11 0 82 44 100 64 99 10 0 66
50 28 51 91 69 92 27 65 60 91 16 97 29 66 24 41 7 90 33 87 0 17 78 61 43 77 44 2 0 86 98 91 75 5 48 54 51 92 30 66 31 87 75 37 58 0 15 82
0 15 74 28 21 84 74 15 11 62 73 92 72 32 65 30 62 86 4 29 5 36 93 97 26 20 43 41 56 43 81 40 19 10 99 70 6 49 40 38 29 55 18 67 6 20 35 5
29 86 39 36 63 12 44 24 80 50 62 9 6 71 4 34 2 40 25 70 75 0 53 25 56 16 60 15 29 30 19 56 7 32 10 18 85 7 52 74 50 96 88 0 80 3 85 0
59 17 59 76 0 73 19 47 47 73 75 62 16 85 61 47 10 52 81 49 68 44 67 94 84 41 2 98 25 16 29 86 88 67 23 58 63 0 79 77 44 80 32 76 0 19 47 57
57 84 54 88 95 25 0 30 28 50 47 88 41 28 96 33 42 86 39 39 99 87 47 68 21 56 39 27 11 63 40 5 17 65 62 85 39 26 17 89 50 3 87 43 9 44 29 0
12 6 12 18 60 90 42 9 88 94 22 0 94 13 35 0 18 0 51 82 52 51 58 69 65 76 0 89 83 26 47 83 59 97 93 41 87 93 0 55 0 76 32 57 32 42 14 84
20 62 0 90 78 95 24 63 76 11 4 69 50 0 63 78 0 3 0 56 64 73 25 28 28 80 68 10 48 92 59 56 66 5 37 0 84 94 69 38 96 45 91 74 19 96 53 14
92 51 91 94 0 0 24 33 76 73 54 66 68 4 89 0 69 23 7 11 19 14 68 51 0 0 0 62 76 86 11 38 99 63 99 70 16 5 52 0 2 83 8 97 96 42 72 28
69 78 7 80 77 70 50 72 97 43 0 21 50 13 0 10 90 5 10 38 88 18 48 23 6 47 14 96 42 0 4 79 1 37 64 51 60 79 57 41 34 62 41 12 88 59 35 80
10 82 0 32 9 25 0 65 13 89 99 17 22 0 6 0 32 73 13 28 71 0 42 26 14 97 8 46 60 41 25 0 49 41 9 81 34 90 78 42 74 15 12 12 3 56 19
30 62 51 24 0 15 45 13 41 100 92 68 62 97 95 11 57 66 27 0 38 26 13 15 9 78 9 22 45 1 82 9 0 42 84 87 93 2 64 84 16 29 78 29 25 19
28 27 0 60 21 56 31 31 5 1 46 31 45 55 88 22 0 1 94 52 88 38 79 10 0 23 80 64 32 96 98 63 23 63 26 5 18 0 42 81 60 44 34 29 31
54 75 0 24 69 58 19 67 63 43 62 69 35 90 62 90 0 100 92 9 45 77 49 78 0 60 53 56 0 88 39 93 48 6 79 96 92 46 49 88 82 34 60 71
55 8 70 85 0 43 13 66 28 93 0 25 76 37 35 27 94 84 86 47 51 20 2 41 69 91 21 21 0 12 80 59 25 69 10 46 29 23 98 8 49 82 26
11 7 96 42 77 0 57 6 83 65 42 41 43 0 49 100 34 70 70 77 82 72 100 51 50 12 32 90 34 57 3 8 0 41 93 63 68 90 30 92 71 34
0 22 12 4 47 0 52 44 74 14 81 46 88 17 53 44 66 16 70 80 56 83 82 27 27 26 93 83 42 78 14 79 89 67 35 72 49 20 28 27 90
93 19 0 91 18 0 0 45 0 70 97 98 3 96 100 0 81 97 17 67 0 68 58 92 68 71 38 38 35 0 29 76 21 3 59 30 43 0 0 100
20 16 0 95 14 36 6 37 31 51 39 9 57 92 0 95 71 68 52 67 17 85 0 19 37 69 50 37 0 90 27 91 39 38 65 11 70 87 0
1 35 26 91 76 31 50 17 35 91 31 0 32 65 2 2 70 54 58 6 73 85 43 50 1 6 81 20 93 88 68 48 28 39 63 34 0 74
76 97 50 0 19 42 83 79 39 33 0 74 26 27 7 5 85 29 26 63 55 78 65 21 42 83 20 54 1 78 7 0 47 99 60 33 13
65 56 70 74 32 60 65 86 42 10 5 47 68 49 51 28 10 48 18 89 44 55 66 8 89 62 36 0 63 80 69 61 67 71 10 16
0 27 67 22 15 47 89 53 71 98 8 66 81 96 50 49 8 84 58 77 56 70 18 4 59 56 4 80 0 3 25 26 0 91 0
49 55 78 92 44 63 4 93 32 10 62 22 39 73 59 52 81 60 63 29 90 66 93 90 89 95 96 8 43 51 66 56 100 90
7 73 4 73 89 29 53 15 31 0 81 43 48 27 49 79 9 60 79 37 3 0 8 28 69 1 38 39 41 49 97 90 20
56 37 2 17 23 95 65 13 0 56 8 29 93 81 72 0 54 82 66 37 86 99 25 0 74 34 80 31 61 10 35 74
74 100 25 63 74 56 4 45 39 6 1 61 70 84 16 99 10 60 46 87 93 44 47 0 0 27 21 26 7 39 0
96 21 27 56 53 84 86 57 82 47 11 0 0 18 45 46 3 91 20 39 80 90 60 75 74 53 65 62 69 64
0 92 76 17 12 89 83 78 30 84 97 15 66 69 10 0 65 44 29 79 54 43 78 25 74 63 97 14 28
27 16 32 92 66 63 48 26 68 95 12 78 47 45 15 52 50 20 18 42 54 65 31 43 24 28 16 8
36 0 41 0 60 42 50 32 95 50 3 67 22 9 69 92 87 28 36 61 19 72 35 87 93 12 59
65 51 91 60 95 98 58 45 66 25 44 48 32 59 48 1 88 5 9 39 28 83 98 81 22 35
80 41 54 20 54 75 39 32 40 68 11 6 94 63 99 32 22 80 85 5 9 92 91 84 92
4 90 52 0 80 37 50 19 32 19 64 42 92 61 28 5 19 66 91 49 67 75 33 46
69 90 0 0 37 30 0 23 13 97 30 9 6 89 24 96 30 0 19 91 11 83 38
45 0 58 59 60 0 82 0 57 59 45 55 7 96 75 62 21 4 80 94 44 87
11 89 60 41 46 40 89 3 18 44 5 34 0 79 75 46 5 57 53 13 79
9 30 34 99 45 91 27 87 65 40 46 81 21 15 0 14 95 0 81 24
5 37 93 29 1 13 26 94 75 16 14 0 81 99 0 0 74 17 0
0 38 22 79 12 0 2 0 6 51 27 84 9 11 11 45 10 30
0 72 23 91 30 7 63 1 75 7 56 39 92 0 87 49 40
42 74 74 17 56 70 63 54 30 30 34 11 86 9 40 86
75 65 63 25 79 8 0 29 43 90 61 51 0 0 13
20 71 73 48 23 40 49 60 25 92 66 21 0 73
52 80 50 90 81 2 70 41 0 27 9 55 9
50 38 0 34 53 9 3 73 26 79 27 85
50 86 56 54 74 81 44 2 26 44 61
73 30 59 0 82 79 45 25 2 79
73 60 100 47 71 97 36 48 35
22 82 78 8 91 35 89 93
89 13 41 37 0 56 89
27 30 8 63 6 81
82 73 89 39 72
7 38 72 26
27 43 0
19 82
24
