20 100
1 3 2 4 5 6 7 8 2 3 4 5 6 0 9 2 3 2 1 3
1 3 2 4 5 6 7 8 2 3 4 5 6 0 9 2 3 2 1 
1 3 2 4 5 6 7 8 2 3 4 5 6 0 9 2 3 2  
1 2 4 5 6 7 8 2 3 4 5 6 0 9 2 3 2  
2 4 5 6 7 8 2 3 4 5 6 0 9 2 3 2  
2 5 6 7 8 2 3 4 5 6 0 9 2 3 2  
2 6 7 8 2 3 4 5 6 0 9 2 3 2  
9 7 8 2 3 4 5 6 0 9 2 3 2  
2 5 6 7 8 2 3 4 5 6 0 9 
2 5 6 7 8 2 3 4 5 6 0 
2 5 6 7 8 2 3 4 5 6 
2 5 6 7 8 2 3 4 5 
2 5 6 7 8 2 3 4 
2 5 6 7 8 2 3 
2 5 6 7 8 2
2 5 6 7 8 
2 5 6 7  
2 5 6 
3 3
0
1 2 
1 3 4
0 0 0 0
0 0 0 0 0
0 0 0 0 0 9
0 0 0 0 0 9 9
0 0 0 0 0 9 9 2
0 0 0 0 0 9 9 2 2
1 0 0 0 0 0 9 9 2 3
3 1 0 0 0 0 0 9 9 2 3 
3 1 0 0 0 0 0 9 9 2 3 3
3 1 0 0 0 0 0 9 9 2 3 4 5
3 1 0 0 0 0 0 9 9 2 3 9 2 2
3 1 0 0 3 0 0 0 9 9 2 3 9 2 2
3 1 0 0 3 0 0 0 9 9 2 3 9 2 2 3
3 1 0 0 3 0 0 0 9 9 2 3 9 2 2 3 3
3 1 0 0 3 0 0 0 9 9 2 3 9 2 2 3 3 3
8 3 1 0 0 3 0 0 0 9 9 2 3 9 2 2 3 3 3
8 3 1 0 0 3 0 0 0 9 9 2 3 9 2 2 3 3 3 9
0 0


