20 351

9 9 9 9 9 9 9 9 9 9 9 9 9 9 9 9 9 9 9 9
9 9 9 9 9 9 9 9 9 9 9 9 9 9 9 9 9 9 9 
9 9 9 9 9 9 9 9 9 9 9 9 9 9 9 9 9 9  
9 9 9 9 9 9 9 9 9 9 9 9 9 9 9 9 9  
9 9 9 9 9 9 9 9 9 9 9 9 9 9 9 9  
9 9 9 9 9 9 9 9 9 9 9 9 9 9 9  
9 9 9 9 9 9 9 9 9 9 9 9 9 9  
9 9 9 9 9 9 9 9 9 9 9 9 9  
9 9 9 9 9 9 9 9 9 9 9 9 
9 9 9 9 9 9 9 9 9 9 9 
9 9 9 9 9 9 9 9 9 9 
9 9 9 9 9 9 9 9 9 
9 9 9 9 9 9 9 9 
9 9 9 9 9 9 9 
9 9 9 9 9 9
9 9 9 9 9 
9 9 9 9  
9 9 9 
9 9
9
9 9 
9 9 9
9 9 9 9
9 9 9 9 9
9 9 9 9 9 9
9 9 9 9 9 9 9
9 9 9 9 9 9 9 9
9 9 9 9 9 9 9 9 9
9 9 9 9 9 9 9 9 9 9
9 9 9 9 9 9 9 9 9 9 9 
9 9 9 9 9 9 9 9 9 9 9 9
9 9 9 9 9 9 9 9 9 9 9 9 9
9 9 9 9 9 9 9 9 9 9 9 9 9 9
9 9 9 9 9 9 9 9 9 9 9 9 9 9 9
9 9 9 9 9 9 9 9 9 9 9 9 9 9 9 9
9 9 9 9 9 9 9 9 9 9 9 9 9 9 9 9 9
9 9 9 9 9 9 9 9 9 9 9 9 9 9 9 9 9 9
9 9 9 9 9 9 9 9 9 9 9 9 9 9 9 9 9 9 9
9 9 9 9 9 9 9 9 9 9 9 9 9 9 9 9 9 9 9 9
0 0


