10
7 2
10 3
10 10
15 5
30 1
100 0
100 10
2 20
1 10
3 0
1
999983 999983
1
0 999983
1
999983 0
10
791110 0
237852 396188
683504 411776
357317 484909
429666 910104
702210 188923
804956 283311
789893 90367
151463 549487
965812 141106
20
258758 976445
963234 682002
220189 53200
669880 707379
520175 571196
142327 792557
550054 972544
55068 566866
451744 620917
304508 753208
959123 9704
927035 671878
386267 296629
611209 752845
533145 596063
255742 990381
487340 76055
871617 300317
255872 850796
150277 452416
20
934359 704215
645117 697931
237923 436
45109 706360
423706 562893
137557 980315
899189 349016
454739 685380
35537 672886
114305 595197
298287 222372
647386 688881
613103 256840
440228 124891
611853 465143
232831 430629
177618 648751
182155 998152
250958 911885
116057 638883
50
319011 102598
508985 843833
218707 411049
869683 786014
298394 893836
586 906988
807984 36276
26814 183501
748523 116035
19574 487723
602162 20383
410389 180390
46511 360644
445648 702061
312018 365015
973374 957637
422618 277734
163577 316713
809825 959013
947717 887502
355411 569892
228829 893750
150490 374445
680792 466018
514695 767948
342298 967807
82898 851070
891495 611408
127502 617137
221699 105271
799515 404005
984523 152954
181725 185379
25849 734924
310551 521936
971715 176985
214691 906592
163508 832985
351112 691477
545997 705119
44571 335338
492885 17179
669921 970792
316718 148275
706756 198669
146497 54023
406978 55198
714464 354767
252789 33441
303938 852511
100
145292 580068
823724 717982
510396 879038
585445 259835
174469 43404
572079 259413
970327 934269
385637 544169
162461 547309
553519 725965
300064 217771
917027 182034
447576 841300
241468 421797
964769 258723
711179 929467
897729 709723
822248 79172
66800 846091
172036 539591
866859 922441
365360 918577
529322 239014
813485 362231
498430 633729
717387 924104
754513 4594
776732 21591
127981 826860
896583 762175
55860 487801
406393 280202
287050 435951
458060 718318
906208 192810
457360 731976
835684 2045
169978 130635
556615 707739
348989 745129
187283 95305
925328 465167
906803 11531
896665 90039
878378 713476
519284 955684
846123 583683
276488 958227
38544 333236
142991 750067
538606 311873
483937 580561
869124 966043
20384 173274
375931 258960
366351 505358
363390 381653
678965 856992
704892 724363
677068 562350
398085 562447
180104 886793
862096 777046
452580 36237
293077 643583
434135 759111
84662 214304
564965 361554
549484 102390
267610 80342
349100 781586
670672 870969
543502 3281
607085 175289
335746 183009
997421 942909
445120 182698
490326 514047
268005 264962
406961 589445
466844 833538
510105 60267
707685 501746
93992 615641
239052 598994
779032 291817
657927 407416
411382 206700
685980 327088
93360 896871
181080 43608
365675 697598
360473 242232
192841 75281
39943 377290
767909 70787
538263 521228
311737 753766
62262 611869
185402 92247
1000
791110 0
237852 396188
683504 411776
357317 484909
429666 910104
702210 188923
804956 283311
789893 90367
151463 549487
965812 141106
258758 976445
963234 682002
220189 53200
669880 707379
520175 571196
142327 792557
550054 972544
55068 566866
451744 620917
304508 753208
959123 9704
927035 671878
386267 296629
611209 752845
533145 596063
255742 990381
487340 76055
871617 300317
255872 850796
150277 452416
934359 704215
645117 697931
237923 436
45109 706360
423706 562893
137557 980315
899189 349016
454739 685380
35537 672886
114305 595197
298287 222372
647386 688881
613103 256840
440228 124891
611853 465143
232831 430629
177618 648751
182155 998152
250958 911885
116057 638883
319011 102598
508985 843833
218707 411049
869683 786014
298394 893836
586 906988
807984 36276
26814 183501
748523 116035
19574 487723
602162 20383
410389 180390
46511 360644
445648 702061
312018 365015
973374 957637
422618 277734
163577 316713
809825 959013
947717 887502
355411 569892
228829 893750
150490 374445
680792 466018
514695 767948
342298 967807
82898 851070
891495 611408
127502 617137
221699 105271
799515 404005
984523 152954
181725 185379
25849 734924
310551 521936
971715 176985
214691 906592
163508 832985
351112 691477
545997 705119
44571 335338
492885 17179
669921 970792
316718 148275
706756 198669
146497 54023
406978 55198
714464 354767
252789 33441
303938 852511
145292 580068
823724 717982
510396 879038
585445 259835
174469 43404
572079 259413
970327 934269
385637 544169
162461 547309
553519 725965
300064 217771
917027 182034
447576 841300
241468 421797
964769 258723
711179 929467
897729 709723
822248 79172
66800 846091
172036 539591
866859 922441
365360 918577
529322 239014
813485 362231
498430 633729
717387 924104
754513 4594
776732 21591
127981 826860
896583 762175
55860 487801
406393 280202
287050 435951
458060 718318
906208 192810
457360 731976
835684 2045
169978 130635
556615 707739
348989 745129
187283 95305
925328 465167
906803 11531
896665 90039
878378 713476
519284 955684
846123 583683
276488 958227
38544 333236
142991 750067
538606 311873
483937 580561
869124 966043
20384 173274
375931 258960
366351 505358
363390 381653
678965 856992
704892 724363
677068 562350
398085 562447
180104 886793
862096 777046
452580 36237
293077 643583
434135 759111
84662 214304
564965 361554
549484 102390
267610 80342
349100 781586
670672 870969
543502 3281
607085 175289
335746 183009
997421 942909
445120 182698
490326 514047
268005 264962
406961 589445
466844 833538
510105 60267
707685 501746
93992 615641
239052 598994
779032 291817
657927 407416
411382 206700
685980 327088
93360 896871
181080 43608
365675 697598
360473 242232
192841 75281
39943 377290
767909 70787
538263 521228
311737 753766
62262 611869
185402 92247
508703 899779
42407 487763
30695 590023
131671 647057
652037 908259
383734 231224
661260 42829
241137 410202
813290 103854
943201 784953
910669 676395
568673 739032
330780 516106
987663 233916
69767 490811
972985 954792
365397 342788
97028 669904
303479 863952
515260 558393
363237 454620
844157 592537
623653 700347
447940 298787
854600 843464
480723 594701
219486 708039
71497 218718
507873 241823
205100 346990
449276 503578
512882 933885
801199 79080
111879 237888
286886 384706
652774 847302
171496 123841
33208 550945
893415 740479
720108 722265
861084 333825
883779 604763
851092 195018
570408 3410
740192 650003
510942 428199
625100 319348
443962 384716
81827 93783
438819 658464
104369 27951
510906 306572
351654 529773
763890 36100
239528 848603
620040 427657
154254 772269
735547 428857
992239 49666
398491 693753
899880 133986
770346 67618
877193 324541
841554 87441
348996 811319
985080 765470
666430 527646
554735 284462
410970 278566
845552 623250
448108 347312
880035 839160
810400 417538
482109 268899
9587 297904
391639 573637
999823 230140
856198 922215
114591 399824
420948 699314
12485 346267
203172 658023
525758 574207
54065 941099
858352 133842
546248 725803
674721 227746
612784 328942
664751 354560
314262 499094
170533 114149
599263 64539
105869 660674
518511 517982
571909 755267
293856 485992
323811 643869
445624 888388
813502 53568
627760 488919
507517 151632
254556 777789
362059 342042
287505 764014
321652 934334
120593 201109
828584 639104
661229 614512
798153 705679
277410 768889
164769 363551
240578 515511
60497 372263
529605 877264
56635 967212
324258 632268
491842 486494
6237 357513
692406 733959
45128 539075
469009 269502
190728 983134
710814 442041
286360 234340
185922 736874
134126 528892
762009 463975
786920 50167
171804 531987
726381 578686
733671 399312
960151 714626
239516 370178
698757 230741
456032 255471
491737 701690
686331 951452
42333 657217
565209 640749
858720 665520
946530 625307
246926 75840
587126 179533
414961 433087
650758 525891
805176 104943
766037 128806
258232 498090
246638 844915
610514 314856
21780 387200
235368 209952
939663 254128
76072 278122
161686 561834
615022 25198
850796 815491
917290 251494
880385 901301
323153 957326
978812 816410
653259 983320
36219 474500
114491 476671
909802 675577
509064 352809
768449 30838
906727 841947
769850 109868
899012 928142
621057 255714
542115 26400
781383 619484
897014 50851
953734 742870
951444 680419
663114 915153
769026 7474
648020 275130
463761 519456
633792 342718
33533 509725
977608 293264
177454 587091
24878 2710
207440 603452
901552 289882
566979 565565
42690 564183
106087 756354
204264 940952
172288 989011
752395 311768
775279 645587
496423 249130
36412 295464
972361 822521
862934 773681
63644 533779
403733 709582
36209 668362
334577 157810
654074 996654
153894 809173
263455 388180
42809 18373
613730 446742
850112 946096
824656 608995
554038 700854
57339 859982
883464 66762
871790 936384
258538 822975
137436 711724
371334 386257
707210 626033
621869 790108
430103 821279
485723 364508
909754 840534
358001 191735
218190 882854
595613 933497
670490 192904
980757 916331
521600 834647
329006 654617
154715 818022
561979 172667
777210 889581
661205 820464
351179 551501
944147 43037
533186 445359
632519 893745
564422 400430
383161 260247
551149 935091
65489 98491
779493 424662
801263 230062
540541 837647
554225 36352
248135 282547
221161 756441
756205 389937
634271 165168
682783 279620
294263 969569
131943 953360
609862 711046
165577 671284
909795 829163
539118 253392
437955 825623
352964 924950
576797 627172
142594 673969
555944 327189
149146 124789
991706 204336
961027 561286
240748 106199
654007 686607
785135 607918
880196 381128
615223 750954
138606 808874
837257 810524
970389 630944
821734 372393
524087 540178
428217 22907
844649 702499
172713 238238
489500 814121
994392 506037
843111 475015
182901 434367
118904 721051
157579 471000
542399 612227
433491 559987
228869 499515
331514 209959
211946 80699
116765 525121
205852 879921
9093 95357
154880 54593
125650 754751
467789 415007
580634 731770
993232 765754
556758 725254
391583 115258
940922 242900
542192 222330
23534 531506
827923 926869
137189 654513
650793 76057
567933 882368
744980 178419
666457 153519
726211 321103
974101 996841
408281 359158
512584 268560
983324 402379
673188 366064
779128 127469
61921 599705
772114 741870
643852 865349
13993 167608
115401 599547
53341 877910
217234 612871
15348 409471
683192 850976
192452 882962
101235 799389
50627 781357
677958 178792
773134 742229
627871 763798
849380 7066
991581 918704
896011 355398
337637 784119
397347 13076
831794 223744
392161 196953
583272 847908
630179 288863
909419 401600
64873 691380
751522 243435
663104 808226
111636 149309
788857 314440
686060 360990
92300 255716
654099 484512
918388 569111
659178 800943
328112 420054
455582 685104
691228 891509
178491 106617
599639 936266
302237 837879
76154 732876
807055 307118
144741 148484
808103 407670
646452 990396
19777 685738
910616 577341
93844 846417
170900 569249
468221 479261
891431 428959
181540 475932
157311 694550
519059 704686
328016 550487
985833 381990
384171 285721
885799 981327
542364 657927
846583 285441
259335 605619
147900 775740
175486 550602
270777 308112
523416 380376
81257 950219
346047 192310
858138 1699
380780 649778
323845 15681
937458 551483
20756 958382
62389 666063
298316 726032
963525 311811
778006 978364
744123 952276
64992 71675
417850 758321
84837 574093
928690 689839
813719 903483
725562 35274
183565 52409
713188 551171
726163 88112
786070 504703
677881 372007
122390 511729
11878 406678
648734 932569
380197 552222
617927 469990
52806 590792
827437 9520
28295 507224
903322 307410
565405 743638
756133 631001
98602 582603
240148 288148
877646 316978
182208 482799
192659 431307
172732 999341
802328 177731
281211 871373
558824 755969
496517 573603
809800 429699
789528 947780
151001 109874
488605 709362
931984 782263
825761 973156
82210 842158
812263 291788
335957 306613
583650 980469
103507 389330
316480 669372
312223 81849
712203 33163
685463 584113
584938 406398
455905 757107
462145 565878
964405 776958
533044 895193
19541 947457
172842 631929
166637 949
870089 45304
741889 331531
815293 759529
371957 276797
387595 593283
879690 704658
75850 721287
777064 198208
486026 61560
55871 895880
985317 439232
36858 743579
395502 867708
692630 313235
170093 14865
725132 804199
880866 154685
383061 206486
171530 60259
459407 349421
683163 776895
23313 45096
490284 656957
755371 562352
851665 517194
184929 207212
958334 679176
729815 586952
185983 989396
598197 881349
724143 800794
473215 773671
960357 366360
997448 402223
714600 959408
61812 635298
130278 279816
933841 491547
372694 846202
974692 374546
282954 113386
144299 208168
32839 22525
855193 116267
799365 460529
100939 669280
243362 230347
83640 457795
933753 606697
897658 888256
330294 430106
62836 855213
159498 922452
464084 975474
63470 615018
163400 57605
757546 35294
199070 905679
76550 736381
930087 281709
896544 79398
641520 47854
812638 941668
802451 101662
44366 970731
338957 94102
947812 564962
874604 714163
219868 883133
55203 864043
481506 45432
876315 685811
266352 291595
890352 650486
48468 238114
34119 48387
284626 988779
897662 173760
120840 235453
212990 291506
80822 600070
695207 136216
982790 681332
111802 847410
685143 78395
454628 54521
803292 291713
986511 899402
816138 36455
441762 283974
778042 190544
213195 795268
444656 549727
105582 532365
559063 780585
1225 751650
327761 635626
492525 858121
425681 330457
235937 710137
759679 249733
231672 423146
743093 694647
101286 896191
953762 501668
477635 512437
126414 451417
220223 998763
16582 988633
407876 146488
410552 5967
773693 823284
667526 405325
553169 420155
611348 7767
299676 26876
252654 71329
353476 643632
204055 932436
136167 643301
528510 812019
878278 317314
976479 601909
723195 290624
587267 939757
113710 816640
3873 908162
570296 134489
752553 56637
982784 16953
107988 191261
375477 739379
143603 423034
189913 437242
293707 766860
119332 648227
281185 288324
639040 160125
508156 952051
76852 782081
264199 632400
61477 623045
971374 885706
308918 159221
653278 614873
301309 411773
495905 305406
824699 241086
644799 125014
980792 741565
129703 265937
447230 445949
972296 536450
681774 867000
419401 628291
616116 834397
699984 942403
695754 283563
857949 48059
549345 348914
379420 935708
737996 856142
614909 76215
298401 647257
401071 898994
657216 652604
764669 101467
726354 270337
639134 144216
292745 622538
487193 365503
832902 178689
45424 681229
897560 627419
676924 92125
999480 904078
910070 756513
353775 955276
782073 280133
450415 782754
845164 672877
216606 377047
993616 485637
131298 838565
84860 587653
621563 545950
867421 367891
778666 498169
291661 362737
743815 536035
918291 276034
339207 680996
693341 416149
701816 639337
17407 590444
480257 84519
748690 57690
312342 721004
748524 905047
80781 688516
146795 869626
202034 313395
618673 460942
924237 585068
837036 41731
559897 676239
739140 544601
410739 473120
283765 188105
572288 152395
756380 727235
476207 953524
823236 692118
20780 662815
19710 96882
625528 209189
927103 473373
976172 169958
389611 383510
203972 476575
14563 686833
932822 570134
379128 175741
575524 691435
153516 457972
819901 649133
259735 94531
337712 605056
605403 586032
493463 848487
424875 70067
97134 933241
845003 975530
186177 26451
450769 921161
301106 16228
51387 902215
329239 880224
946340 964415
633706 496741
104270 152140
307358 823953
579415 511847
76376 961854
478434 179554
265065 307747
460956 573648
919301 286023
810253 161012
944351 774681
664088 730934
527885 932167
713906 401003
114552 122624
993196 156599
774128 178926
471314 269809
327838 233522
226142 26288
899669 212340
100386 749261
169535 61906
338473 257993
354635 690250
576261 648228
411004 429176
669888 81573
424863 172292
64279 67781
264634 558961
805426 547341
254369 246608
982982 24480
986549 847030
410972 172218
584642 306639
126000 61349
922245 909632
646243 53316
635860 69974
406728 445411
477212 579277
179437 118615
18712 879106
219860 554234
651038 233057
35641 919852
385988 793213
901072 192913
551148 879154
747203 507557
210964 347415
12256 483189
606025 737336
484940 970761
240506 108054
349548 469666
886985 511458
70341 921786
487411 715890
496641 864897
358225 770918
825914 359110
392271 456376
345954 272959
576804 69228
778590 993405
384119 836390
986482 753854
284710 148194
331972 932501
745455 548727
170847 430550
424206 876422
508016 803615
721521 295140
824814 180149
998520 663313
423807 298473
978319 505389
584047 754003
462732 972499
316014 166751
610819 947318
765472 487397
150709 508954
894099 117524
804251 391527
276651 649682
223782 52671
445963 397939
114220 436082
973763 593982
493309 920806
254284 275424
766228 546024
20584 881893
930623 20680
486362 997603
217572 115577
743324 110983
914961 120012
386519 350741
151133 882343
311796 521451
198327 871126
66922 190013
695013 12213
189753 514677
487559 811403
986335 174340
103164 228945
270404 692
288883 346952
1000
370227 497555
982879 566879
345846 690950
489796 319208
947046 102397
962348 672686
361762 205966
647923 366322
532289 797876
128717 445114
383020 706652
194915 882457
895331 894618
742421 340942
203873 758318
621644 883950
471929 254857
981135 327947
952473 213172
323078 935112
566699 307798
862037 751751
160412 800793
248403 806810
497379 335085
957474 579016
900456 24933
408812 645382
194328 702692
767268 799345
782407 916421
288345 280786
910140 963248
994038 510977
797264 548722
239725 652294
657213 896732
331650 768499
347759 606119
853068 103558
616766 449580
715803 761731
257314 839502
877993 521033
171876 208361
487560 455858
770950 714508
81689 982278
150561 41281
14177 147197
764201 374852
432192 216202
413882 159638
475545 559941
575505 666462
709114 840497
796131 168483
321673 520916
941593 943604
112556 971851
827437 265010
585171 85657
781506 109795
596471 282268
748435 130388
821814 131928
286758 943107
865911 869349
631426 685559
968144 917704
981763 29558
370619 15507
985901 783543
1633 108474
422163 683805
223758 290817
95637 454523
501243 35757
650898 583180
362493 48707
613812 369610
387494 687662
583574 224446
625605 260887
186365 238976
642523 975885
29828 725259
714315 848446
333577 270838
295785 714529
825678 646976
468970 85014
969064 738852
412011 82543
161997 615031
859554 165215
564577 77570
746792 359750
315183 306738
914715 888464
461405 789451
850168 66303
544504 803631
747907 455934
625521 958345
270237 437776
134338 104699
352545 34218
304788 139392
888068 301892
349763 781505
374834 613467
20139 338232
45818 562150
690056 713495
480983 548867
379822 986151
918578 914001
182448 940126
22426 180471
49329 57078
28553 621220
124634 889285
599019 594286
802829 788578
13880 393918
795387 357655
148360 275495
733488 685959
190235 257185
221951 422129
546070 527489
781730 690016
224901 591860
243856 647918
943871 4150
866729 812413
632987 813159
172362 485681
178283 97739
357267 294225
486247 236358
226825 598119
169736 812587
109241 384094
423425 841174
761590 550459
779385 31571
829085 776213
74929 197219
936711 143101
963611 866787
520781 489433
757989 294323
705592 231664
581853 190722
923257 644160
854719 440105
347553 202761
480524 287360
867261 936038
412121 388995
363576 872987
957579 712346
623919 383984
814784 439736
639763 566986
148356 469123
708771 350932
129318 599555
502404 115082
737647 850250
797831 271925
491501 893505
124166 160417
272062 39186
331112 724557
150906 541380
924141 274291
19868 248840
144616 105875
69781 557031
750259 632899
434457 94298
715286 366868
419311 589574
293667 839655
209767 754596
395218 112330
476691 956905
493086 579212
437182 191980
878141 776858
131319 438489
150637 764319
325041 711465
782401 692440
3011 597476
539731 461192
435043 655153
555393 289312
477640 310707
983579 469153
516081 719394
107746 189325
894757 949998
874846 836109
473874 853713
327777 835514
951913 235929
191603 544141
744843 670317
396218 810170
637361 57534
518463 691418
29964 96839
601285 876336
113274 328655
824459 705262
335457 443619
73008 85929
194094 199488
608249 637915
364449 18050
659087 732870
762768 58497
206087 726145
890035 554792
785671 427996
715787 243422
850335 457308
934332 190140
773427 821691
374801 947065
54766 966829
164686 831251
212079 800466
690899 864760
693049 466040
775179 699890
774734 529038
105938 616087
558013 941013
746015 983288
837937 49357
453265 358420
233811 854736
200231 316948
70281 650346
50311 127209
51932 229595
443047 962591
575178 138187
896483 979558
387837 618408
766123 745610
472254 334648
291675 111324
627869 935373
541705 560046
982948 489554
439721 854786
626663 628976
895461 796681
411151 260776
760161 611486
427417 494206
791303 91093
298773 987248
96313 296968
487562 383442
601278 801580
921214 477975
898358 754338
6402 494683
217847 647928
187264 215210
353329 263211
347079 333481
759713 221662
143394 657280
470187 637445
430822 221972
548065 774833
264747 225948
761857 868475
866264 938810
656758 912689
621541 619079
882590 123881
58361 134027
79669 927092
702378 666728
132039 970024
724328 306708
86279 747010
166263 350629
704875 836737
45339 951007
857213 705615
660715 692876
135869 915480
622251 254139
302901 384643
37574 992667
272808 422041
135474 715512
529141 159668
369447 981515
565065 886970
149799 260939
559243 310923
994966 51909
994982 477219
860212 368898
896578 97372
711229 608713
114578 295233
849103 126793
722977 416054
60059 503342
800072 273569
785264 616192
988912 319123
753169 981700
542540 334195
654886 691467
577664 921811
578454 943228
983587 493092
496764 198215
785631 669915
153667 121826
913723 969527
47939 616122
431173 2173
746119 614962
425461 768681
789556 102836
797141 859701
804907 83478
468959 732347
704696 800790
645111 302366
726692 107123
193609 913969
109864 752428
330840 718300
504681 568101
350260 311536
876098 864463
340739 287962
786792 120752
661997 650541
455932 242924
712437 552681
143205 753542
104642 517397
210606 326748
840814 254514
858899 360417
505286 387335
700354 219098
991262 376829
666736 116325
89765 669409
208064 350476
749418 465792
286675 495828
120686 877116
913275 747957
95453 495472
267207 852668
409026 883445
764623 752666
437161 429983
65643 757409
174398 696717
592255 189384
549541 478742
418081 594890
122038 672649
278634 345890
497869 865833
284403 201105
920713 551554
988228 57836
90607 996867
727879 370262
433951 178734
378667 106560
127447 340004
650038 688347
624159 703580
929634 191715
37908 831564
512948 569381
476719 271176
719654 442048
917159 242360
491109 1071
302744 21746
294313 406798
722233 968748
869313 93073
949199 811789
323591 691097
532225 159125
319168 157362
468000 63993
423557 930521
89993 340206
187501 507455
629400 606523
537196 179424
907569 140410
573781 624079
230636 232282
941564 159647
675171 722972
540882 514054
152726 504953
70649 692952
137931 670683
607995 370824
866111 518393
477076 168064
713646 230369
418625 385156
518166 232785
796176 665000
727769 455591
558786 672509
625276 63437
258712 337608
557940 235542
488292 642735
615075 121001
804753 671629
979565 57651
679400 19538
492843 401461
197900 692884
143050 714999
346052 128388
204378 520869
18068 674799
684732 179082
774750 869170
443546 550908
890898 928657
627314 363638
361273 587066
437310 234505
388686 60921
508197 238590
342918 25707
890249 617019
22567 13525
690757 385597
660294 88533
924908 654035
611318 987239
952190 997247
528152 509347
513909 530151
699840 798943
458743 795222
262390 928596
997218 42844
85800 341923
961165 444315
290661 421483
66847 57257
136149 281950
145238 105413
304166 144313
157045 738592
137335 904779
148923 406428
829176 688482
84408 893500
587300 61567
145129 682830
69987 841151
248786 158892
672158 523766
442530 764705
887700 330674
664278 45085
289530 305970
958728 236256
225672 191709
907433 250917
570552 171417
875665 322985
294207 253587
262489 373327
465034 624490
436844 733198
635970 218028
457425 15453
7253 491493
118668 594553
333940 842082
499810 506186
513649 99418
299293 966836
547925 695189
34848 313533
749378 783909
605901 202773
719019 608862
770390 370410
327223 789927
291543 779128
229301 277679
922294 790275
687334 957257
539399 96949
149904 624523
629112 384387
529511 606129
217794 885867
708319 782404
362829 314498
451412 487497
975072 598465
748824 728772
778514 432701
444579 410567
332094 32767
820542 874208
592194 914259
245891 357941
500236 245522
259726 237868
766491 375060
189067 551604
648764 159719
430166 838179
177159 214442
969244 433633
352941 42166
190962 747026
829132 355613
434749 458693
728618 359129
115688 824648
595386 486632
324674 575392
899711 876263
319487 307893
113746 264002
861697 677686
663356 47800
893547 719720
94663 824569
375394 571310
505351 13180
534625 835500
518541 398386
262484 289892
887041 241270
989592 440490
614272 984411
674688 682862
413496 418684
423103 641356
177596 637196
179197 774867
337990 348431
547011 871847
800007 251848
346718 193275
678906 707700
561747 265861
95214 560027
839603 561480
188640 245480
683912 575170
832201 606021
444648 16265
846649 371556
925378 931625
537605 897543
968075 431475
546275 98047
23187 23200
384146 849482
96536 186500
482867 483742
465213 87440
349855 141383
836771 629625
849511 170217
878105 698935
689538 367598
736247 795068
472168 382466
655572 769630
367349 649596
900421 92441
440972 748673
412511 706220
331396 354265
198644 311996
983735 87579
418414 354682
660856 746906
852768 804402
107367 237836
450953 832289
202224 139002
837499 91237
741715 26113
154526 456044
657733 395861
247403 369994
19976 857585
938603 240406
708738 603772
888144 404102
995466 487566
187153 259006
956165 483507
587838 748144
974288 746463
100517 169692
506951 513949
709507 315076
884788 656039
144656 766092
974815 699846
582128 739952
192255 944350
504692 824890
634963 886881
460745 915342
348692 891957
384219 581997
362590 683430
485299 779137
129165 527473
495328 308733
331600 910690
417619 754116
948049 612357
525322 407768
680042 928134
53385 346877
820537 143064
969125 499598
769155 130161
230673 876904
964303 607595
374456 903766
168633 637020
481965 186293
790033 581304
99756 595528
360915 247337
513636 758385
515160 312542
74948 563646
599359 18278
73298 153332
684568 892944
556920 423876
879167 143441
663779 204794
443803 629298
405657 104193
779321 876320
250978 856927
433224 747508
84552 823460
544665 482979
258975 566796
909328 219325
170792 219935
891212 319513
636705 498118
968628 848593
522745 391466
100877 622358
545490 641824
928093 686214
510699 794276
795359 344432
890147 228285
599861 11699
480834 357966
301926 576649
493268 71309
513 164135
804989 633530
605026 39593
108382 77647
781887 602844
446195 753249
330621 139839
314656 524089
660855 705915
291920 735932
999881 923472
237957 400837
26200 657952
803767 883834
775000 807981
830468 254451
709885 210939
701954 321191
711293 678264
617739 760511
441978 436905
452014 467241
749644 274688
496512 248446
257334 854558
509316 46311
492500 989105
647066 889577
904105 539303
282571 611257
796168 263552
107261 816017
856551 409737
352147 765209
435241 191978
330331 907915
477811 399816
713452 447919
550340 162924
888247 287487
120056 826312
280581 849782
60323 351901
31031 391468
111820 547467
657998 176738
742531 81990
718949 949423
366695 57572
306158 138214
504710 201143
169931 991469
285860 202819
346041 577939
807354 590288
261629 328558
566608 210257
428683 853598
451233 868613
693184 345011
113102 304761
259464 677476
611156 315957
444967 760648
617428 444905
637142 484251
572755 876930
701038 322922
564865 745979
466857 192031
550255 122238
391985 568553
559634 997725
243994 429075
506349 92574
588292 482955
364227 830981
141911 115436
76247 532320
638089 595931
819589 779522
893492 859476
965395 508079
499029 948292
388723 707571
663635 680589
848018 400832
860060 840346
10931 732417
411688 599939
121337 578604
282026 54721
298701 79064
247703 811593
924576 300639
290725 268434
419262 414537
345385 552013
407046 796864
315095 182956
405345 330852
223141 422816
307703 678217
745086 421440
793279 396748
866678 358667
981716 462565
335365 741744
973670 884691
951109 268223
979599 25874
91800 513615
668814 424997
663842 923442
457980 537773
479586 499976
353675 626351
620866 416887
782072 924739
736482 666381
919362 166735
465249 472052
947399 941216
776510 601787
251918 812848
368533 919914
655791 281497
624011 84278
313622 570860
413008 714644
942650 616266
45475 910518
628665 75198
958230 180491
38018 634460
337944 572143
828825 841218
569486 322059
337827 925923
20269 967898
573452 920005
845410 533061
78151 312398
970069 914960
948662 922008
907696 558638
90216 194206
634405 329627
531849 7820
744094 9532
644806 636953
405363 238614
928041 307974
11825 900874
818001 385647
738181 59450
994391 544176
901090 816902
137943 397685
993884 191386
42066 654523
156021 665258
610607 710342
561159 167338
227459 767416
2951 648502
260296 127720
412594 676350
450211 685740
631620 828709
725805 943171
551945 851533
553979 494670
579431 404555
844473 549397
83171 451278
502734 924594
574488 20244
576333 53676
596848 460310
285664 309282
364565 23546
320642 720710
638838 825404
505217 654803
66304 116018
724091 613677
50985 901524
813431 64085
739315 889677
368074 291409
973767 376280
315961 921651
90952 346481
277647 269183
141444 804465
357152 735248
332940 11212
257838 623522
149905 96233
795821 924144
726015 776626
606337 499531
805148 460912
74477 664115
733832 479732
643529 764466
718114 343953
531636 915940
260440 689522
388228 84749
802167 543725
71908 403985
844652 816146
557961 430954
122575 879450
993961 223195
91403 378535
125417 700090
863982 431784
327331 382737
224551 150685
554206 754476
58328 775753
893496 796791
263656 637922
114609 430525
508078 101072
388016 70679
130966 92411
448188 569827
382836 876308
259171 75515
198166 436820
97691 504737
376412 197832
40121 411617
798243 746564
31247 659847
377143 256720
681011 825881
830908 200778
814295 730745
108146 2674
211158 4535
251477 581350
74671 220493
179618 198397
622116 493010
904949 378872
323600 57467
534558 309830
49839 314862
187957 229050
676330 85710
966761 241821
219671 452052
457324 874378
59891 310197
342250 586734
78802 891721
529334 563197
623266 599225
583288 149388
958841 919243
904485 946090
637637 291757
991840 236967
190001 759452
621052 922653
107438 334646
705151 223597
75656 506273
648090 842622
782144 625891
10585 527190
252133 102166
509653 776337
32326 639795
168447 256878
326270 193861
571342 364805
618877 737618
77638 266420
561405 226923
635482 882104
421511 249840
153931 281809
517916 812555
374489 41558
615904 240369
223576 104177
739416 118788
930725 662446
376854 168773
42024 611924
349674 135692
21328 751468
859876 528070
591923 221986
208775 921437
738566 347643
761817 333230
846403 788130
70497 643918
1000
138852 838126
584951 734205
875734 737156
998873 700896
265371 473234
836500 301316
917107 62737
839729 827735
852016 804798
670117 60104
661763 626262
195463 144116
429505 416253
48844 406954
573788 87335
462319 691699
563383 651667
359583 568411
581342 846772
50481 647975
375898 536738
837148 289977
647095 542082
697795 115310
878197 253702
821448 448380
35558 158353
245218 96702
255338 257295
448556 829409
955545 511494
765628 850075
395541 189959
407948 984700
12578 748993
230486 449959
98162 382843
21128 197206
916661 456248
169615 388919
824895 752692
274573 757289
976295 452612
988408 940974
37130 279853
983892 306093
138122 328550
516431 511921
465661 670051
340335 84783
714021 386602
527772 121308
235256 304585
223425 879013
942660 677204
314170 396125
29138 855357
800580 480483
525469 433031
629783 785045
751539 422720
969351 520030
264162 682318
612538 70477
181812 456955
754686 950071
208253 100445
257849 413200
469761 456729
456285 383286
635842 165029
275413 904195
610347 880003
426655 667194
332573 448173
120426 293486
703247 455688
420241 870079
632729 428951
390145 556525
795247 172271
988516 311542
825881 830564
501323 135643
894698 431477
303937 976681
232164 705974
628117 190256
54983 257973
680617 652992
741602 582418
496786 66823
687863 502742
223253 755301
468440 305410
521380 812941
318138 705287
391126 283396
989645 529288
270551 95357
885493 411271
996632 959176
42973 892308
792425 891180
253048 100173
553543 965728
722836 591752
196257 914790
436985 838724
606477 824436
856362 77890
979131 970296
782794 421557
869110 2397
620686 676864
314803 888655
950506 560898
673554 130036
927932 51262
834125 660395
28380 414891
901269 58290
300465 859579
139674 404638
142558 451748
120647 399102
198094 206015
796770 215935
339520 322638
463743 218310
915531 23504
416754 729619
540208 281428
608081 954199
975381 912549
652579 797229
774251 831488
706212 126819
937893 201760
593282 514748
326693 621958
616831 781607
301429 893539
197845 450442
59822 211498
459940 924388
276415 150548
94703 664452
825401 746766
250732 306283
431796 218684
237845 685828
896518 145953
553463 759201
648232 298925
369453 490834
32468 931938
539210 147948
452882 161607
388553 256991
117813 660444
692038 649541
920152 715297
89289 261159
283254 428612
972662 770775
720623 12466
647344 879471
967757 383677
402167 243343
849920 805039
625288 843889
616603 400267
162720 387805
665471 155034
832510 87464
192881 397443
172398 631192
784375 832030
198373 438826
78966 752608
428271 268189
748111 306623
308629 101016
834007 377049
756271 610769
808059 813033
301679 738313
814189 314171
801518 680923
206508 422035
869307 842486
542599 947093
972970 18535
972864 677874
961680 954197
53686 388676
807424 395729
413138 489320
463163 104980
792812 913833
180718 977838
360714 466040
31084 822564
778149 494908
924506 947563
750863 636989
942463 539506
964582 344806
233507 180969
755045 994962
766874 725061
167067 604802
640757 103775
594076 633864
48693 783545
59105 14518
573725 788350
85193 737781
841853 898097
373533 212225
350212 409804
104600 328318
262628 799511
74222 81807
334012 799219
396897 878591
924879 936573
140199 585091
497578 829636
248087 686069
995896 813381
336489 78013
567026 94636
839777 551342
93363 75668
488630 164344
481469 613143
759112 663240
339115 36184
371262 939366
46335 266912
395539 587754
12017 940121
600998 303149
262650 198574
249000 520186
726185 776351
564801 14439
730831 570357
114000 880402
496430 361242
300879 17910
181369 40051
936261 310365
573138 309282
940080 792378
975568 611428
910224 383788
32595 327055
658861 414382
800032 626039
797470 56858
313509 882638
158567 703142
703467 962920
516031 185551
699151 954021
790751 369063
996191 630500
142072 815941
949064 677317
192154 762902
567053 951622
519295 557572
546290 452269
821419 436590
716892 303116
306357 575406
179324 941470
221869 418718
225365 650682
149214 87508
779117 309559
143915 220467
671587 195947
685197 615003
65768 924255
70362 642126
178342 474354
570674 593116
1378 944512
841215 47412
737900 309161
829178 597637
234649 777093
753348 45105
146752 23410
603185 534807
808421 242412
865928 953928
695380 773309
133545 13579
510589 603665
503386 204078
118106 37452
292991 967543
901708 711033
378845 46900
954136 665039
772256 52255
541118 8053
301707 357685
14162 45162
303777 827290
678532 111809
149861 618701
359401 635256
722472 4321
181578 228480
902827 453189
255564 711470
10409 876811
817090 39249
566004 534195
840982 203168
914256 321087
811919 779097
219817 159188
528975 365559
187126 532723
597950 235479
214850 754412
460525 174620
603371 595882
131046 101647
148757 785408
853068 981839
943788 928175
469221 580395
54519 770209
335570 197252
871479 658897
672589 233557
477294 508662
233264 230065
958159 802938
335936 968345
612577 128854
397001 310340
903088 815811
258558 762794
633023 510801
406605 733462
460655 672122
791940 766597
287651 556007
893381 881172
464940 606109
526201 666536
354222 428574
379622 251012
332814 543997
710772 781140
158066 893190
50137 86554
438109 770197
33871 783483
141174 395829
54940 228955
648456 753478
641818 154915
396302 357563
563197 570800
367632 68005
311312 20699
511321 135355
207451 456043
963093 51042
443186 245245
54782 574696
31624 160146
11314 862667
146395 113678
680438 474851
131738 976056
992343 895884
583449 125915
875379 851684
984298 246732
484799 383641
202234 173581
938201 974935
88570 609297
358354 822304
878273 654185
369704 370663
750970 100512
211201 133920
542941 981867
648239 592193
801776 547481
589315 282312
595028 578954
577814 402536
331993 87037
476415 715595
585787 229161
927490 72494
430019 633609
259566 223392
425387 375868
521690 525997
154902 809495
836772 8795
762435 988599
386405 842745
745592 377039
912647 246047
721369 282367
875002 383864
821513 56790
197600 428548
492574 577823
355793 278625
666184 538856
536137 898968
462163 218134
518050 977635
254178 555699
665586 591075
511760 500059
773625 696057
580884 407422
918792 855976
608381 673013
821267 941640
303153 894988
138328 606694
140871 323067
475193 982192
329045 777710
457505 224193
680103 613792
216656 531210
517476 261567
443872 175202
597574 777552
73547 51466
246525 947398
263459 571283
871605 994679
146661 389015
664150 257941
674945 118425
177945 154320
630724 333568
240430 803342
326005 633966
505924 137761
605216 593554
997151 269261
291733 656387
7410 699427
69777 691625
389236 22290
57172 771687
958588 241986
409437 271936
36629 408731
652842 603830
564628 335284
884792 8603
198540 363459
718867 61774
498279 35154
512960 967962
127152 836482
399713 810425
658462 60827
562739 623086
881251 986233
563428 720508
705494 707646
592221 139011
354375 106124
786709 529984
332424 315385
340405 301570
107902 634312
283379 190735
403602 862201
559620 696863
448696 916639
205211 343411
735006 743045
792199 610705
336852 133336
544793 424520
251739 272641
926335 372810
401628 611453
916516 153309
204817 789297
401513 794100
554137 423024
566893 208007
656469 872438
975549 179930
109081 87355
801638 665640
697648 764082
39826 599268
142191 687924
417074 652089
361783 911019
925815 239533
445700 199514
638507 233809
41365 938912
255706 273192
517047 790060
424744 585691
452842 919262
233834 33920
574116 34301
885370 392333
133712 57610
790689 527866
932276 759603
273046 114929
862142 854956
594781 115697
381423 101106
589536 244136
379887 838258
756178 105198
969337 14216
923125 562639
269147 779950
503732 643379
586835 902086
148056 544425
496331 461602
444382 991191
456007 816047
733161 654016
889805 86291
958934 728622
105217 197430
457358 97640
800916 704087
283944 539382
762462 181670
274114 29785
641961 942392
962318 390099
719968 614281
418768 473753
28815 513779
930334 976282
868833 590844
157618 657818
26932 752235
68065 890185
33053 3892
352391 997709
278209 963269
742325 631593
91365 612299
119018 916270
406913 511627
591090 30131
979750 603127
776048 347971
248804 648986
515015 369618
341222 390496
897802 374473
822484 439391
914237 804708
908319 193561
170569 979150
85576 295865
483757 820026
647348 217579
933206 958511
938037 188926
630172 530373
195549 182374
812417 841531
331812 24727
333230 464151
128144 928542
715649 927409
824096 898014
785867 628814
917442 130464
537124 800378
187683 849587
493598 166478
255420 293720
981786 731014
351585 531050
92358 671852
198584 136360
789175 287007
18953 2978
663290 801481
253121 61855
483210 836278
65918 821657
162932 846447
525875 834923
759721 779821
373725 619938
769323 696013
413411 895605
439500 4514
744313 273266
447454 934462
830747 809039
936524 514623
672971 824535
898147 422162
340511 49989
771769 594859
861674 902283
768131 338853
760771 981188
814830 537976
188027 903708
356373 570372
594349 65457
858770 168984
433523 276382
13317 252312
14033 197621
37248 299043
672767 534043
609146 338258
933881 881789
35035 530170
455849 81279
774728 832175
857803 679060
913261 857451
279059 526684
153427 287946
675094 995319
194133 369273
76105 192269
582012 752673
505751 944890
782400 618284
937818 207223
66507 584597
900229 263141
713892 713069
627362 445671
161986 405545
262958 15444
304450 925367
32627 70279
887440 407758
501744 966872
405225 671368
761647 398115
753889 752637
318266 469049
793211 985729
499181 246261
833076 701965
486580 220287
43527 566453
966427 961228
37581 63120
455905 715504
821438 591871
33560 665398
864467 790921
896931 359153
42655 570011
801003 846275
522913 406086
693695 211402
437789 525113
753653 266128
251466 211213
892161 563864
645040 885613
604383 603685
891723 892303
971731 791271
183791 768310
747353 169912
714144 699351
788859 378623
314593 256333
912561 91898
481881 794758
598031 256692
447547 625197
644757 851179
455276 293516
510663 860597
560669 254532
42131 709785
178501 656956
390587 548149
834828 702008
614704 931177
670951 626388
712864 494494
673533 655488
694289 814488
649584 660202
92687 756152
622949 789030
453911 454798
342140 434447
690524 606636
130285 234468
865346 262128
327888 864065
182568 310110
607487 392295
915328 658859
585215 957338
430178 164957
739757 197114
328622 848066
184209 49290
174286 617294
626627 775578
530522 351858
36578 370845
356694 23279
524326 371987
38298 639892
277825 917693
521272 83847
72176 145185
400202 722605
703990 421055
743426 646381
155241 108345
775921 947084
197709 273383
944824 985213
350776 307214
610730 110050
534554 18540
125198 698573
46173 222083
608394 141441
526450 878847
939661 853861
294886 273610
215136 870268
349847 587741
717441 124827
902482 772876
370491 534823
916113 413201
571318 987517
934991 625588
940762 959186
354839 400486
680459 148194
936820 294983
721400 360376
571763 685368
728483 381092
218685 559701
521516 472412
34800 295784
491891 972031
196264 128935
317509 411777
455680 770621
642667 281438
913160 307799
300795 677296
465486 455889
35961 528243
711753 744288
706449 514499
192612 633433
897354 326723
269933 30556
221830 359567
394782 826946
761430 297359
159914 628917
935378 180708
194369 63592
409068 564574
86890 527615
189994 362163
607499 910043
471203 306950
116515 86622
293966 878966
215982 94111
744611 427666
879039 162265
323871 871031
576097 630256
975116 47613
791624 276151
667016 120073
306063 803216
898191 880323
317541 916963
876026 859982
98821 566468
831758 298475
808524 29221
16143 575247
81333 69434
201344 312428
676828 447038
836916 571289
635738 377541
637179 197634
186553 881824
707292 692022
413465 531857
379063 770086
509592 828785
457145 370775
976675 804720
895424 115094
609090 880048
374979 17693
181305 281785
423772 859706
806790 658055
499219 604108
604573 431157
347855 257820
517755 160222
561666 808050
623260 3600
594955 234318
97350 862941
323845 832028
900730 324012
992491 55400
667480 36872
396123 820715
867984 643377
145060 536579
435573 287462
477280 772341
951988 708603
152136 968150
657757 784900
466684 709768
594161 904940
221871 566601
660371 875247
975483 553923
406952 197198
332594 294432
178908 689581
441505 901113
878176 838476
365936 270341
55653 877427
102141 144618
74117 986002
179985 339113
739775 965269
72962 898640
41109 319857
360607 234270
777772 110681
347214 295714
874524 118921
412426 483694
551732 136776
60556 726553
483788 829322
402168 424880
378803 135482
989990 347936
482857 705945
855621 840481
96902 169874
9831 284777
258587 898696
464207 518721
62462 506433
844750 931503
330587 992229
20827 759178
386307 228184
803097 79147
979516 658009
735780 721034
652878 297858
696600 699140
775034 172347
202167 626988
594258 93735
96080 339304
4719 614756
97245 502265
41601 783353
132343 483689
350070 218231
123697 198255
73308 318587
898750 195553
545843 956591
791567 849656
33572 934958
741955 764108
433034 227
507035 376056
348859 959957
24531 930899
865927 470319
192379 247468
221303 313883
436013 862952
153946 714999
11445 771297
691440 824485
292229 282577
518227 459527
34095 144219
481381 761769
839719 611051
872121 584090
380931 677353
769372 992221
729340 542327
777625 916475
708591 802076
997032 527344
692352 927767
578645 632384
976533 923088
49950 350190
225633 422049
558239 451287
493142 312485
612551 187539
971878 135981
245158 93916
141101 957442
584222 531093
270888 380050
720410 352327
422570 891614
225226 860522
35147 30392
155294 747456
850540 720185
389140 376730
863343 135218
769526 244324
97685 88932
329305 351650
73632 719034
513480 82881
698958 614934
348649 971518
572822 303147
439607 424626
902432 861760
992106 75717
992639 214135
108951 72513
455647 749112
863982 420550
355884 571234
195317 23758
513285 134807
934952 1056
172250 261858
790301 498319
508297 958916
695832 615176
933971 235715
946364 98189
784261 63319
953429 856613
614583 420521
571294 417830
444436 35775
637500 678207
166829 820917
873477 112157
49476 820608
874619 373666
591208 812764
0

