8 15 27 9 6 67 0 43
83 66 8 11 54 45 6 5
2 67 3 96 8 43 6 3
4 20 3 8 7 45 83 94
9 7 6 0 6 2 5 34
22 36 9 1 1 5 44 93
9 1 1 7 5 3 4 48
34 10 0 9 2 7 10 99
5 82 0 5 0 4 75 65
1 7 97 87 49 56 1 57
67 98 1 6 8 6 87 17
8 83 4 5 59 76 78 85
9 11 26 96 70 9 0 8
57 4 22 4 5 76 5 6
1 3 33 6 74 4 74 89
35 0 5 92 0 68 89 2
6 80 87 90 3 3 1 86
9 7 2 90 75 91 2 75
42 2 13 82 95 9 9 34
4 9 32 56 79 7 57 7
2 9 33 2 63 76 1 40
15 20 64 3 9 3 25 34
2 12 0 26 5 0 5 3
11 9 31 4 3 8 5 92
9 2 4 2 1 9 2 58
3 52 9 55 88 57 2 5
0 5 1 4 65 15 7 37
99 17 79 7 41 49 15 3
0 0 8 9 46 1 26 7
0 96 5 56 89 12 7 2
4 0 0 0 0 0 0 0
0 4 0 0 0 0 0 0
0 0 4 0 0 0 0 0
0 0 0 4 0 0 0 0
0 0 0 0 4 0 0 0
0 0 0 0 0 4 0 0
0 0 0 0 0 0 4 0
0 0 0 0 0 0 0 4
10 0 0 0 0 0 0 0
0 84 0 0 0 0 0 0
0 0 53 0 0 0 0 0
0 0 0 29 0 0 0 0
0 0 0 0 79 0 0 0
0 0 0 0 0 82 0 0
0 0 0 0 0 0 82 0
0 0 0 0 0 0 0 77
0 0 1012 0 4256 7870 0 7665
9441 2759 6211 5335 0 0 2121 3571
0 1594 8093 1188 4295 5859 4786 0
7943 2292 3962 0 1352 1695 4714 7346
0 4946 0 2868 0 0 6959 9754
0 347 1980 2465 4541 8097 510 4667
673 0 2817 8871 0 0 0 5861
8166 7445 1638 0 2516 0 1452 1364
465 0 0 8585 0 8288 0 7412
1717 8572 7828 0 0 0 8182 0
0 4885 2934 6159 0 6847 9783 0
4287 3402 4711 693 937 5541 3019 0
5402 8242 2045 8286 2674 0 1243 6870
0 7327 0 0 883 1201 0 3524
0 0 0 5522 5209 2912 7148 2877
0 6331 577 6663 0 0 6984 9975
1472 0 3391 2184 41 0 5344 8635
68 562 3764 7773 0 8216 5571 2303
928 0 2018 7621 0 1098 4662 0
6760 4544 0 8189 0 4081 6022 9521
7552 873 0 3359 279 560 8583 0
6339 3988 7958 0 553 0 3068 4154
8895 908 169 7323 2149 9149 0 6224
6281 1357 0 0 2299 6460 4183 0
0 608 794 844 0 960 526 645
110 48 167 746 3 952 2 557
826 680 2 79 357 717 112 751
164 859 0 0 0 417 706 593
254 0 788 424 0 2 38 526
802 4 0 408 42 4 158 0
434 887 0 206 113 1 0 105
608 64 3 379 0 365 614 0
343 377 4 11 3 2 1 0
674 616 0 865 0 2 0 4
4 4 699 276 956 403 191 566
0 2 380 297 1 85 0 232
512 617 58 168 4 270 589 0
798 351 2 30 381 256 1 1
148 2 3 2 818 873 3 652
980 0 733 192 107 364 627 121
961 2 700 691 49 573 92 978
1 169 431 225 941 703 637 150
624 607 492 0 113 342 0 160
36 875 699 444 0 476 308 0
3 0 967 544 740 531 30 533
0 1 866 120 853 926 2 0
213 0 4 644 295 0 931 0
4 824 871 4 592 2 0 0
690 635 569 165 3 770 783 66
949 148 116 824 696 28 960 597
2 0 2 44 1 831 4 0
463 2 360 605 150 391 813 0
0 986 621 734 905 365 919 82
3 908 339 0 833 3 1 633
