100
4950
0 1 100
0 2 113
0 3 163
0 4 122
0 5 109
0 6 120
0 7 168
0 8 172
0 9 156
0 10 156
0 11 139
0 12 131
0 13 131
0 14 143
0 15 165
0 16 128
0 17 173
0 18 110
0 19 106
0 20 109
0 21 112
0 22 137
0 23 107
0 24 152
0 25 168
0 26 120
0 27 163
0 28 169
0 29 172
0 30 104
0 31 109
0 32 171
0 33 127
0 34 130
0 35 164
0 36 175
0 37 140
0 38 124
0 39 130
0 40 122
0 41 104
0 42 103
0 43 121
0 44 170
0 45 136
0 46 136
0 47 131
0 48 109
0 49 177
0 50 135
0 51 111
0 52 130
0 53 164
0 54 154
0 55 125
0 56 129
0 57 130
0 58 107
0 59 106
0 60 163
0 61 154
0 62 124
0 63 140
0 64 169
0 65 120
0 66 116
0 67 152
0 68 152
0 69 113
0 70 110
0 71 129
0 72 179
0 73 145
0 74 115
0 75 149
0 76 107
0 77 179
0 78 157
0 79 124
0 80 136
0 81 109
0 82 176
0 83 124
0 84 153
0 85 105
0 86 147
0 87 126
0 88 129
0 89 134
0 90 132
0 91 165
0 92 163
0 93 118
0 94 101
0 95 110
0 96 150
0 97 157
0 98 135
0 99 116
1 2 143
1 3 111
1 4 167
1 5 142
1 6 166
1 7 108
1 8 152
1 9 141
1 10 130
1 11 100
1 12 118
1 13 111
1 14 151
1 15 114
1 16 147
1 17 104
1 18 177
1 19 125
1 20 138
1 21 151
1 22 118
1 23 107
1 24 171
1 25 167
1 26 173
1 27 119
1 28 135
1 29 170
1 30 170
1 31 133
1 32 142
1 33 114
1 34 133
1 35 127
1 36 141
1 37 130
1 38 120
1 39 137
1 40 178
1 41 106
1 42 123
1 43 137
1 44 108
1 45 113
1 46 168
1 47 138
1 48 145
1 49 113
1 50 168
1 51 100
1 52 111
1 53 126
1 54 167
1 55 130
1 56 109
1 57 147
1 58 128
1 59 163
1 60 133
1 61 160
1 62 174
1 63 165
1 64 123
1 65 172
1 66 150
1 67 127
1 68 122
1 69 150
1 70 165
1 71 130
1 72 140
1 73 176
1 74 162
1 75 125
1 76 120
1 77 107
1 78 104
1 79 151
1 80 138
1 81 126
1 82 119
1 83 100
1 84 155
1 85 155
1 86 102
1 87 134
1 88 121
1 89 146
1 90 102
1 91 168
1 92 105
1 93 170
1 94 138
1 95 103
1 96 109
1 97 166
1 98 179
1 99 110
2 3 155
2 4 112
2 5 173
2 6 154
2 7 175
2 8 110
2 9 173
2 10 115
2 11 110
2 12 115
2 13 105
2 14 165
2 15 114
2 16 168
2 17 133
2 18 133
2 19 174
2 20 140
2 21 121
2 22 136
2 23 144
2 24 123
2 25 140
2 26 157
2 27 139
2 28 155
2 29 129
2 30 109
2 31 110
2 32 147
2 33 117
2 34 155
2 35 127
2 36 113
2 37 126
2 38 105
2 39 132
2 40 152
2 41 175
2 42 133
2 43 113
2 44 163
2 45 137
2 46 115
2 47 117
2 48 156
2 49 137
2 50 156
2 51 139
2 52 114
2 53 108
2 54 142
2 55 101
2 56 115
2 57 170
2 58 176
2 59 114
2 60 121
2 61 110
2 62 140
2 63 144
2 64 126
2 65 179
2 66 147
2 67 134
2 68 179
2 69 122
2 70 105
2 71 153
2 72 152
2 73 176
2 74 132
2 75 103
2 76 157
2 77 167
2 78 163
2 79 130
2 80 167
2 81 136
2 82 126
2 83 139
2 84 108
2 85 171
2 86 127
2 87 116
2 88 140
2 89 133
2 90 148
2 91 174
2 92 130
2 93 137
2 94 108
2 95 140
2 96 104
2 97 154
2 98 110
2 99 139
3 4 105
3 5 158
3 6 151
3 7 121
3 8 169
3 9 131
3 10 162
3 11 117
3 12 112
3 13 104
3 14 155
3 15 171
3 16 133
3 17 165
3 18 118
3 19 116
3 20 122
3 21 137
3 22 148
3 23 152
3 24 177
3 25 104
3 26 123
3 27 175
3 28 129
3 29 107
3 30 116
3 31 162
3 32 107
3 33 145
3 34 143
3 35 120
3 36 138
3 37 116
3 38 111
3 39 147
3 40 107
3 41 137
3 42 118
3 43 110
3 44 149
3 45 110
3 46 140
3 47 176
3 48 141
3 49 153
3 50 109
3 51 173
3 52 118
3 53 110
3 54 134
3 55 163
3 56 149
3 57 108
3 58 171
3 59 152
3 60 101
3 61 134
3 62 154
3 63 113
3 64 145
3 65 129
3 66 145
3 67 157
3 68 158
3 69 141
3 70 108
3 71 123
3 72 169
3 73 155
3 74 129
3 75 109
3 76 168
3 77 174
3 78 103
3 79 161
3 80 131
3 81 136
3 82 144
3 83 137
3 84 132
3 85 105
3 86 151
3 87 112
3 88 162
3 89 152
3 90 103
3 91 101
3 92 104
3 93 104
3 94 177
3 95 142
3 96 104
3 97 103
3 98 131
3 99 133
4 5 115
4 6 166
4 7 179
4 8 166
4 9 156
4 10 159
4 11 103
4 12 138
4 13 157
4 14 104
4 15 167
4 16 136
4 17 128
4 18 105
4 19 114
4 20 134
4 21 179
4 22 170
4 23 103
4 24 143
4 25 164
4 26 107
4 27 142
4 28 147
4 29 176
4 30 149
4 31 132
4 32 168
4 33 124
4 34 113
4 35 138
4 36 142
4 37 114
4 38 107
4 39 148
4 40 126
4 41 171
4 42 140
4 43 132
4 44 178
4 45 138
4 46 138
4 47 128
4 48 155
4 49 119
4 50 139
4 51 103
4 52 136
4 53 119
4 54 176
4 55 126
4 56 100
4 57 172
4 58 130
4 59 154
4 60 135
4 61 111
4 62 171
4 63 119
4 64 176
4 65 120
4 66 156
4 67 123
4 68 173
4 69 115
4 70 148
4 71 101
4 72 165
4 73 129
4 74 177
4 75 157
4 76 106
4 77 117
4 78 117
4 79 142
4 80 134
4 81 126
4 82 137
4 83 149
4 84 160
4 85 101
4 86 126
4 87 152
4 88 113
4 89 120
4 90 110
4 91 156
4 92 112
4 93 106
4 94 134
4 95 165
4 96 107
4 97 127
4 98 175
4 99 158
5 6 163
5 7 170
5 8 162
5 9 114
5 10 144
5 11 131
5 12 172
5 13 145
5 14 100
5 15 131
5 16 119
5 17 177
5 18 141
5 19 140
5 20 131
5 21 115
5 22 140
5 23 106
5 24 172
5 25 168
5 26 158
5 27 166
5 28 118
5 29 126
5 30 128
5 31 114
5 32 123
5 33 123
5 34 142
5 35 131
5 36 113
5 37 148
5 38 137
5 39 131
5 40 139
5 41 172
5 42 152
5 43 172
5 44 160
5 45 163
5 46 138
5 47 149
5 48 112
5 49 142
5 50 148
5 51 156
5 52 132
5 53 177
5 54 163
5 55 142
5 56 164
5 57 116
5 58 170
5 59 175
5 60 165
5 61 108
5 62 144
5 63 166
5 64 105
5 65 155
5 66 144
5 67 104
5 68 173
5 69 158
5 70 124
5 71 161
5 72 129
5 73 117
5 74 164
5 75 166
5 76 104
5 77 151
5 78 177
5 79 138
5 80 165
5 81 119
5 82 119
5 83 115
5 84 148
5 85 157
5 86 120
5 87 138
5 88 146
5 89 177
5 90 115
5 91 134
5 92 168
5 93 102
5 94 136
5 95 139
5 96 162
5 97 116
5 98 161
5 99 107
6 7 151
6 8 102
6 9 174
6 10 141
6 11 162
6 12 157
6 13 173
6 14 145
6 15 178
6 16 135
6 17 158
6 18 100
6 19 137
6 20 179
6 21 108
6 22 151
6 23 147
6 24 156
6 25 128
6 26 164
6 27 110
6 28 179
6 29 127
6 30 118
6 31 151
6 32 106
6 33 166
6 34 178
6 35 110
6 36 150
6 37 144
6 38 122
6 39 136
6 40 108
6 41 131
6 42 148
6 43 116
6 44 147
6 45 132
6 46 168
6 47 177
6 48 137
6 49 158
6 50 114
6 51 130
6 52 113
6 53 139
6 54 149
6 55 124
6 56 171
6 57 154
6 58 121
6 59 176
6 60 108
6 61 125
6 62 113
6 63 127
6 64 103
6 65 111
6 66 174
6 67 119
6 68 123
6 69 143
6 70 104
6 71 155
6 72 136
6 73 108
6 74 114
6 75 151
6 76 162
6 77 153
6 78 149
6 79 165
6 80 145
6 81 137
6 82 116
6 83 175
6 84 109
6 85 100
6 86 133
6 87 108
6 88 122
6 89 179
6 90 162
6 91 120
6 92 166
6 93 126
6 94 140
6 95 143
6 96 102
6 97 138
6 98 105
6 99 136
7 8 137
7 9 159
7 10 165
7 11 171
7 12 117
7 13 172
7 14 132
7 15 158
7 16 111
7 17 145
7 18 124
7 19 126
7 20 175
7 21 142
7 22 124
7 23 110
7 24 157
7 25 167
7 26 115
7 27 152
7 28 158
7 29 157
7 30 107
7 31 159
7 32 135
7 33 107
7 34 157
7 35 153
7 36 173
7 37 148
7 38 123
7 39 165
7 40 155
7 41 109
7 42 109
7 43 133
7 44 175
7 45 157
7 46 149
7 47 130
7 48 148
7 49 138
7 50 138
7 51 103
7 52 124
7 53 131
7 54 160
7 55 162
7 56 173
7 57 165
7 58 162
7 59 129
7 60 125
7 61 179
7 62 150
7 63 164
7 64 169
7 65 122
7 66 140
7 67 157
7 68 120
7 69 117
7 70 145
7 71 103
7 72 118
7 73 130
7 74 123
7 75 174
7 76 100
7 77 119
7 78 136
7 79 106
7 80 100
7 81 115
7 82 116
7 83 168
7 84 137
7 85 108
7 86 146
7 87 105
7 88 142
7 89 154
7 90 166
7 91 176
7 92 105
7 93 164
7 94 103
7 95 125
7 96 155
7 97 149
7 98 159
7 99 103
8 9 139
8 10 122
8 11 127
8 12 119
8 13 176
8 14 143
8 15 178
8 16 155
8 17 157
8 18 133
8 19 108
8 20 129
8 21 114
8 22 145
8 23 100
8 24 126
8 25 154
8 26 100
8 27 130
8 28 179
8 29 102
8 30 115
8 31 131
8 32 114
8 33 164
8 34 163
8 35 146
8 36 143
8 37 175
8 38 143
8 39 117
8 40 131
8 41 158
8 42 101
8 43 172
8 44 111
8 45 146
8 46 123
8 47 139
8 48 134
8 49 130
8 50 142
8 51 102
8 52 125
8 53 102
8 54 136
8 55 133
8 56 127
8 57 154
8 58 178
8 59 171
8 60 149
8 61 153
8 62 177
8 63 157
8 64 153
8 65 170
8 66 143
8 67 169
8 68 147
8 69 151
8 70 169
8 71 155
8 72 145
8 73 169
8 74 168
8 75 129
8 76 152
8 77 151
8 78 150
8 79 150
8 80 145
8 81 131
8 82 150
8 83 114
8 84 144
8 85 117
8 86 138
8 87 133
8 88 116
8 89 114
8 90 123
8 91 176
8 92 147
8 93 108
8 94 114
8 95 116
8 96 123
8 97 110
8 98 109
8 99 155
9 10 142
9 11 166
9 12 109
9 13 163
9 14 109
9 15 153
9 16 104
9 17 119
9 18 164
9 19 102
9 20 173
9 21 103
9 22 131
9 23 119
9 24 167
9 25 109
9 26 116
9 27 132
9 28 133
9 29 144
9 30 168
9 31 109
9 32 125
9 33 170
9 34 162
9 35 177
9 36 166
9 37 162
9 38 103
9 39 108
9 40 120
9 41 145
9 42 115
9 43 137
9 44 109
9 45 119
9 46 146
9 47 149
9 48 118
9 49 116
9 50 163
9 51 114
9 52 148
9 53 178
9 54 166
9 55 173
9 56 152
9 57 151
9 58 159
9 59 130
9 60 116
9 61 128
9 62 103
9 63 177
9 64 117
9 65 121
9 66 148
9 67 118
9 68 166
9 69 122
9 70 147
9 71 165
9 72 154
9 73 124
9 74 127
9 75 103
9 76 158
9 77 147
9 78 150
9 79 178
9 80 144
9 81 155
9 82 121
9 83 137
9 84 137
9 85 172
9 86 115
9 87 150
9 88 145
9 89 125
9 90 134
9 91 151
9 92 166
9 93 153
9 94 140
9 95 178
9 96 144
9 97 109
9 98 165
9 99 143
10 11 117
10 12 100
10 13 120
10 14 108
10 15 178
10 16 130
10 17 136
10 18 131
10 19 123
10 20 166
10 21 138
10 22 113
10 23 111
10 24 152
10 25 134
10 26 161
10 27 122
10 28 118
10 29 101
10 30 119
10 31 178
10 32 171
10 33 104
10 34 133
10 35 118
10 36 136
10 37 123
10 38 138
10 39 134
10 40 137
10 41 169
10 42 155
10 43 111
10 44 127
10 45 177
10 46 115
10 47 155
10 48 112
10 49 168
10 50 164
10 51 111
10 52 144
10 53 178
10 54 168
10 55 115
10 56 127
10 57 133
10 58 165
10 59 141
10 60 126
10 61 145
10 62 147
10 63 119
10 64 104
10 65 176
10 66 129
10 67 110
10 68 113
10 69 103
10 70 158
10 71 173
10 72 142
10 73 175
10 74 139
10 75 166
10 76 107
10 77 137
10 78 143
10 79 142
10 80 164
10 81 147
10 82 150
10 83 102
10 84 110
10 85 141
10 86 166
10 87 161
10 88 168
10 89 157
10 90 135
10 91 101
10 92 138
10 93 120
10 94 156
10 95 115
10 96 133
10 97 174
10 98 134
10 99 175
11 12 110
11 13 152
11 14 102
11 15 113
11 16 121
11 17 103
11 18 118
11 19 110
11 20 120
11 21 102
11 22 127
11 23 172
11 24 170
11 25 122
11 26 135
11 27 119
11 28 152
11 29 152
11 30 142
11 31 151
11 32 162
11 33 174
11 34 136
11 35 135
11 36 104
11 37 164
11 38 126
11 39 159
11 40 153
11 41 107
11 42 126
11 43 166
11 44 122
11 45 157
11 46 141
11 47 154
11 48 114
11 49 166
11 50 177
11 51 112
11 52 118
11 53 128
11 54 157
11 55 133
11 56 160
11 57 114
11 58 120
11 59 151
11 60 145
11 61 150
11 62 149
11 63 158
11 64 123
11 65 137
11 66 155
11 67 115
11 68 140
11 69 165
11 70 113
11 71 134
11 72 111
11 73 159
11 74 149
11 75 131
11 76 164
11 77 154
11 78 146
11 79 175
11 80 156
11 81 145
11 82 145
11 83 147
11 84 176
11 85 114
11 86 140
11 87 119
11 88 142
11 89 139
11 90 151
11 91 130
11 92 165
11 93 133
11 94 127
11 95 151
11 96 178
11 97 153
11 98 143
11 99 101
12 13 110
12 14 160
12 15 165
12 16 119
12 17 121
12 18 135
12 19 147
12 20 143
12 21 167
12 22 117
12 23 160
12 24 176
12 25 156
12 26 126
12 27 107
12 28 107
12 29 141
12 30 149
12 31 103
12 32 172
12 33 118
12 34 167
12 35 126
12 36 175
12 37 164
12 38 147
12 39 112
12 40 169
12 41 115
12 42 167
12 43 162
12 44 161
12 45 133
12 46 110
12 47 157
12 48 176
12 49 103
12 50 126
12 51 157
12 52 111
12 53 140
12 54 147
12 55 131
12 56 106
12 57 177
12 58 125
12 59 107
12 60 138
12 61 138
12 62 129
12 63 125
12 64 139
12 65 131
12 66 109
12 67 114
12 68 100
12 69 131
12 70 152
12 71 153
12 72 159
12 73 119
12 74 110
12 75 170
12 76 162
12 77 122
12 78 167
12 79 114
12 80 124
12 81 137
12 82 157
12 83 177
12 84 126
12 85 136
12 86 155
12 87 127
12 88 108
12 89 137
12 90 125
12 91 121
12 92 140
12 93 110
12 94 120
12 95 160
12 96 114
12 97 135
12 98 145
12 99 177
13 14 130
13 15 121
13 16 119
13 17 163
13 18 152
13 19 142
13 20 103
13 21 118
13 22 168
13 23 178
13 24 115
13 25 176
13 26 146
13 27 108
13 28 104
13 29 131
13 30 115
13 31 167
13 32 138
13 33 114
13 34 143
13 35 132
13 36 129
13 37 130
13 38 162
13 39 129
13 40 153
13 41 147
13 42 168
13 43 167
13 44 138
13 45 129
13 46 134
13 47 126
13 48 151
13 49 146
13 50 160
13 51 148
13 52 134
13 53 170
13 54 120
13 55 175
13 56 165
13 57 129
13 58 115
13 59 107
13 60 126
13 61 175
13 62 131
13 63 126
13 64 110
13 65 100
13 66 171
13 67 178
13 68 153
13 69 139
13 70 150
13 71 112
13 72 121
13 73 119
13 74 147
13 75 139
13 76 102
13 77 121
13 78 112
13 79 117
13 80 137
13 81 158
13 82 101
13 83 151
13 84 170
13 85 112
13 86 100
13 87 107
13 88 159
13 89 108
13 90 119
13 91 150
13 92 148
13 93 116
13 94 138
13 95 167
13 96 153
13 97 128
13 98 157
13 99 172
14 15 116
14 16 152
14 17 148
14 18 103
14 19 114
14 20 138
14 21 115
14 22 138
14 23 115
14 24 102
14 25 153
14 26 128
14 27 125
14 28 101
14 29 141
14 30 106
14 31 106
14 32 178
14 33 112
14 34 120
14 35 133
14 36 103
14 37 156
14 38 134
14 39 102
14 40 178
14 41 160
14 42 140
14 43 150
14 44 116
14 45 126
14 46 123
14 47 121
14 48 129
14 49 109
14 50 114
14 51 179
14 52 103
14 53 114
14 54 138
14 55 100
14 56 100
14 57 171
14 58 169
14 59 151
14 60 103
14 61 123
14 62 147
14 63 177
14 64 125
14 65 140
14 66 157
14 67 170
14 68 112
14 69 164
14 70 155
14 71 161
14 72 136
14 73 130
14 74 171
14 75 129
14 76 161
14 77 120
14 78 140
14 79 141
14 80 141
14 81 140
14 82 167
14 83 141
14 84 111
14 85 111
14 86 142
14 87 132
14 88 142
14 89 116
14 90 100
14 91 104
14 92 131
14 93 121
14 94 165
14 95 114
14 96 104
14 97 131
14 98 167
14 99 111
15 16 171
15 17 114
15 18 134
15 19 119
15 20 117
15 21 115
15 22 177
15 23 140
15 24 166
15 25 154
15 26 101
15 27 102
15 28 112
15 29 129
15 30 137
15 31 110
15 32 156
15 33 145
15 34 162
15 35 114
15 36 123
15 37 111
15 38 170
15 39 114
15 40 104
15 41 138
15 42 147
15 43 142
15 44 170
15 45 103
15 46 176
15 47 156
15 48 165
15 49 170
15 50 137
15 51 166
15 52 177
15 53 163
15 54 134
15 55 134
15 56 129
15 57 148
15 58 145
15 59 100
15 60 104
15 61 130
15 62 146
15 63 152
15 64 171
15 65 107
15 66 123
15 67 129
15 68 142
15 69 102
15 70 166
15 71 125
15 72 130
15 73 158
15 74 108
15 75 138
15 76 130
15 77 118
15 78 101
15 79 102
15 80 174
15 81 172
15 82 151
15 83 157
15 84 175
15 85 155
15 86 158
15 87 143
15 88 136
15 89 134
15 90 141
15 91 167
15 92 156
15 93 163
15 94 100
15 95 144
15 96 173
15 97 120
15 98 117
15 99 145
16 17 130
16 18 173
16 19 120
16 20 143
16 21 132
16 22 161
16 23 134
16 24 133
16 25 168
16 26 172
16 27 112
16 28 133
16 29 151
16 30 147
16 31 144
16 32 116
16 33 106
16 34 122
16 35 150
16 36 177
16 37 159
16 38 106
16 39 151
16 40 162
16 41 109
16 42 158
16 43 147
16 44 158
16 45 100
16 46 173
16 47 109
16 48 133
16 49 167
16 50 148
16 51 126
16 52 163
16 53 110
16 54 119
16 55 113
16 56 141
16 57 121
16 58 127
16 59 166
16 60 154
16 61 161
16 62 153
16 63 173
16 64 142
16 65 113
16 66 130
16 67 162
16 68 130
16 69 142
16 70 138
16 71 170
16 72 134
16 73 173
16 74 163
16 75 168
16 76 155
16 77 144
16 78 126
16 79 151
16 80 138
16 81 116
16 82 158
16 83 134
16 84 139
16 85 130
16 86 166
16 87 131
16 88 104
16 89 103
16 90 111
16 91 100
16 92 133
16 93 124
16 94 103
16 95 147
16 96 115
16 97 136
16 98 107
16 99 124
17 18 112
17 19 100
17 20 101
17 21 130
17 22 146
17 23 101
17 24 117
17 25 123
17 26 153
17 27 159
17 28 104
17 29 131
17 30 152
17 31 178
17 32 153
17 33 120
17 34 169
17 35 169
17 36 127
17 37 149
17 38 102
17 39 135
17 40 129
17 41 177
17 42 122
17 43 179
17 44 133
17 45 125
17 46 134
17 47 116
17 48 120
17 49 175
17 50 159
17 51 178
17 52 147
17 53 161
17 54 173
17 55 156
17 56 125
17 57 179
17 58 124
17 59 138
17 60 162
17 61 145
17 62 126
17 63 105
17 64 177
17 65 166
17 66 164
17 67 126
17 68 176
17 69 128
17 70 155
17 71 107
17 72 179
17 73 169
17 74 151
17 75 106
17 76 102
17 77 123
17 78 119
17 79 170
17 80 112
17 81 105
17 82 166
17 83 171
17 84 145
17 85 101
17 86 141
17 87 121
17 88 158
17 89 163
17 90 109
17 91 112
17 92 121
17 93 110
17 94 166
17 95 114
17 96 152
17 97 140
17 98 112
17 99 124
18 19 169
18 20 113
18 21 163
18 22 167
18 23 113
18 24 105
18 25 174
18 26 143
18 27 102
18 28 161
18 29 109
18 30 140
18 31 146
18 32 116
18 33 146
18 34 161
18 35 128
18 36 177
18 37 120
18 38 162
18 39 174
18 40 122
18 41 111
18 42 139
18 43 112
18 44 128
18 45 104
18 46 177
18 47 139
18 48 106
18 49 127
18 50 124
18 51 167
18 52 126
18 53 133
18 54 153
18 55 107
18 56 147
18 57 117
18 58 115
18 59 107
18 60 116
18 61 137
18 62 169
18 63 171
18 64 171
18 65 156
18 66 133
18 67 112
18 68 141
18 69 159
18 70 149
18 71 124
18 72 141
18 73 155
18 74 102
18 75 106
18 76 102
18 77 102
18 78 132
18 79 106
18 80 149
18 81 110
18 82 131
18 83 150
18 84 123
18 85 176
18 86 136
18 87 111
18 88 166
18 89 127
18 90 126
18 91 141
18 92 134
18 93 144
18 94 135
18 95 157
18 96 144
18 97 142
18 98 130
18 99 179
19 20 133
19 21 113
19 22 123
19 23 162
19 24 137
19 25 157
19 26 162
19 27 125
19 28 132
19 29 156
19 30 100
19 31 137
19 32 131
19 33 101
19 34 178
19 35 137
19 36 119
19 37 171
19 38 150
19 39 120
19 40 160
19 41 146
19 42 136
19 43 124
19 44 123
19 45 125
19 46 150
19 47 117
19 48 129
19 49 124
19 50 124
19 51 100
19 52 132
19 53 100
19 54 101
19 55 113
19 56 145
19 57 162
19 58 111
19 59 140
19 60 149
19 61 105
19 62 175
19 63 110
19 64 139
19 65 128
19 66 178
19 67 141
19 68 151
19 69 109
19 70 105
19 71 155
19 72 170
19 73 143
19 74 170
19 75 150
19 76 142
19 77 120
19 78 139
19 79 126
19 80 114
19 81 104
19 82 159
19 83 127
19 84 117
19 85 134
19 86 102
19 87 147
19 88 151
19 89 154
19 90 157
19 91 169
19 92 114
19 93 101
19 94 120
19 95 175
19 96 114
19 97 164
19 98 145
19 99 116
20 21 118
20 22 115
20 23 108
20 24 105
20 25 165
20 26 178
20 27 152
20 28 107
20 29 165
20 30 143
20 31 126
20 32 155
20 33 140
20 34 104
20 35 108
20 36 132
20 37 126
20 38 120
20 39 104
20 40 144
20 41 111
20 42 109
20 43 167
20 44 173
20 45 136
20 46 102
20 47 100
20 48 157
20 49 136
20 50 150
20 51 114
20 52 134
20 53 146
20 54 167
20 55 123
20 56 165
20 57 155
20 58 111
20 59 165
20 60 119
20 61 172
20 62 134
20 63 106
20 64 109
20 65 122
20 66 125
20 67 137
20 68 125
20 69 130
20 70 131
20 71 179
20 72 104
20 73 158
20 74 167
20 75 134
20 76 143
20 77 128
20 78 151
20 79 153
20 80 166
20 81 152
20 82 159
20 83 171
20 84 107
20 85 124
20 86 148
20 87 100
20 88 141
20 89 173
20 90 146
20 91 110
20 92 179
20 93 119
20 94 164
20 95 103
20 96 101
20 97 137
20 98 102
20 99 153
21 22 167
21 23 172
21 24 154
21 25 111
21 26 135
21 27 177
21 28 101
21 29 168
21 30 103
21 31 129
21 32 110
21 33 108
21 34 162
21 35 101
21 36 132
21 37 177
21 38 125
21 39 149
21 40 175
21 41 129
21 42 155
21 43 156
21 44 156
21 45 133
21 46 144
21 47 123
21 48 147
21 49 126
21 50 158
21 51 166
21 52 124
21 53 117
21 54 165
21 55 125
21 56 101
21 57 162
21 58 155
21 59 131
21 60 115
21 61 117
21 62 133
21 63 155
21 64 113
21 65 126
21 66 176
21 67 150
21 68 172
21 69 169
21 70 146
21 71 106
21 72 120
21 73 139
21 74 112
21 75 125
21 76 111
21 77 148
21 78 155
21 79 141
21 80 121
21 81 128
21 82 143
21 83 104
21 84 161
21 85 156
21 86 137
21 87 122
21 88 151
21 89 124
21 90 103
21 91 166
21 92 173
21 93 105
21 94 155
21 95 102
21 96 156
21 97 140
21 98 131
21 99 153
22 23 133
22 24 116
22 25 143
22 26 118
22 27 165
22 28 129
22 29 136
22 30 148
22 31 160
22 32 136
22 33 159
22 34 149
22 35 128
22 36 155
22 37 118
22 38 100
22 39 171
22 40 143
22 41 102
22 42 110
22 43 157
22 44 119
22 45 112
22 46 114
22 47 104
22 48 129
22 49 156
22 50 129
22 51 121
22 52 137
22 53 132
22 54 140
22 55 121
22 56 141
22 57 112
22 58 139
22 59 165
22 60 109
22 61 159
22 62 113
22 63 161
22 64 162
22 65 131
22 66 133
22 67 165
22 68 163
22 69 124
22 70 151
22 71 136
22 72 148
22 73 121
22 74 129
22 75 142
22 76 131
22 77 156
22 78 133
22 79 103
22 80 110
22 81 120
22 82 144
22 83 178
22 84 129
22 85 154
22 86 158
22 87 118
22 88 150
22 89 109
22 90 150
22 91 138
22 92 127
22 93 153
22 94 178
22 95 129
22 96 159
22 97 137
22 98 155
22 99 120
23 24 113
23 25 102
23 26 116
23 27 179
23 28 106
23 29 126
23 30 157
23 31 121
23 32 135
23 33 109
23 34 127
23 35 176
23 36 141
23 37 142
23 38 135
23 39 172
23 40 148
23 41 128
23 42 138
23 43 133
23 44 121
23 45 176
23 46 166
23 47 135
23 48 107
23 49 149
23 50 157
23 51 108
23 52 157
23 53 120
23 54 144
23 55 120
23 56 162
23 57 117
23 58 131
23 59 158
23 60 165
23 61 166
23 62 117
23 63 127
23 64 171
23 65 115
23 66 112
23 67 114
23 68 107
23 69 134
23 70 107
23 71 171
23 72 163
23 73 121
23 74 155
23 75 172
23 76 165
23 77 155
23 78 161
23 79 128
23 80 134
23 81 103
23 82 174
23 83 115
23 84 132
23 85 112
23 86 114
23 87 175
23 88 150
23 89 162
23 90 177
23 91 115
23 92 140
23 93 175
23 94 170
23 95 136
23 96 168
23 97 166
23 98 133
23 99 109
24 25 140
24 26 146
24 27 113
24 28 165
24 29 130
24 30 153
24 31 177
24 32 151
24 33 154
24 34 142
24 35 142
24 36 151
24 37 149
24 38 123
24 39 107
24 40 179
24 41 136
24 42 145
24 43 133
24 44 168
24 45 107
24 46 108
24 47 107
24 48 110
24 49 121
24 50 149
24 51 149
24 52 171
24 53 169
24 54 120
24 55 155
24 56 120
24 57 160
24 58 169
24 59 169
24 60 155
24 61 115
24 62 168
24 63 120
24 64 142
24 65 137
24 66 110
24 67 130
24 68 154
24 69 157
24 70 124
24 71 168
24 72 103
24 73 114
24 74 176
24 75 112
24 76 162
24 77 125
24 78 119
24 79 108
24 80 158
24 81 147
24 82 158
24 83 132
24 84 125
24 85 147
24 86 109
24 87 120
24 88 146
24 89 156
24 90 105
24 91 108
24 92 161
24 93 132
24 94 107
24 95 111
24 96 105
24 97 144
24 98 106
24 99 177
25 26 129
25 27 174
25 28 153
25 29 126
25 30 131
25 31 132
25 32 175
25 33 124
25 34 103
25 35 116
25 36 152
25 37 124
25 38 147
25 39 128
25 40 108
25 41 156
25 42 146
25 43 152
25 44 115
25 45 168
25 46 160
25 47 171
25 48 176
25 49 142
25 50 112
25 51 125
25 52 103
25 53 124
25 54 153
25 55 172
25 56 176
25 57 107
25 58 123
25 59 146
25 60 158
25 61 102
25 62 120
25 63 129
25 64 112
25 65 161
25 66 101
25 67 161
25 68 168
25 69 128
25 70 124
25 71 114
25 72 148
25 73 164
25 74 137
25 75 178
25 76 115
25 77 145
25 78 173
25 79 123
25 80 158
25 81 166
25 82 140
25 83 144
25 84 106
25 85 165
25 86 155
25 87 114
25 88 103
25 89 154
25 90 144
25 91 124
25 92 102
25 93 131
25 94 168
25 95 144
25 96 158
25 97 116
25 98 127
25 99 173
26 27 104
26 28 148
26 29 162
26 30 161
26 31 148
26 32 115
26 33 151
26 34 115
26 35 109
26 36 141
26 37 177
26 38 137
26 39 178
26 40 129
26 41 110
26 42 148
26 43 156
26 44 176
26 45 158
26 46 160
26 47 142
26 48 109
26 49 120
26 50 178
26 51 164
26 52 119
26 53 112
26 54 134
26 55 161
26 56 116
26 57 134
26 58 135
26 59 125
26 60 124
26 61 170
26 62 177
26 63 138
26 64 159
26 65 174
26 66 113
26 67 153
26 68 117
26 69 104
26 70 147
26 71 104
26 72 143
26 73 151
26 74 151
26 75 125
26 76 113
26 77 111
26 78 138
26 79 105
26 80 158
26 81 160
26 82 163
26 83 103
26 84 155
26 85 155
26 86 103
26 87 149
26 88 172
26 89 112
26 90 112
26 91 176
26 92 175
26 93 160
26 94 103
26 95 121
26 96 139
26 97 157
26 98 103
26 99 111
27 28 167
27 29 105
27 30 147
27 31 116
27 32 112
27 33 133
27 34 168
27 35 131
27 36 169
27 37 101
27 38 107
27 39 164
27 40 165
27 41 148
27 42 124
27 43 115
27 44 113
27 45 135
27 46 116
27 47 175
27 48 124
27 49 107
27 50 110
27 51 104
27 52 107
27 53 120
27 54 127
27 55 174
27 56 133
27 57 159
27 58 126
27 59 173
27 60 109
27 61 123
27 62 158
27 63 119
27 64 143
27 65 172
27 66 118
27 67 117
27 68 130
27 69 174
27 70 124
27 71 120
27 72 159
27 73 160
27 74 124
27 75 146
27 76 144
27 77 127
27 78 101
27 79 102
27 80 138
27 81 151
27 82 130
27 83 125
27 84 155
27 85 137
27 86 131
27 87 169
27 88 132
27 89 151
27 90 177
27 91 125
27 92 174
27 93 168
27 94 129
27 95 100
27 96 105
27 97 154
27 98 160
27 99 144
28 29 127
28 30 134
28 31 107
28 32 100
28 33 136
28 34 167
28 35 129
28 36 143
28 37 131
28 38 158
28 39 172
28 40 179
28 41 112
28 42 133
28 43 126
28 44 112
28 45 171
28 46 158
28 47 128
28 48 176
28 49 132
28 50 160
28 51 167
28 52 124
28 53 108
28 54 106
28 55 113
28 56 167
28 57 111
28 58 175
28 59 146
28 60 170
28 61 103
28 62 135
28 63 111
28 64 112
28 65 139
28 66 173
28 67 130
28 68 169
28 69 118
28 70 150
28 71 160
28 72 109
28 73 167
28 74 102
28 75 143
28 76 160
28 77 164
28 78 175
28 79 172
28 80 165
28 81 104
28 82 121
28 83 115
28 84 158
28 85 160
28 86 120
28 87 135
28 88 107
28 89 143
28 90 159
28 91 159
28 92 157
28 93 104
28 94 132
28 95 129
28 96 131
28 97 108
28 98 151
28 99 147
29 30 170
29 31 115
29 32 102
29 33 157
29 34 109
29 35 169
29 36 106
29 37 123
29 38 146
29 39 121
29 40 102
29 41 125
29 42 177
29 43 163
29 44 133
29 45 143
29 46 100
29 47 155
29 48 150
29 49 160
29 50 159
29 51 156
29 52 172
29 53 120
29 54 168
29 55 175
29 56 107
29 57 113
29 58 141
29 59 155
29 60 118
29 61 111
29 62 110
29 63 101
29 64 175
29 65 175
29 66 114
29 67 126
29 68 154
29 69 128
29 70 164
29 71 134
29 72 166
29 73 176
29 74 147
29 75 173
29 76 153
29 77 158
29 78 148
29 79 130
29 80 113
29 81 105
29 82 109
29 83 123
29 84 139
29 85 177
29 86 138
29 87 154
29 88 129
29 89 103
29 90 135
29 91 143
29 92 122
29 93 167
29 94 102
29 95 111
29 96 107
29 97 131
29 98 154
29 99 151
30 31 172
30 32 112
30 33 147
30 34 128
30 35 143
30 36 120
30 37 121
30 38 103
30 39 149
30 40 119
30 41 158
30 42 156
30 43 141
30 44 111
30 45 128
30 46 103
30 47 105
30 48 163
30 49 148
30 50 103
30 51 161
30 52 163
30 53 143
30 54 116
30 55 170
30 56 129
30 57 114
30 58 143
30 59 100
30 60 101
30 61 103
30 62 175
30 63 105
30 64 132
30 65 167
30 66 110
30 67 104
30 68 159
30 69 168
30 70 149
30 71 171
30 72 134
30 73 130
30 74 145
30 75 102
30 76 121
30 77 153
30 78 103
30 79 145
30 80 106
30 81 128
30 82 124
30 83 152
30 84 153
30 85 138
30 86 140
30 87 120
30 88 100
30 89 115
30 90 155
30 91 119
30 92 105
30 93 146
30 94 154
30 95 132
30 96 116
30 97 112
30 98 108
30 99 112
31 32 148
31 33 126
31 34 128
31 35 165
31 36 102
31 37 133
31 38 137
31 39 137
31 40 123
31 41 102
31 42 116
31 43 147
31 44 100
31 45 121
31 46 173
31 47 165
31 48 160
31 49 106
31 50 151
31 51 170
31 52 120
31 53 132
31 54 126
31 55 157
31 56 178
31 57 167
31 58 111
31 59 176
31 60 152
31 61 145
31 62 167
31 63 117
31 64 116
31 65 142
31 66 126
31 67 103
31 68 161
31 69 137
31 70 132
31 71 121
31 72 179
31 73 120
31 74 146
31 75 137
31 76 155
31 77 174
31 78 163
31 79 149
31 80 125
31 81 152
31 82 137
31 83 155
31 84 177
31 85 127
31 86 118
31 87 176
31 88 103
31 89 119
31 90 153
31 91 149
31 92 165
31 93 136
31 94 170
31 95 159
31 96 125
31 97 173
31 98 169
31 99 140
32 33 176
32 34 113
32 35 114
32 36 115
32 37 115
32 38 104
32 39 158
32 40 128
32 41 167
32 42 137
32 43 143
32 44 167
32 45 102
32 46 132
32 47 145
32 48 151
32 49 163
32 50 147
32 51 115
32 52 175
32 53 134
32 54 172
32 55 116
32 56 102
32 57 143
32 58 128
32 59 109
32 60 176
32 61 155
32 62 113
32 63 177
32 64 100
32 65 102
32 66 168
32 67 152
32 68 151
32 69 149
32 70 159
32 71 126
32 72 120
32 73 172
32 74 103
32 75 117
32 76 157
32 77 155
32 78 111
32 79 121
32 80 140
32 81 169
32 82 121
32 83 100
32 84 120
32 85 145
32 86 165
32 87 108
32 88 137
32 89 142
32 90 103
32 91 116
32 92 172
32 93 149
32 94 146
32 95 137
32 96 177
32 97 142
32 98 153
32 99 113
33 34 109
33 35 130
33 36 168
33 37 174
33 38 159
33 39 131
33 40 140
33 41 107
33 42 140
33 43 136
33 44 163
33 45 120
33 46 147
33 47 150
33 48 107
33 49 134
33 50 139
33 51 141
33 52 119
33 53 122
33 54 170
33 55 103
33 56 167
33 57 123
33 58 177
33 59 121
33 60 145
33 61 148
33 62 153
33 63 141
33 64 143
33 65 160
33 66 123
33 67 120
33 68 139
33 69 129
33 70 151
33 71 159
33 72 169
33 73 151
33 74 103
33 75 130
33 76 115
33 77 155
33 78 148
33 79 165
33 80 123
33 81 178
33 82 112
33 83 109
33 84 132
33 85 177
33 86 116
33 87 178
33 88 171
33 89 165
33 90 153
33 91 161
33 92 174
33 93 163
33 94 142
33 95 107
33 96 147
33 97 103
33 98 121
33 99 129
34 35 113
34 36 151
34 37 137
34 38 150
34 39 179
34 40 158
34 41 174
34 42 146
34 43 116
34 44 179
34 45 112
34 46 133
34 47 168
34 48 104
34 49 158
34 50 146
34 51 116
34 52 128
34 53 133
34 54 138
34 55 130
34 56 108
34 57 133
34 58 168
34 59 143
34 60 119
34 61 128
34 62 147
34 63 123
34 64 154
34 65 155
34 66 133
34 67 120
34 68 165
34 69 125
34 70 162
34 71 150
34 72 142
34 73 158
34 74 168
34 75 134
34 76 151
34 77 143
34 78 132
34 79 115
34 80 148
34 81 163
34 82 122
34 83 119
34 84 105
34 85 147
34 86 109
34 87 138
34 88 122
34 89 174
34 90 142
34 91 116
34 92 135
34 93 171
34 94 178
34 95 116
34 96 107
34 97 116
34 98 118
34 99 107
35 36 139
35 37 127
35 38 139
35 39 145
35 40 147
35 41 139
35 42 116
35 43 165
35 44 144
35 45 161
35 46 165
35 47 133
35 48 131
35 49 133
35 50 108
35 51 157
35 52 136
35 53 103
35 54 168
35 55 146
35 56 140
35 57 127
35 58 102
35 59 128
35 60 167
35 61 146
35 62 115
35 63 104
35 64 154
35 65 141
35 66 112
35 67 153
35 68 120
35 69 134
35 70 123
35 71 119
35 72 127
35 73 164
35 74 119
35 75 129
35 76 100
35 77 137
35 78 133
35 79 120
35 80 167
35 81 155
35 82 168
35 83 155
35 84 137
35 85 107
35 86 166
35 87 146
35 88 156
35 89 135
35 90 143
35 91 122
35 92 111
35 93 129
35 94 143
35 95 128
35 96 159
35 97 137
35 98 165
35 99 119
36 37 114
36 38 153
36 39 117
36 40 134
36 41 153
36 42 104
36 43 130
36 44 149
36 45 154
36 46 171
36 47 160
36 48 154
36 49 149
36 50 101
36 51 130
36 52 162
36 53 106
36 54 121
36 55 158
36 56 128
36 57 148
36 58 132
36 59 168
36 60 171
36 61 156
36 62 138
36 63 171
36 64 176
36 65 107
36 66 143
36 67 109
36 68 109
36 69 171
36 70 119
36 71 121
36 72 157
36 73 126
36 74 159
36 75 112
36 76 173
36 77 147
36 78 142
36 79 137
36 80 149
36 81 143
36 82 174
36 83 115
36 84 134
36 85 168
36 86 171
36 87 110
36 88 135
36 89 150
36 90 116
36 91 139
36 92 170
36 93 113
36 94 157
36 95 147
36 96 169
36 97 169
36 98 174
36 99 146
37 38 163
37 39 104
37 40 170
37 41 127
37 42 164
37 43 140
37 44 124
37 45 136
37 46 121
37 47 138
37 48 147
37 49 158
37 50 145
37 51 134
37 52 147
37 53 102
37 54 146
37 55 110
37 56 128
37 57 160
37 58 172
37 59 159
37 60 144
37 61 122
37 62 154
37 63 172
37 64 129
37 65 140
37 66 126
37 67 115
37 68 129
37 69 110
37 70 126
37 71 179
37 72 176
37 73 119
37 74 159
37 75 144
37 76 169
37 77 137
37 78 103
37 79 129
37 80 123
37 81 161
37 82 127
37 83 119
37 84 125
37 85 102
37 86 109
37 87 179
37 88 136
37 89 175
37 90 115
37 91 146
37 92 156
37 93 112
37 94 157
37 95 143
37 96 104
37 97 142
37 98 175
37 99 138
38 39 135
38 40 139
38 41 133
38 42 139
38 43 157
38 44 146
38 45 133
38 46 135
38 47 165
38 48 103
38 49 135
38 50 161
38 51 173
38 52 154
38 53 158
38 54 119
38 55 145
38 56 156
38 57 132
38 58 116
38 59 164
38 60 141
38 61 122
38 62 136
38 63 131
38 64 172
38 65 154
38 66 101
38 67 117
38 68 167
38 69 138
38 70 124
38 71 171
38 72 112
38 73 162
38 74 138
38 75 103
38 76 103
38 77 169
38 78 104
38 79 145
38 80 125
38 81 111
38 82 151
38 83 173
38 84 162
38 85 126
38 86 179
38 87 106
38 88 138
38 89 172
38 90 121
38 91 162
38 92 109
38 93 137
38 94 170
38 95 169
38 96 161
38 97 147
38 98 135
38 99 128
39 40 147
39 41 163
39 42 136
39 43 134
39 44 111
39 45 127
39 46 126
39 47 134
39 48 109
39 49 139
39 50 102
39 51 179
39 52 135
39 53 135
39 54 176
39 55 177
39 56 163
39 57 152
39 58 142
39 59 156
39 60 144
39 61 171
39 62 141
39 63 108
39 64 111
39 65 169
39 66 167
39 67 114
39 68 132
39 69 139
39 70 132
39 71 176
39 72 144
39 73 171
39 74 137
39 75 102
39 76 113
39 77 119
39 78 124
39 79 125
39 80 120
39 81 178
39 82 155
39 83 155
39 84 144
39 85 135
39 86 106
39 87 117
39 88 115
39 89 165
39 90 110
39 91 143
39 92 100
39 93 108
39 94 127
39 95 178
39 96 117
39 97 127
39 98 169
39 99 106
40 41 104
40 42 141
40 43 114
40 44 176
40 45 151
40 46 131
40 47 100
40 48 118
40 49 120
40 50 111
40 51 135
40 52 177
40 53 106
40 54 174
40 55 150
40 56 173
40 57 115
40 58 149
40 59 144
40 60 117
40 61 166
40 62 115
40 63 171
40 64 142
40 65 177
40 66 101
40 67 142
40 68 178
40 69 120
40 70 123
40 71 103
40 72 151
40 73 110
40 74 175
40 75 143
40 76 178
40 77 140
40 78 150
40 79 103
40 80 116
40 81 138
40 82 152
40 83 105
40 84 139
40 85 144
40 86 179
40 87 123
40 88 145
40 89 151
40 90 116
40 91 138
40 92 112
40 93 170
40 94 153
40 95 172
40 96 149
40 97 119
40 98 159
40 99 107
41 42 153
41 43 159
41 44 100
41 45 166
41 46 163
41 47 163
41 48 141
41 49 167
41 50 136
41 51 143
41 52 108
41 53 100
41 54 147
41 55 128
41 56 155
41 57 178
41 58 131
41 59 174
41 60 139
41 61 113
41 62 174
41 63 126
41 64 176
41 65 135
41 66 177
41 67 101
41 68 130
41 69 101
41 70 111
41 71 152
41 72 170
41 73 145
41 74 157
41 75 165
41 76 155
41 77 145
41 78 127
41 79 124
41 80 171
41 81 154
41 82 135
41 83 115
41 84 145
41 85 118
41 86 102
41 87 148
41 88 121
41 89 150
41 90 162
41 91 143
41 92 127
41 93 125
41 94 159
41 95 145
41 96 126
41 97 114
41 98 160
41 99 161
42 43 124
42 44 118
42 45 178
42 46 150
42 47 163
42 48 105
42 49 160
42 50 172
42 51 143
42 52 124
42 53 109
42 54 167
42 55 107
42 56 150
42 57 148
42 58 115
42 59 122
42 60 151
42 61 179
42 62 174
42 63 166
42 64 156
42 65 154
42 66 117
42 67 169
42 68 147
42 69 103
42 70 177
42 71 104
42 72 121
42 73 158
42 74 161
42 75 134
42 76 137
42 77 131
42 78 175
42 79 172
42 80 163
42 81 122
42 82 122
42 83 153
42 84 174
42 85 111
42 86 102
42 87 119
42 88 149
42 89 143
42 90 156
42 91 126
42 92 147
42 93 169
42 94 132
42 95 138
42 96 170
42 97 108
42 98 129
42 99 159
43 44 179
43 45 168
43 46 113
43 47 127
43 48 140
43 49 118
43 50 100
43 51 143
43 52 160
43 53 137
43 54 175
43 55 144
43 56 168
43 57 139
43 58 135
43 59 172
43 60 179
43 61 133
43 62 111
43 63 128
43 64 171
43 65 164
43 66 141
43 67 168
43 68 132
43 69 105
43 70 150
43 71 173
43 72 119
43 73 109
43 74 120
43 75 132
43 76 167
43 77 139
43 78 168
43 79 162
43 80 113
43 81 133
43 82 142
43 83 144
43 84 128
43 85 138
43 86 107
43 87 122
43 88 164
43 89 113
43 90 105
43 91 111
43 92 151
43 93 141
43 94 152
43 95 141
43 96 120
43 97 121
43 98 147
43 99 144
44 45 127
44 46 167
44 47 110
44 48 150
44 49 146
44 50 141
44 51 154
44 52 178
44 53 176
44 54 131
44 55 142
44 56 148
44 57 107
44 58 162
44 59 143
44 60 161
44 61 179
44 62 121
44 63 176
44 64 169
44 65 153
44 66 115
44 67 101
44 68 158
44 69 148
44 70 173
44 71 106
44 72 152
44 73 128
44 74 120
44 75 137
44 76 175
44 77 167
44 78 166
44 79 139
44 80 168
44 81 136
44 82 108
44 83 103
44 84 158
44 85 103
44 86 133
44 87 104
44 88 179
44 89 123
44 90 128
44 91 100
44 92 111
44 93 101
44 94 130
44 95 176
44 96 139
44 97 121
44 98 162
44 99 155
45 46 121
45 47 132
45 48 102
45 49 103
45 50 106
45 51 125
45 52 133
45 53 132
45 54 168
45 55 117
45 56 167
45 57 147
45 58 114
45 59 124
45 60 113
45 61 168
45 62 126
45 63 103
45 64 108
45 65 168
45 66 110
45 67 110
45 68 151
45 69 114
45 70 145
45 71 146
45 72 157
45 73 178
45 74 141
45 75 164
45 76 110
45 77 100
45 78 175
45 79 152
45 80 172
45 81 127
45 82 145
45 83 153
45 84 113
45 85 163
45 86 137
45 87 120
45 88 151
45 89 173
45 90 169
45 91 104
45 92 143
45 93 110
45 94 160
45 95 126
45 96 146
45 97 154
45 98 119
45 99 138
46 47 154
46 48 168
46 49 129
46 50 145
46 51 165
46 52 176
46 53 164
46 54 106
46 55 147
46 56 114
46 57 158
46 58 125
46 59 108
46 60 170
46 61 160
46 62 147
46 63 116
46 64 173
46 65 133
46 66 133
46 67 173
46 68 147
46 69 125
46 70 171
46 71 172
46 72 161
46 73 160
46 74 137
46 75 179
46 76 131
46 77 175
46 78 127
46 79 137
46 80 124
46 81 141
46 82 118
46 83 174
46 84 160
46 85 116
46 86 147
46 87 120
46 88 140
46 89 176
46 90 103
46 91 127
46 92 153
46 93 156
46 94 150
46 95 160
46 96 155
46 97 106
46 98 164
46 99 117
47 48 154
47 49 142
47 50 150
47 51 134
47 52 128
47 53 156
47 54 117
47 55 101
47 56 125
47 57 152
47 58 161
47 59 142
47 60 149
47 61 115
47 62 143
47 63 122
47 64 121
47 65 178
47 66 147
47 67 104
47 68 173
47 69 104
47 70 140
47 71 165
47 72 113
47 73 176
47 74 169
47 75 120
47 76 141
47 77 150
47 78 123
47 79 151
47 80 153
47 81 163
47 82 120
47 83 155
47 84 105
47 85 141
47 86 137
47 87 141
47 88 105
47 89 172
47 90 119
47 91 156
47 92 144
47 93 161
47 94 161
47 95 113
47 96 110
47 97 176
47 98 179
47 99 103
48 49 160
48 50 119
48 51 152
48 52 101
48 53 138
48 54 127
48 55 178
48 56 151
48 57 177
48 58 138
48 59 144
48 60 152
48 61 174
48 62 143
48 63 176
48 64 171
48 65 125
48 66 105
48 67 119
48 68 102
48 69 135
48 70 165
48 71 172
48 72 169
48 73 134
48 74 144
48 75 119
48 76 165
48 77 122
48 78 110
48 79 163
48 80 169
48 81 177
48 82 173
48 83 103
48 84 123
48 85 111
48 86 128
48 87 106
48 88 164
48 89 166
48 90 119
48 91 166
48 92 116
48 93 161
48 94 104
48 95 123
48 96 116
48 97 154
48 98 173
48 99 169
49 50 165
49 51 105
49 52 127
49 53 136
49 54 164
49 55 177
49 56 119
49 57 109
49 58 105
49 59 113
49 60 129
49 61 150
49 62 136
49 63 123
49 64 115
49 65 132
49 66 148
49 67 105
49 68 160
49 69 117
49 70 169
49 71 152
49 72 109
49 73 170
49 74 178
49 75 113
49 76 126
49 77 157
49 78 114
49 79 172
49 80 179
49 81 126
49 82 161
49 83 144
49 84 144
49 85 147
49 86 168
49 87 167
49 88 146
49 89 179
49 90 102
49 91 108
49 92 155
49 93 175
49 94 121
49 95 144
49 96 131
49 97 151
49 98 142
49 99 127
50 51 104
50 52 122
50 53 138
50 54 124
50 55 117
50 56 177
50 57 125
50 58 162
50 59 141
50 60 100
50 61 103
50 62 121
50 63 115
50 64 138
50 65 137
50 66 121
50 67 129
50 68 159
50 69 134
50 70 118
50 71 169
50 72 169
50 73 100
50 74 170
50 75 159
50 76 162
50 77 131
50 78 130
50 79 154
50 80 178
50 81 102
50 82 179
50 83 168
50 84 147
50 85 121
50 86 147
50 87 150
50 88 134
50 89 100
50 90 123
50 91 153
50 92 100
50 93 164
50 94 111
50 95 176
50 96 146
50 97 120
50 98 171
50 99 158
51 52 154
51 53 137
51 54 135
51 55 163
51 56 122
51 57 171
51 58 121
51 59 120
51 60 126
51 61 133
51 62 116
51 63 157
51 64 130
51 65 114
51 66 160
51 67 165
51 68 154
51 69 159
51 70 179
51 71 171
51 72 123
51 73 104
51 74 147
51 75 109
51 76 117
51 77 171
51 78 165
51 79 151
51 80 109
51 81 156
51 82 149
51 83 145
51 84 120
51 85 169
51 86 166
51 87 159
51 88 127
51 89 126
51 90 137
51 91 142
51 92 111
51 93 121
51 94 132
51 95 149
51 96 153
51 97 153
51 98 106
51 99 148
52 53 138
52 54 125
52 55 105
52 56 167
52 57 146
52 58 170
52 59 129
52 60 152
52 61 178
52 62 134
52 63 163
52 64 155
52 65 174
52 66 175
52 67 108
52 68 166
52 69 147
52 70 105
52 71 150
52 72 105
52 73 153
52 74 157
52 75 119
52 76 157
52 77 153
52 78 143
52 79 161
52 80 145
52 81 144
52 82 146
52 83 104
52 84 162
52 85 168
52 86 167
52 87 115
52 88 177
52 89 142
52 90 152
52 91 104
52 92 158
52 93 116
52 94 176
52 95 166
52 96 119
52 97 164
52 98 168
52 99 156
53 54 144
53 55 136
53 56 164
53 57 123
53 58 112
53 59 160
53 60 143
53 61 123
53 62 171
53 63 138
53 64 176
53 65 139
53 66 137
53 67 177
53 68 176
53 69 119
53 70 116
53 71 134
53 72 168
53 73 177
53 74 177
53 75 130
53 76 110
53 77 102
53 78 143
53 79 166
53 80 134
53 81 107
53 82 102
53 83 137
53 84 115
53 85 177
53 86 113
53 87 151
53 88 121
53 89 103
53 90 108
53 91 115
53 92 116
53 93 137
53 94 158
53 95 129
53 96 116
53 97 164
53 98 108
53 99 135
54 55 121
54 56 131
54 57 113
54 58 156
54 59 104
54 60 131
54 61 111
54 62 154
54 63 126
54 64 178
54 65 127
54 66 171
54 67 111
54 68 111
54 69 137
54 70 142
54 71 137
54 72 151
54 73 144
54 74 177
54 75 175
54 76 158
54 77 178
54 78 179
54 79 173
54 80 107
54 81 129
54 82 164
54 83 154
54 84 170
54 85 158
54 86 143
54 87 133
54 88 120
54 89 105
54 90 140
54 91 146
54 92 149
54 93 132
54 94 145
54 95 102
54 96 170
54 97 122
54 98 115
54 99 151
55 56 136
55 57 171
55 58 156
55 59 162
55 60 170
55 61 156
55 62 128
55 63 153
55 64 173
55 65 128
55 66 164
55 67 114
55 68 178
55 69 138
55 70 152
55 71 156
55 72 166
55 73 163
55 74 111
55 75 139
55 76 129
55 77 118
55 78 171
55 79 121
55 80 110
55 81 110
55 82 151
55 83 150
55 84 176
55 85 156
55 86 118
55 87 139
55 88 139
55 89 104
55 90 126
55 91 112
55 92 113
55 93 119
55 94 127
55 95 145
55 96 109
55 97 170
55 98 104
55 99 121
56 57 130
56 58 179
56 59 130
56 60 163
56 61 140
56 62 116
56 63 154
56 64 132
56 65 161
56 66 135
56 67 176
56 68 144
56 69 127
56 70 156
56 71 148
56 72 149
56 73 170
56 74 116
56 75 161
56 76 168
56 77 130
56 78 135
56 79 177
56 80 113
56 81 143
56 82 151
56 83 112
56 84 153
56 85 158
56 86 121
56 87 145
56 88 120
56 89 114
56 90 122
56 91 179
56 92 162
56 93 135
56 94 146
56 95 109
56 96 143
56 97 104
56 98 150
56 99 117
57 58 175
57 59 176
57 60 177
57 61 164
57 62 122
57 63 143
57 64 139
57 65 151
57 66 141
57 67 161
57 68 137
57 69 178
57 70 165
57 71 141
57 72 126
57 73 173
57 74 164
57 75 151
57 76 139
57 77 136
57 78 146
57 79 151
57 80 159
57 81 123
57 82 139
57 83 120
57 84 114
57 85 105
57 86 110
57 87 140
57 88 119
57 89 144
57 90 106
57 91 174
57 92 153
57 93 150
57 94 140
57 95 164
57 96 110
57 97 139
57 98 129
57 99 173
58 59 115
58 60 174
58 61 167
58 62 125
58 63 179
58 64 134
58 65 107
58 66 178
58 67 123
58 68 101
58 69 116
58 70 165
58 71 162
58 72 142
58 73 160
58 74 162
58 75 107
58 76 167
58 77 130
58 78 103
58 79 153
58 80 149
58 81 132
58 82 167
58 83 158
58 84 105
58 85 143
58 86 139
58 87 109
58 88 147
58 89 138
58 90 127
58 91 132
58 92 108
58 93 114
58 94 131
58 95 178
58 96 143
58 97 130
58 98 123
58 99 119
59 60 130
59 61 179
59 62 140
59 63 159
59 64 155
59 65 127
59 66 173
59 67 164
59 68 145
59 69 154
59 70 152
59 71 163
59 72 116
59 73 104
59 74 158
59 75 148
59 76 155
59 77 166
59 78 112
59 79 103
59 80 144
59 81 161
59 82 115
59 83 155
59 84 156
59 85 100
59 86 134
59 87 102
59 88 157
59 89 113
59 90 160
59 91 134
59 92 179
59 93 125
59 94 166
59 95 177
59 96 133
59 97 165
59 98 158
59 99 134
60 61 115
60 62 132
60 63 142
60 64 109
60 65 132
60 66 175
60 67 131
60 68 136
60 69 118
60 70 137
60 71 171
60 72 141
60 73 131
60 74 156
60 75 112
60 76 122
60 77 138
60 78 120
60 79 176
60 80 159
60 81 118
60 82 134
60 83 108
60 84 126
60 85 125
60 86 132
60 87 133
60 88 104
60 89 178
60 90 164
60 91 134
60 92 128
60 93 121
60 94 116
60 95 122
60 96 103
60 97 148
60 98 147
60 99 146
61 62 121
61 63 111
61 64 108
61 65 150
61 66 152
61 67 147
61 68 145
61 69 172
61 70 130
61 71 179
61 72 121
61 73 117
61 74 119
61 75 140
61 76 110
61 77 165
61 78 170
61 79 151
61 80 156
61 81 159
61 82 112
61 83 106
61 84 121
61 85 119
61 86 130
61 87 152
61 88 154
61 89 151
61 90 142
61 91 117
61 92 105
61 93 100
61 94 176
61 95 114
61 96 167
61 97 149
61 98 144
61 99 162
62 63 122
62 64 150
62 65 162
62 66 172
62 67 107
62 68 136
62 69 103
62 70 174
62 71 123
62 72 141
62 73 113
62 74 151
62 75 106
62 76 145
62 77 103
62 78 163
62 79 149
62 80 134
62 81 160
62 82 117
62 83 106
62 84 141
62 85 131
62 86 127
62 87 132
62 88 138
62 89 162
62 90 115
62 91 166
62 92 124
62 93 100
62 94 105
62 95 145
62 96 119
62 97 116
62 98 106
62 99 125
63 64 117
63 65 144
63 66 148
63 67 167
63 68 125
63 69 120
63 70 179
63 71 116
63 72 135
63 73 146
63 74 178
63 75 111
63 76 134
63 77 167
63 78 154
63 79 112
63 80 126
63 81 159
63 82 167
63 83 157
63 84 126
63 85 135
63 86 170
63 87 101
63 88 127
63 89 105
63 90 162
63 91 176
63 92 110
63 93 155
63 94 146
63 95 101
63 96 132
63 97 126
63 98 127
63 99 109
64 65 100
64 66 125
64 67 169
64 68 167
64 69 109
64 70 102
64 71 165
64 72 122
64 73 106
64 74 102
64 75 171
64 76 163
64 77 114
64 78 170
64 79 131
64 80 151
64 81 108
64 82 133
64 83 179
64 84 133
64 85 131
64 86 105
64 87 140
64 88 156
64 89 158
64 90 129
64 91 120
64 92 157
64 93 141
64 94 111
64 95 164
64 96 127
64 97 117
64 98 107
64 99 162
65 66 131
65 67 128
65 68 105
65 69 118
65 70 143
65 71 109
65 72 177
65 73 142
65 74 147
65 75 151
65 76 114
65 77 101
65 78 166
65 79 165
65 80 173
65 81 151
65 82 126
65 83 153
65 84 179
65 85 134
65 86 150
65 87 126
65 88 104
65 89 139
65 90 116
65 91 147
65 92 106
65 93 157
65 94 153
65 95 119
65 96 128
65 97 144
65 98 154
65 99 166
66 67 171
66 68 164
66 69 176
66 70 154
66 71 138
66 72 159
66 73 103
66 74 159
66 75 161
66 76 170
66 77 101
66 78 108
66 79 122
66 80 129
66 81 105
66 82 173
66 83 129
66 84 123
66 85 148
66 86 101
66 87 162
66 88 116
66 89 169
66 90 134
66 91 148
66 92 166
66 93 139
66 94 111
66 95 114
66 96 119
66 97 168
66 98 110
66 99 140
67 68 132
67 69 173
67 70 153
67 71 115
67 72 137
67 73 168
67 74 125
67 75 111
67 76 134
67 77 158
67 78 160
67 79 144
67 80 134
67 81 134
67 82 147
67 83 163
67 84 166
67 85 121
67 86 103
67 87 150
67 88 117
67 89 154
67 90 170
67 91 117
67 92 105
67 93 125
67 94 113
67 95 118
67 96 114
67 97 140
67 98 114
67 99 163
68 69 109
68 70 158
68 71 164
68 72 155
68 73 167
68 74 101
68 75 145
68 76 143
68 77 118
68 78 172
68 79 129
68 80 118
68 81 119
68 82 175
68 83 168
68 84 112
68 85 135
68 86 134
68 87 151
68 88 166
68 89 132
68 90 118
68 91 175
68 92 144
68 93 142
68 94 147
68 95 172
68 96 166
68 97 123
68 98 155
68 99 112
69 70 145
69 71 154
69 72 101
69 73 111
69 74 105
69 75 129
69 76 136
69 77 124
69 78 175
69 79 108
69 80 179
69 81 152
69 82 108
69 83 125
69 84 113
69 85 123
69 86 140
69 87 172
69 88 146
69 89 131
69 90 150
69 91 159
69 92 113
69 93 147
69 94 122
69 95 156
69 96 168
69 97 123
69 98 168
69 99 174
70 71 103
70 72 154
70 73 105
70 74 100
70 75 133
70 76 133
70 77 143
70 78 136
70 79 175
70 80 153
70 81 160
70 82 170
70 83 119
70 84 166
70 85 110
70 86 152
70 87 112
70 88 112
70 89 179
70 90 150
70 91 116
70 92 174
70 93 114
70 94 144
70 95 111
70 96 125
70 97 139
70 98 175
70 99 125
71 72 112
71 73 146
71 74 113
71 75 132
71 76 149
71 77 102
71 78 111
71 79 107
71 80 125
71 81 148
71 82 136
71 83 144
71 84 156
71 85 173
71 86 101
71 87 176
71 88 102
71 89 125
71 90 122
71 91 125
71 92 123
71 93 121
71 94 153
71 95 130
71 96 100
71 97 114
71 98 102
71 99 132
72 73 159
72 74 136
72 75 126
72 76 152
72 77 114
72 78 113
72 79 105
72 80 142
72 81 162
72 82 129
72 83 109
72 84 142
72 85 177
72 86 131
72 87 100
72 88 126
72 89 159
72 90 144
72 91 129
72 92 163
72 93 165
72 94 148
72 95 124
72 96 112
72 97 111
72 98 117
72 99 111
73 74 108
73 75 151
73 76 179
73 77 109
73 78 178
73 79 173
73 80 122
73 81 117
73 82 160
73 83 175
73 84 142
73 85 146
73 86 179
73 87 102
73 88 102
73 89 153
73 90 172
73 91 174
73 92 139
73 93 163
73 94 161
73 95 165
73 96 137
73 97 140
73 98 165
73 99 166
74 75 125
74 76 163
74 77 136
74 78 141
74 79 145
74 80 144
74 81 178
74 82 138
74 83 105
74 84 155
74 85 149
74 86 147
74 87 113
74 88 179
74 89 109
74 90 165
74 91 168
74 92 144
74 93 148
74 94 140
74 95 155
74 96 148
74 97 106
74 98 132
74 99 170
75 76 160
75 77 109
75 78 113
75 79 145
75 80 178
75 81 128
75 82 171
75 83 154
75 84 149
75 85 116
75 86 125
75 87 153
75 88 113
75 89 149
75 90 112
75 91 155
75 92 161
75 93 179
75 94 158
75 95 171
75 96 121
75 97 133
75 98 178
75 99 131
76 77 111
76 78 171
76 79 141
76 80 150
76 81 117
76 82 142
76 83 163
76 84 142
76 85 151
76 86 147
76 87 120
76 88 164
76 89 166
76 90 159
76 91 101
76 92 102
76 93 133
76 94 105
76 95 101
76 96 150
76 97 166
76 98 115
76 99 107
77 78 162
77 79 121
77 80 106
77 81 108
77 82 105
77 83 137
77 84 136
77 85 179
77 86 148
77 87 106
77 88 133
77 89 168
77 90 113
77 91 165
77 92 163
77 93 136
77 94 127
77 95 145
77 96 126
77 97 145
77 98 101
77 99 130
78 79 124
78 80 133
78 81 177
78 82 126
78 83 122
78 84 175
78 85 157
78 86 171
78 87 155
78 88 138
78 89 116
78 90 161
78 91 170
78 92 104
78 93 169
78 94 176
78 95 117
78 96 176
78 97 149
78 98 129
78 99 118
79 80 146
79 81 132
79 82 129
79 83 160
79 84 122
79 85 162
79 86 166
79 87 113
79 88 124
79 89 147
79 90 100
79 91 157
79 92 116
79 93 128
79 94 117
79 95 151
79 96 170
79 97 146
79 98 102
79 99 129
80 81 152
80 82 105
80 83 142
80 84 124
80 85 170
80 86 152
80 87 169
80 88 155
80 89 141
80 90 123
80 91 162
80 92 158
80 93 116
80 94 119
80 95 131
80 96 108
80 97 157
80 98 145
80 99 136
81 82 150
81 83 121
81 84 161
81 85 111
81 86 102
81 87 165
81 88 103
81 89 165
81 90 158
81 91 153
81 92 157
81 93 131
81 94 119
81 95 101
81 96 128
81 97 148
81 98 165
81 99 102
82 83 167
82 84 169
82 85 105
82 86 117
82 87 171
82 88 122
82 89 159
82 90 105
82 91 139
82 92 162
82 93 105
82 94 153
82 95 131
82 96 100
82 97 140
82 98 108
82 99 156
83 84 164
83 85 144
83 86 114
83 87 128
83 88 175
83 89 133
83 90 125
83 91 110
83 92 143
83 93 144
83 94 123
83 95 164
83 96 168
83 97 157
83 98 134
83 99 165
84 85 171
84 86 136
84 87 153
84 88 177
84 89 175
84 90 133
84 91 139
84 92 142
84 93 161
84 94 146
84 95 174
84 96 170
84 97 154
84 98 130
84 99 118
85 86 174
85 87 133
85 88 159
85 89 107
85 90 140
85 91 149
85 92 169
85 93 154
85 94 139
85 95 143
85 96 120
85 97 120
85 98 101
85 99 174
86 87 134
86 88 123
86 89 117
86 90 161
86 91 140
86 92 125
86 93 135
86 94 162
86 95 170
86 96 163
86 97 113
86 98 109
86 99 153
87 88 143
87 89 132
87 90 100
87 91 153
87 92 154
87 93 105
87 94 175
87 95 153
87 96 131
87 97 125
87 98 105
87 99 112
88 89 110
88 90 155
88 91 147
88 92 107
88 93 155
88 94 124
88 95 164
88 96 112
88 97 155
88 98 128
88 99 128
89 90 177
89 91 122
89 92 105
89 93 107
89 94 111
89 95 102
89 96 127
89 97 169
89 98 152
89 99 145
90 91 119
90 92 138
90 93 127
90 94 175
90 95 152
90 96 138
90 97 120
90 98 157
90 99 155
91 92 157
91 93 128
91 94 114
91 95 119
91 96 172
91 97 152
91 98 164
91 99 129
92 93 116
92 94 146
92 95 174
92 96 172
92 97 160
92 98 153
92 99 166
93 94 172
93 95 105
93 96 124
93 97 161
93 98 148
93 99 174
94 95 137
94 96 151
94 97 175
94 98 121
94 99 161
95 96 141
95 97 136
95 98 153
95 99 136
96 97 172
96 98 154
96 99 126
97 98 101
97 99 138
98 99 134
