8
20 7
1 27
30 14
9 6
17 13
4 2
17 7
8 9
8
24 20
4 1
17 30
25 9
18 17
29 4
24 17
22 8
12
14 17
16 17
18 17
20 17
22 17
28 26
30 26
24 26
17 13
10 2
3 8
21 20
30
12 14
14 14
16 14
18 14
20 14
22 14
24 14
26 14
28 14
30 14
8 8
10 8
12 8
14 8
16 8
18 8
20 8
22 8
24 8
26 8
28 8
30 8
3 17
25 26
3 21
13 10
21 20
10 15
6 12
21 4
37
12 16
14 16
16 16
18 16
20 16
22 16
24 16
26 16
28 16
30 16
3 14
5 14
7 14
9 14
11 14
13 14
15 14
17 14
19 14
21 14
23 14
25 14
27 14
29 14
9 8
23 12
30 30
14 18
22 21
7 7
15 5
6 21
7 4
26 1
15 23
28 30
2 25
12
3 2
3 16
17 2
17 16
6 5
6 19
20 5
20 19
1 1
1 15
15 1
15 15
30
3 4
3 18
17 4
17 18
5 6
5 20
19 6
19 20
2 6
2 20
16 6
16 20
1 3
1 17
15 3
15 17
6 3
6 17
20 3
20 17
6 1
6 15
20 1
20 15
3 2
3 16
17 2
17 16
2 11
14 27
37
1 1
1 15
15 1
15 15
4 3
4 17
18 3
18 17
6 4
6 18
20 4
20 18
4 5
4 19
18 5
18 19
3 1
3 15
17 1
17 15
1 5
1 19
15 5
15 19
5 1
5 15
19 1
19 15
1 3
1 17
15 3
15 17
6 6
6 20
20 6
20 20
2 23
12
2 5
2 19
17 5
16 20
9 12
4 2
4 16
19 2
18 17
11 9
24 26
17 13
30
1 2
1 16
16 2
15 17
8 9
6 1
6 15
21 1
20 16
13 8
3 1
3 15
18 1
17 16
10 8
3 6
3 20
18 6
17 21
10 13
6 5
6 19
21 5
20 20
13 12
13 22
1 26
29 6
6 11
28 24
37
2 4
2 18
17 4
16 19
9 11
1 1
1 15
16 1
15 16
8 8
3 2
3 16
18 2
17 17
10 9
5 4
5 18
20 4
19 19
12 11
6 6
6 20
21 6
20 21
13 13
2 6
2 20
17 6
16 21
9 13
12 1
12 5
18 27
27 21
15 23
26 14
21 30
12
3 4
3 6
3 8
5 4
5 6
5 8
7 4
7 6
7 8
9 15
6 1
24 17
30
8 2
8 4
8 6
8 8
8 10
10 2
10 4
10 6
10 8
10 10
13 2
13 4
13 6
13 8
13 10
15 2
15 4
15 6
15 8
15 10
17 2
17 4
17 6
17 8
17 10
18 26
10 17
23 12
18 29
6 18
37
4 7
4 9
4 11
4 13
4 15
4 17
6 7
7 9
7 11
7 13
7 15
7 17
9 7
9 9
9 11
9 13
9 15
9 17
11 7
11 9
11 11
11 13
11 15
11 18
13 8
13 10
13 12
13 14
13 16
13 18
15 8
15 10
15 12
15 14
15 16
15 18
15 28
12
2 2
4 2
6 2
2 7
4 7
6 7
2 9
4 9
6 9
17 12
9 28
10 3
30
3 3
5 3
7 3
9 3
11 3
3 5
5 5
7 5
9 5
11 8
3 10
5 10
7 10
9 10
11 10
3 12
5 12
7 15
9 15
11 15
3 17
5 17
7 17
9 17
11 17
17 11
7 7
25 17
3 19
20 7
37
2 2
4 2
6 2
8 5
10 5
12 5
2 7
4 7
6 7
8 7
10 7
12 7
2 9
4 9
6 12
8 12
10 12
12 12
2 14
4 14
6 14
8 14
10 14
12 14
2 16
4 16
6 16
8 16
10 16
12 16
2 18
4 18
6 18
8 18
10 18
12 18
21 3
12
2 2
4 2
6 2
2 7
7 7
9 7
5 9
10 9
12 9
17 12
9 28
10 3
30
2 1
4 1
9 1
11 1
13 1
5 3
7 3
9 6
14 9
16 9
8 11
10 11
12 11
14 11
16 11
8 13
10 13
12 13
14 13
16 13
8 15
10 15
12 15
14 15
16 15
29 6
1 27
5 7
13 6
9 17
37
2 2
4 2
6 2
8 2
10 5
12 5
2 7
4 7
6 7
8 7
13 7
15 10
5 12
7 12
9 12
14 12
16 12
18 12
8 14
10 14
12 14
14 14
16 14
18 14
8 16
10 16
12 16
14 16
16 16
18 16
8 18
10 18
12 18
14 18
16 18
18 18
21 17
12
2 1
4 1
6 1
8 1
4 3
6 3
8 3
6 5
8 5
8 7
28 26
24 26
30
2 1
4 1
6 1
8 1
10 1
12 1
14 1
4 3
6 3
8 3
10 3
12 3
14 3
6 5
8 5
10 5
12 5
14 5
8 7
10 7
12 7
14 7
10 9
12 9
14 9
12 11
14 11
14 13
28 26
24 26
37
2 1
4 1
6 1
8 1
10 1
12 1
14 1
16 1
4 3
6 3
8 3
10 3
12 3
14 3
16 3
6 5
8 5
10 5
12 5
14 5
16 5
8 7
10 7
12 7
14 7
16 7
10 9
12 9
14 9
16 9
12 11
14 11
16 11
14 13
16 13
16 15
28 26
12
14 23
20 23
14 29
20 29
10 17
7 20
10 23
13 20
24 26
17 13
10 2
3 8
12
1 7
1 12
6 1
7 16
12 6
11 11
3 7
3 12
8 1
9 16
14 6
13 11
37
3 8
3 13
7 2
8 18
12 8
12 13
5 8
5 13
9 2
10 18
14 8
14 13
7 8
7 13
11 2
12 18
16 8
16 13
9 9
9 14
13 3
14 19
18 9
18 14
11 10
11 15
15 4
16 20
20 10
20 15
13 11
13 16
17 5
18 21
22 11
22 16
24 17
12
3 1
5 1
7 1
9 3
11 3
13 5
15 5
17 7
19 7
21 9
23 9
4 5
30
3 1
5 1
7 1
9 3
11 3
13 5
15 5
17 7
19 7
21 9
23 9
4 5
6 5
8 5
10 7
12 7
14 9
16 9
18 11
20 11
22 13
24 13
2 11
4 11
6 11
8 13
10 13
12 15
14 15
16 17
37
1 1
3 1
5 1
7 1
9 1
11 1
13 3
15 3
17 3
19 3
21 3
23 5
25 5
27 5
29 5
4 6
6 6
8 6
10 6
12 6
14 6
16 8
18 8
20 8
22 8
24 8
26 10
28 10
30 10
2 9
4 9
6 9
8 9
10 9
12 9
14 11
16 11
3
17 29
15 29
9 24
3
13 2
11 2
4 8
3
7 19
11 15
9 19
4
6 19
25 24
8 2
4 19
4
24 18
8 23
14 18
23 16
4
4 2
6 3
17 30
5 5
5
27 6
17 10
14 18
25 16
13 16
5
4 14
14 9
1 25
8 7
9 10
5
18 25
1 17
5 18
15 9
3 17
6
27 6
17 10
14 18
25 16
13 16
15 28
6
4 22
18 26
10 17
23 12
18 29
6 18
6
4 14
14 9
1 25
8 7
9 10
21 7
7
16 16
15 28
27 6
17 10
14 18
25 16
13 16
7
16 30
5 30
11 10
22 8
28 12
22 6
10 8
7
18 27
4 22
10 17
23 12
18 29
6 18
25 2
8
6 1
24 17
2 21
27 4
17 2
16 16
15 28
27 6
8
17 10
14 18
25 16
13 16
15 28
15 15
4 21
8 19
8
27 2
16 30
5 30
11 10
22 8
28 12
22 6
10 8
9
14 17
2 23
10 4
22 30
15 8
9 15
6 1
24 17
2 21
9
27 4
3 21
17 2
16 16
15 28
27 6
17 10
14 18
25 16
9
13 16
15 28
15 15
4 21
8 19
7 9
9 25
4 12
15 20
10
28 10
3 21
3 14
8 26
30 13
13 19
30 28
14 17
2 23
10 4
10
22 30
15 8
9 15
6 1
24 17
2 21
27 4
17 2
16 16
15 28
10
27 6
17 10
14 18
25 16
13 16
15 28
15 15
4 21
8 19
7 9
20
14 17
28 26
24 26
17 13
10 2
3 8
21 20
24 17
1 7
12 9
28 10
3 21
3 14
8 26
30 13
13 19
30 28
2 23
10 4
22 30
20
15 8
9 15
6 1
24 17
2 21
27 4
17 2
16 16
15 28
27 6
17 10
14 18
13 16
4 21
8 19
7 9
9 25
4 12
15 20
13 1
20
27 19
20 23
17 7
25 30
16 11
15 29
18 22
18 3
28 13
23 27
2 21
27 2
5 30
11 10
22 8
22 6
10 8
28 17
7 6
17 24
30
14 17
28 26
24 26
17 13
10 2
3 8
21 20
24 17
1 7
12 9
28 10
3 21
3 14
8 26
30 13
13 19
30 28
2 23
10 4
22 30
15 8
9 15
6 1
27 4
17 2
16 16
15 28
27 6
17 10
8 19
30
7 9
9 25
4 12
15 20
13 1
27 19
20 23
17 7
25 30
16 11
15 29
18 22
18 3
28 13
23 27
2 21
27 2
5 30
11 10
22 8
22 6
10 8
28 17
7 6
17 24
30 15
29 22
3 30
1 19
29 6
30
11 10
7 24
9 26
27 22
2 6
30 29
15 9
2 21
14 11
15 5
25 5
18 27
4 22
10 17
23 12
18 29
6 18
25 2
30 8
16 14
9 9
19 10
27 5
14 14
24 9
27 11
5 29
19 19
10 28
18 7
40
14 17
28 26
24 26
17 13
10 2
3 8
21 20
24 17
1 7
12 9
28 10
3 21
3 14
8 26
30 13
13 19
30 28
2 23
10 4
22 30
15 8
9 15
6 1
27 4
17 2
16 16
15 28
27 6
17 10
8 19
7 9
4 12
15 20
13 1
27 19
20 23
17 7
25 30
18 22
28 13
40
23 27
2 21
27 2
16 30
5 30
11 10
22 8
28 12
22 6
10 8
28 17
18 4
7 6
17 24
30 15
29 22
3 30
1 19
29 6
7 24
9 26
27 22
2 6
30 29
15 9
14 11
15 5
25 5
18 27
4 22
10 17
23 12
18 29
6 18
25 2
30 8
16 14
19 10
27 5
14 14
40
7 13
7 8
16 7
20 19
18 3
29 23
10 10
27 21
13 18
7 22
14 13
2 26
30 20
22 15
20 2
6 19
18 21
25 29
1 5
23 30
27 2
1 15
23 13
3 21
26 16
11 3
9 24
9 21
25 21
10 17
13 26
15 5
30 30
4 27
11 23
30 5
12 8
7 10
5 23
23 27
60
14 17
28 26
24 26
17 13
10 2
3 8
21 20
24 17
1 7
12 9
28 10
3 21
3 14
8 26
30 13
13 19
30 28
2 23
10 4
22 30
15 8
9 15
6 1
27 4
17 2
16 16
15 28
27 6
17 10
8 19
7 9
4 12
15 20
13 1
27 19
20 23
17 7
25 30
18 22
28 13
27 2
16 30
5 30
22 8
22 6
10 8
28 17
18 4
7 6
17 24
30 15
29 22
3 30
1 19
29 6
7 24
27 22
14 11
15 5
25 5
60
20 2
21 18
6 19
18 21
25 29
1 5
23 30
27 2
1 15
23 13
3 21
26 16
11 3
9 24
9 21
25 21
30 22
10 17
13 26
15 5
30 30
4 27
1 26
11 23
30 5
12 8
15 14
7 10
5 23
23 27
15 2
13 19
23 19
19 19
14 9
4 14
8 7
9 10
21 7
30 11
4 18
24 23
7 16
26 9
28 10
17 1
15 22
21 9
17 3
15 28
20 14
30 3
19 4
21 12
20 25
18 29
13 6
24 25
13 21
12 13
60
1 28
4 12
22 10
1 16
27 28
18 25
5 18
15 9
3 17
11 7
7 25
17 3
19 20
7 11
18 11
22 1
12 14
8 8
25 26
3 21
13 10
21 20
10 15
21 4
29 17
11 5
20 18
16 20
6 4
24 18
8 19
28 5
1 20
9 29
25 24
8 2
11 20
30 14
23 5
22 23
13 21
3 2
18 16
12 18
25 21
9 6
17 23
9 11
19 22
1 13
28 26
10 22
27 11
19 6
4 10
15 22
6 15
20 29
3 23
4 15
80
17 26
16 4
29 7
28 4
27 11
13 17
10 4
11 29
28 27
6 3
5 11
21 17
19 26
15 30
15 27
29 24
23 14
27 13
13 25
8 1
5 20
17 6
5 13
16 2
7 12
4 28
28 22
23 12
21 29
30 11
25 19
26 29
13 3
14 7
22 21
25 3
11 1
14 14
20 11
3 5
6 24
19 22
12 14
26 25
4 8
28 17
24 30
12 19
7 15
4 15
8 28
21 8
24 21
10 10
14 21
3 18
10 7
16 17
14 11
8 5
19 9
30 21
18 19
21 14
2 11
8 24
3 23
2 16
20 4
24 8
12 23
24 24
30 19
17 11
11 27
25 14
24 1
23 17
8 21
2 27
80
21 17
23 1
13 15
30 30
30 16
11 14
18 11
25 20
10 11
11 29
3 23
16 17
3 12
19 22
8 8
23 12
15 22
7 14
19 17
17 14
6 3
24 8
13 27
6 7
24 3
5 9
3 4
9 26
8 23
9 19
28 8
24 16
24 10
21 29
12 7
6 16
16 7
26 9
9 30
10 4
25 18
21 2
2 21
28 6
7 27
12 19
3 9
26 5
17 19
16 12
7 1
21 8
14 3
28 11
8 12
24 14
27 20
6 30
29 22
18 6
4 29
18 24
16 29
10 17
17 9
14 8
24 26
6 12
28 27
29 13
18 4
7 5
27 25
3 1
30 8
8 16
27 16
2 25
20 26
17 22
80
22 12
24 18
7 12
9 18
2 30
5 11
9 21
22 25
28 18
4 30
26 9
6 19
18 23
19 10
19 20
15 28
29 8
15 30
30 11
10 30
1 24
25 29
3 28
7 17
9 16
1 20
18 27
21 9
1 10
20 15
23 5
15 19
21 7
4 7
27 6
18 3
8 27
5 28
5 5
7 24
20 27
3 4
1 12
17 7
22 29
6 2
22 2
4 17
28 13
25 5
2 6
26 1
27 16
10 28
17 9
26 14
20 13
13 15
13 26
3 23
7 22
11 2
24 27
6 30
14 24
1 17
9 6
11 15
4 2
24 14
27 26
14 9
27 21
28 10
29 26
24 1
24 25
30 21
5 15
10 10
100
10 22
23 17
10 15
29 13
28 19
7 18
8 11
10 5
6 25
13 13
24 30
17 16
28 15
14 20
5 15
11 27
1 13
3 9
22 2
12 20
11 11
16 28
7 20
2 30
19 18
7 16
5 29
26 8
20 12
17 30
8 27
11 30
1 18
29 28
28 17
24 8
28 3
21 8
26 25
1 22
13 9
6 23
2 7
16 2
12 1
21 29
12 17
5 2
13 23
26 3
4 23
18 14
11 7
10 18
19 30
30 9
20 4
17 24
27 11
15 15
20 27
22 10
29 1
15 10
26 21
2 27
15 30
25 5
20 22
23 5
6 13
23 21
24 23
9 8
1 15
24 28
29 21
17 22
27 1
10 2
9 13
26 14
22 15
21 25
14 25
27 28
26 17
3 16
24 19
14 5
4 26
7 1
23 26
29 11
29 7
17 11
16 26
8 25
4 21
5 6
100
29 3
9 27
9 16
14 5
1 22
8 8
9 21
19 20
18 9
14 20
18 13
6 21
3 25
19 1
27 23
7 26
17 7
14 25
22 28
22 14
11 29
11 2
1 29
2 7
19 23
2 14
5 12
18 28
25 21
15 28
21 9
20 4
9 29
15 14
26 11
24 5
7 23
21 1
21 30
7 18
13 22
9 5
10 9
25 25
22 20
27 9
4 19
20 16
1 2
8 2
30 29
23 7
20 14
18 30
16 11
24 27
13 28
7 12
29 6
4 1
27 15
15 8
29 23
26 4
18 15
9 11
7 5
24 12
23 23
17 24
16 22
5 17
1 9
19 7
11 23
18 3
1 12
14 16
11 26
11 19
5 5
29 13
24 30
9 25
25 9
14 18
17 17
27 7
17 1
5 30
22 3
25 7
13 7
29 19
6 15
26 18
24 18
4 23
21 18
4 28
100
20 15
28 21
5 28
2 21
15 12
22 1
10 13
17 30
26 16
26 4
25 21
4 30
2 4
12 13
3 1
19 22
13 23
19 7
14 25
18 27
17 23
24 27
5 2
26 23
17 14
18 3
4 21
16 28
9 10
29 28
12 20
9 25
6 19
21 23
11 6
8 6
20 27
24 19
15 14
8 16
17 19
5 26
16 7
2 26
8 12
4 18
6 13
20 30
13 30
23 4
19 1
26 8
3 28
9 28
7 26
4 23
12 16
22 15
29 2
14 28
25 29
21 25
2 7
4 5
24 2
30 20
14 9
17 5
2 15
6 15
6 7
23 30
22 28
15 17
13 11
21 3
30 6
10 4
16 2
9 30
25 14
26 27
24 12
29 15
6 4
8 23
4 9
18 12
2 18
22 6
1 30
13 7
19 20
17 25
23 17
15 5
28 24
8 14
2 10
14 1
15
1 1
1 3
1 5
1 7
1 9
1 11
1 13
1 15
1 17
1 19
1 21
1 23
1 25
1 27
2 29
15
1 1
1 3
1 5
2 7
2 9
2 11
3 13
3 15
3 17
4 19
4 21
4 23
5 25
5 27
6 29
8
24 20
4 1
17 30
25 9
18 17
29 4
24 17
22 8
8
7 20
27 1
14 30
6 9
13 17
2 4
7 17
9 8
12
1 20
3 20
5 20
7 20
9 20
9 6
11 6
13 6
15 6
17 6
22 19
25 28
30
8 23
10 23
12 23
14 23
16 23
18 23
20 23
22 23
24 23
26 23
28 23
30 23
15 21
17 21
19 21
21 21
23 21
25 21
27 21
29 21
2 22
17 4
5 16
8 4
26 5
12 25
27 8
10 19
14 28
5 3
37
11 6
13 6
15 6
17 6
19 6
21 6
23 6
25 6
27 6
29 6
2 16
4 16
6 16
8 16
10 16
12 16
14 16
16 16
18 16
20 16
22 16
24 16
26 16
28 16
30 16
27 2
9 4
17 24
4 28
14 12
4 5
12 24
20 14
19 30
17 14
24 21
23 30
12
1 3
1 17
15 3
15 17
5 6
5 20
19 6
19 20
1 1
1 15
15 1
15 15
30
2 1
2 15
16 1
16 15
3 3
3 17
17 3
17 17
1 3
1 17
15 3
15 17
3 5
3 19
17 5
17 19
1 6
1 20
15 6
15 20
6 2
6 16
20 2
20 16
5 5
5 19
19 5
19 19
26 29
17 8
37
5 1
5 15
19 1
19 15
1 3
1 17
15 3
15 17
6 3
6 17
20 3
20 17
1 1
1 15
15 1
15 15
3 6
3 20
17 6
17 20
3 2
3 16
17 2
17 16
3 4
3 18
17 4
17 18
5 5
5 19
19 5
19 19
1 5
1 19
15 5
15 19
5 23
12
1 2
1 16
16 2
15 17
8 9
3 6
3 20
18 6
17 21
10 13
22 19
25 28
30
3 5
3 19
18 5
17 20
10 12
2 3
2 17
17 3
16 18
9 10
1 6
1 20
16 6
15 21
8 13
6 4
6 18
21 4
20 19
13 11
3 1
3 15
18 1
17 16
10 8
23 18
29 28
15 3
4 12
14 29
37
1 1
1 15
16 1
15 16
8 8
4 3
4 17
19 3
18 18
11 10
3 5
3 19
18 5
17 20
10 12
5 6
5 20
20 6
19 21
12 13
1 6
1 20
16 6
15 21
8 13
6 1
6 15
21 1
20 16
13 8
4 24
7 25
2 13
16 8
12 21
5 10
29 1
12
1 10
1 12
1 14
3 10
3 12
3 14
5 10
5 12
5 14
3 3
30 6
8 2
30
1 10
1 12
1 14
1 16
1 18
3 10
3 12
3 14
3 16
3 18
5 10
5 12
5 14
5 16
5 18
7 10
7 12
7 14
7 16
7 18
9 10
9 12
9 14
10 16
10 18
20 7
1 27
30 14
9 6
17 13
37
3 8
3 10
3 12
3 14
3 16
3 18
5 8
5 10
5 12
5 14
5 16
5 18
7 8
7 10
7 12
7 14
7 16
7 18
9 8
9 10
9 12
9 14
9 16
9 18
11 8
11 10
11 12
11 14
11 16
11 18
13 8
13 10
13 12
13 14
13 16
13 18
17 19
12
1 2
3 2
5 2
1 7
3 7
5 7
1 12
3 12
5 12
20 17
17 19
30 27
30
1 1
3 4
5 4
7 4
9 4
1 6
3 6
5 6
7 6
9 6
1 8
3 8
5 8
7 8
9 8
1 10
3 10
5 10
7 10
9 10
1 12
3 12
5 12
7 12
9 12
30 15
12 10
6 30
27 22
25 22
37
1 2
3 2
5 2
7 2
9 2
11 2
1 4
3 4
5 4
7 7
9 7
11 10
1 12
3 12
5 12
7 12
9 12
11 12
1 14
3 14
5 14
7 14
9 14
11 14
1 16
3 16
5 16
7 16
9 16
11 16
1 18
3 18
5 18
7 18
9 18
11 18
26 15
12
1 2
3 2
5 2
1 7
3 7
5 7
1 12
3 12
5 12
20 17
17 19
30 27
30
3 3
5 3
7 3
12 3
14 6
6 8
8 8
10 8
12 8
14 8
6 10
8 10
10 10
12 10
14 10
6 12
8 12
10 12
12 12
14 15
9 17
11 17
13 17
15 17
17 17
22 23
21 12
11 6
11 21
16 2
37
1 2
3 2
5 2
7 2
9 2
11 2
1 4
6 4
8 7
10 7
12 7
14 7
4 9
6 9
8 9
10 9
12 9
14 9
4 11
6 11
8 11
10 11
12 11
14 14
7 16
9 16
11 16
13 16
15 16
17 16
7 18
9 18
11 18
13 18
15 18
17 18
22 23
12
1 2
3 2
5 2
7 2
3 4
5 4
7 4
5 6
7 6
7 8
9 6
22 19
30
1 2
3 2
5 2
7 2
9 2
11 2
13 2
3 4
5 4
7 4
9 4
11 4
13 4
5 6
7 6
9 6
11 6
13 6
7 8
9 8
11 8
13 8
9 10
11 10
13 10
11 12
13 12
13 14
26 28
23 10
37
2 1
4 1
6 1
8 1
10 1
12 1
14 1
16 1
4 3
6 3
8 3
10 3
12 3
14 3
16 3
6 5
8 5
10 5
12 5
14 5
16 5
8 7
10 7
12 7
14 7
16 7
10 9
12 9
14 9
16 9
12 11
14 11
16 11
14 13
16 13
16 15
25 28
12
2 22
8 22
2 28
8 28
6 7
3 10
6 13
9 10
15 4
28 21
3 3
30 6
37
20 15
26 15
20 21
26 21
21 18
18 21
21 24
24 21
19 13
25 13
19 19
25 19
12 3
9 6
12 9
15 6
4 14
10 14
4 20
10 20
15 4
12 7
15 10
18 7
3 18
9 18
3 24
9 24
8 15
5 18
8 21
11 18
15 2
12 12
28 23
22 7
16 30
12
2 6
1 11
7 1
6 17
12 7
12 12
4 6
3 11
9 1
8 17
14 7
14 12
37
3 6
2 12
8 2
8 17
12 6
12 12
5 6
4 12
10 2
10 17
14 6
14 12
7 6
6 12
12 2
12 17
16 6
16 12
9 7
8 13
14 3
14 18
18 7
18 13
11 8
10 14
16 4
16 19
20 8
20 14
13 9
12 15
18 5
18 20
22 9
22 15
7 25
12
4 1
6 1
8 1
10 3
12 3
14 5
16 5
18 7
20 7
22 7
24 9
26 9
30
3 1
5 1
7 1
9 1
11 1
13 3
15 3
17 3
19 3
21 3
23 5
25 5
27 5
29 5
3 7
5 7
7 7
9 7
11 7
13 9
15 9
17 9
19 9
21 9
23 11
25 11
27 11
29 11
5 9
7 9
37
2 2
4 2
6 2
8 2
10 4
12 4
14 4
16 6
18 6
20 6
22 8
24 8
26 8
28 10
30 10
3 7
5 7
7 7
9 7
11 9
13 9
15 9
17 11
19 11
21 11
23 13
25 13
27 13
29 15
4 11
6 11
8 11
10 11
12 13
14 13
16 13
18 15
3
29 7
9 2
27 7
3
3 19
5 19
12 26
3
22 2
27 22
20 2
4
20 18
8 16
18 18
10 28
4
9 16
24 29
23 10
11 16
4
3 19
5 19
12 26
11 23
5
11 15
26 7
9 15
3 2
22 23
5
18 10
13 3
22 11
20 17
17 19
5
10 30
22 11
6 22
8 27
8 21
6
15 17
29 14
13 17
11 6
24 7
29 21
6
3 23
9 18
29 7
9 2
27 7
28 23
6
26 24
1 7
26 17
27 19
14 27
24 19
7
15 4
28 21
3 3
30 6
8 2
21 21
7 4
7
11 6
7 25
1 26
15 26
20 7
30 14
9 6
7
30 13
11 15
26 7
9 15
3 2
22 23
21 12
8
28 21
3 3
30 6
8 2
21 21
7 4
4 7
23 13
8
20 7
1 27
30 14
9 6
17 13
4 2
17 7
8 9
8
27 11
18 14
21 6
10 1
3 8
18 25
26 24
20 15
9
3 3
30 6
8 2
21 21
7 4
4 7
23 13
12 7
23 28
9
9 6
17 13
4 2
17 7
8 9
27 11
21 6
10 1
3 8
9
18 25
26 24
20 15
30 13
4 21
18 12
18 4
16 21
27 2
10
30 6
8 2
21 21
7 4
4 7
23 13
12 7
23 28
4 18
18 18
10
19 27
11 6
7 25
1 26
15 26
20 7
30 14
9 6
17 13
4 2
10
17 7
8 9
27 11
18 14
21 6
10 1
3 8
18 25
26 24
20 15
20
1 20
9 6
22 19
25 28
23 10
10 24
18 10
15 4
28 21
3 3
30 6
8 2
21 21
7 4
4 7
23 13
12 7
23 28
4 18
18 18
20
19 27
11 6
7 25
1 26
15 26
20 7
30 14
9 6
17 13
4 2
17 7
8 9
27 11
10 1
3 8
18 25
26 24
20 15
4 21
18 4
20
16 21
27 2
20 26
2 16
29 19
16 30
19 18
30 28
13 17
22 24
23 13
28 26
4 15
30 13
11 15
26 7
9 15
3 2
21 12
11 6
30
1 20
9 6
22 19
25 28
23 10
10 24
18 10
15 4
28 21
3 3
30 6
8 2
21 21
7 4
4 7
23 13
12 7
23 28
4 18
18 18
19 27
7 25
1 26
15 26
20 7
30 14
17 13
17 7
8 9
27 11
30
18 14
21 6
10 1
3 8
18 25
26 24
20 15
30 13
4 21
18 12
18 4
16 21
27 2
20 26
2 16
29 19
16 30
19 18
30 28
13 17
22 24
23 13
28 26
4 15
11 15
26 7
9 15
3 2
21 12
11 6
30
11 21
16 2
19 28
18 10
13 3
22 11
20 17
17 19
30 27
26 17
26 26
1 20
27 22
12 9
3 22
7 5
29 22
23 23
10 7
25 30
15 12
22 25
5 17
30 17
4 4
8 2
25 10
9 10
10 30
6 22
40
1 20
9 6
22 19
25 28
23 10
10 24
18 10
15 4
28 21
3 3
30 6
8 2
21 21
7 4
4 7
23 13
12 7
23 28
4 18
18 18
19 27
7 25
1 26
15 26
20 7
30 14
17 13
17 7
8 9
27 11
10 1
18 25
26 24
20 15
4 21
18 4
16 21
27 2
2 16
29 19
40
29 19
16 30
19 18
30 28
13 17
22 24
23 13
28 26
4 15
30 13
11 15
26 7
9 15
3 2
21 12
11 6
11 21
16 2
19 28
18 10
13 3
17 19
26 17
26 26
1 20
27 22
12 9
3 22
7 5
29 22
25 30
15 12
22 22
5 17
30 17
4 4
8 2
25 10
9 10
10 30
40
22 11
6 22
8 27
8 21
11 14
1 7
30 12
6 30
28 9
25 28
2 19
7 2
20 1
12 5
27 3
24 24
16 23
20 16
13 22
29 14
29 20
17 4
19 14
4 13
3 27
24 10
2 2
10 5
6 6
13 10
30 26
24 20
1 22
10 17
17 20
3 25
8 18
26 5
22 27
28 1
60
30 17
4 4
8 2
25 10
9 10
16 19
10 30
22 11
6 22
8 27
8 21
11 14
1 7
30 12
6 30
28 9
25 28
2 19
20 1
12 5
27 3
24 24
16 23
20 16
13 22
29 14
29 20
17 4
19 14
4 13
3 27
2 2
10 5
6 6
13 10
30 26
24 20
1 22
10 17
3 25
8 18
26 5
22 27
28 1
16 26
28 29
16 21
18 8
12 27
1 11
20 26
4 11
4 8
30 4
19 6
24 16
26 1
6 14
30 9
2 15
60
20 10
22 20
12 14
19 23
2 14
4 8
7 29
15 17
29 14
13 17
11 6
24 7
29 21
12 20
29 5
5 18
7 18
29 18
23 9
3 24
1 21
26 7
8 24
20 12
9 18
29 7
9 2
28 23
17 4
14 2
18 30
13 10
12 8
17 19
1 28
30 25
7 13
11 1
17 27
26 18
26 9
12 3
24 29
15 26
8 5
8 11
26 24
1 7
24 19
15 21
5 16
26 5
12 25
14 28
5 3
29 16
9 8
18 2
5 25
20 29
60
8 2
15 26
1 17
15 6
14 19
8 21
29 28
16 22
13 4
15 3
29 11
27 2
14 17
23 14
10 29
9 10
15 28
12 15
11 2
13 25
21 28
8 26
20 14
24 17
15 8
25 29
21 26
27 12
17 12
18 29
27 30
20 23
26 4
6 16
24 24
21 10
5 19
1 23
1 14
25 2
5 10
1 12
30 19
4 2
11 19
28 17
11 24
20 30
13 13
27 28
22 12
10 8
4 7
30 13
9 15
1 9
8 29
6 1
4 22
22 6
80
14 19
8 21
29 28
14 6
16 22
13 4
15 3
29 11
27 2
14 17
23 14
10 29
9 10
15 28
12 15
11 2
13 25
21 28
8 26
20 14
24 17
15 8
25 29
21 26
27 12
2 17
17 12
18 29
27 30
20 23
26 4
6 16
24 24
21 10
5 19
1 23
1 14
25 2
5 10
1 12
30 19
4 2
11 19
28 17
11 24
20 30
13 13
27 28
22 12
10 8
4 7
16 6
30 13
9 15
1 9
8 29
6 1
4 22
22 6
22 18
26 15
9 17
19 10
8 2
5 14
4 5
24 22
21 1
4 12
17 24
22 21
19 4
3 14
19 16
1 1
19 6
30 16
7 6
29 23
10 13
80
7 3
14 14
18 24
12 30
18 3
8 16
8 6
30 28
25 19
8 12
25 14
5 22
7 30
12 9
11 25
16 20
18 19
19 28
13 18
13 21
15 5
10 10
23 10
23 6
23 19
19 22
10 23
22 22
2 24
8 9
27 23
15 10
11 19
22 25
26 7
2 9
16 16
27 25
13 6
19 10
27 27
16 26
12 23
30 8
29 23
1 5
21 10
9 2
1 19
3 6
25 26
25 11
21 2
16 8
1 7
23 30
5 1
11 4
24 16
20 19
6 7
20 8
14 16
10 28
5 29
29 15
2 11
25 2
2 1
26 5
18 12
28 20
19 15
16 29
11 17
23 28
28 9
4 8
1 26
30 26
80
1 13
9 18
24 6
29 8
15 9
14 13
14 30
3 16
8 8
6 30
15 25
8 10
24 8
6 24
26 28
6 4
7 22
9 6
21 15
19 11
25 22
26 24
21 30
23 18
29 29
13 28
6 6
21 1
3 19
4 9
10 4
10 12
17 28
11 10
5 2
1 20
19 22
19 18
29 24
23 11
16 17
29 11
18 30
14 23
26 8
11 15
3 7
8 3
19 5
10 22
6 27
28 1
9 30
8 16
3 25
12 18
22 23
14 7
1 4
6 12
30 1
22 5
5 14
24 4
22 26
17 19
22 8
17 26
13 11
29 3
8 27
30 20
29 17
2 27
1 22
20 26
10 28
10 25
6 10
15 11
100
23 18
29 28
15 3
4 12
14 29
17 24
22 21
21 6
19 4
3 14
9 17
12 20
1 18
19 16
1 1
19 6
13 25
30 16
7 6
7 15
29 20
27 11
14 20
20 22
29 23
3 21
10 13
7 3
14 14
12 30
25 19
8 12
25 14
5 22
7 30
12 9
11 25
16 20
18 19
19 28
13 18
15 5
10 10
23 10
23 6
10 23
2 24
8 9
27 23
15 10
22 25
23 23
26 7
2 9
16 16
27 25
13 6
17 4
19 10
27 27
16 26
12 23
30 8
1 5
21 10
9 2
3 6
25 26
25 11
21 2
16 8
1 7
23 30
5 1
11 4
24 16
20 19
20 8
14 16
10 28
5 29
2 11
25 2
26 5
18 12
16 29
11 17
23 28
28 9
4 8
1 26
30 26
1 13
3 16
24 8
6 24
7 22
9 6
21 15
25 22
100
26 24
21 30
23 18
29 29
13 28
9 6
6 6
21 1
3 19
4 9
10 4
6 22
10 12
17 28
14 12
11 10
5 2
1 20
19 22
19 18
29 24
23 11
16 17
29 11
18 30
14 23
21 15
26 8
11 15
3 7
8 3
26 27
24 6
19 5
15 9
16 25
10 22
6 27
28 1
9 30
8 16
3 25
12 18
22 23
14 7
1 4
6 12
30 1
7 9
22 5
5 14
24 4
22 26
17 19
8 19
22 8
29 3
14 25
8 27
30 20
29 17
2 27
1 22
20 26
10 28
10 25
3 2
15 4
23 14
19 3
4 23
2 13
17 2
8 12
25 29
3 17
28 19
30 14
27 15
26 5
17 14
1 15
12 4
1 25
21 20
5 18
10 19
8 23
13 15
11 8
25 1
28 9
23 16
30 26
4 30
17 7
11 6
7 25
19 20
18 25
100
22 16
16 19
25 25
7 17
17 13
14 2
14 22
22 27
3 29
17 21
11 15
27 10
20 18
7 11
3 22
16 28
5 25
7 14
15 13
1 5
24 4
13 26
18 1
5 29
10 3
22 23
11 19
17 17
2 16
21 8
20 23
27 20
20 14
3 5
9 7
30 18
7 26
28 16
29 14
26 22
29 2
30 25
21 11
30 23
15 30
22 6
1 2
14 20
9 24
24 8
15 8
18 5
9 10
21 21
5 19
19 26
24 27
24 17
20 29
28 29
11 21
12 13
18 24
24 22
12 5
1 11
9 19
9 29
16 4
25 1
14 4
28 6
6 2
26 6
9 15
27 2
5 10
8 3
3 25
1 19
9 17
23 19
5 8
1 24
9 13
14 24
11 7
12 17
25 20
30 12
24 13
29 4
17 15
20 2
25 29
3 14
1 28
2 9
8 22
20 16
15
1 1
2 3
3 5
4 7
1 9
2 11
3 13
4 15
1 17
2 19
3 21
4 23
1 25
2 27
2 29
15
2 1
2 3
2 5
1 7
1 9
1 11
4 13
4 15
4 17
3 19
3 21
3 23
5 25
5 27
6 29
0

