4 5 6
24
3 7 13 0
1 6 12 0
1 8 10 0
1 8 15 1
1 8 13 0
2 6 11 0
4 6 14 0
2 8 15 0
3 7 10 0
2 7 14 0
2 9 11 0
4 8 12 0
1 7 12 0
3 6 10 0
4 5 15 0
1 8 12 1
1 9 13 0
2 6 10 0
2 9 12 0
4 6 12 0
1 5 15 0
1 9 12 0
1 8 11 0
4 7 14 0
20 40 30
79
20 47 71 0
11 22 63 1
9 47 79 0
7 46 76 1
9 36 72 0
17 29 73 0
18 38 69 0
5 30 83 1
17 51 84 0
6 26 65 0
16 25 90 1
7 28 66 1
6 22 63 0
1 58 90 1
14 26 89 1
2 37 89 0
17 31 62 0
12 27 61 1
11 57 71 1
18 55 78 1
7 60 77 1
6 23 88 0
17 34 62 0
10 32 79 1
4 53 88 1
3 42 85 1
8 44 84 1
20 46 62 0
6 54 79 0
17 47 62 0
14 23 62 0
13 50 88 1
9 25 80 0
13 31 90 0
5 38 70 1
16 51 82 0
6 27 65 0
20 41 87 1
12 33 65 0
14 43 82 1
7 39 81 1
1 21 81 1
18 56 84 0
13 24 63 1
6 25 80 0
6 52 69 0
8 30 80 0
17 36 76 0
15 47 62 0
14 56 75 0
17 43 69 0
19 31 75 0
15 37 67 0
1 34 63 1
15 49 69 0
14 23 65 0
2 52 73 1
17 46 68 0
19 48 74 1
18 59 79 1
4 36 73 0
7 59 86 1
14 21 66 1
1 45 68 1
4 33 73 1
9 54 76 0
19 22 75 0
9 31 62 0
2 36 72 0
4 23 68 0
15 29 82 0
9 47 61 0
9 37 72 0
5 23 62 0
18 30 61 1
12 40 70 1
1 49 61 1
8 35 64 1
11 56 62 0
40 50 60
398
9 50 115 0
38 69 122 0
39 51 119 0
11 70 122 0
20 57 140 0
17 54 106 0
36 66 141 0
40 78 109 0
31 57 143 1
29 65 114 0
3 79 105 1
15 44 139 1
10 53 131 1
39 55 137 0
16 66 100 0
3 42 101 0
3 73 111 0
19 83 140 0
5 47 131 1
24 65 91 0
5 63 99 0
4 41 113 0
28 54 138 0
4 83 98 0
12 56 95 0
37 63 140 0
25 74 94 0
1 84 132 0
33 86 139 0
3 80 149 1
4 49 103 0
27 90 107 1
24 62 99 0
6 58 135 0
10 54 112 0
4 41 93 0
35 89 99 0
33 57 143 1
14 74 106 0
24 60 148 0
28 58 124 0
11 74 132 0
14 50 110 0
35 74 128 0
16 58 144 0
25 48 128 0
20 72 146 1
34 66 121 0
14 66 104 0
40 86 120 0
12 78 146 0
12 88 100 0
4 71 100 0
17 90 127 0
37 89 136 0
4 81 101 0
4 71 134 0
1 75 146 0
25 41 120 0
38 75 105 1
28 44 121 0
9 54 114 0
4 84 131 0
9 74 98 0
40 60 106 0
18 57 121 0
31 52 91 0
38 84 93 0
18 55 96 0
9 85 99 0
24 69 134 0
36 83 93 0
32 46 104 1
24 82 94 0
22 42 137 0
28 78 116 0
29 57 128 0
38 61 133 0
13 71 131 0
32 55 101 0
3 41 104 1
34 73 94 0
15 61 134 0
6 69 120 0
9 73 149 0
29 67 100 0
3 53 141 1
20 76 139 0
7 56 126 0
32 57 117 1
32 57 95 0
24 90 123 0
25 85 115 0
34 46 92 1
29 65 101 0
13 84 96 0
16 68 95 0
25 49 113 0
23 61 94 0
6 45 149 0
38 81 108 0
27 78 141 1
17 76 98 0
28 83 109 0
40 68 138 0
30 49 100 0
18 86 106 0
31 46 110 1
11 82 131 0
11 57 93 1
35 57 146 1
9 66 98 0
25 53 122 0
29 67 99 0
38 67 93 0
22 56 125 0
16 54 137 0
40 76 150 0
37 45 96 0
35 76 122 0
29 46 108 0
31 56 143 0
39 86 140 0
40 86 150 0
17 67 142 0
10 61 115 0
22 82 124 0
16 74 150 0
36 57 95 0
22 63 106 0
14 66 97 0
9 72 101 0
5 71 125 0
36 48 148 0
3 87 93 1
27 60 148 0
6 42 126 0
21 86 125 0
18 47 121 0
27 61 123 1
4 59 142 0
24 62 134 0
34 61 116 1
12 58 134 0
13 42 102 0
12 68 98 0
19 90 111 0
7 76 104 0
6 41 119 0
16 76 108 0
29 82 148 0
26 44 109 1
30 55 119 0
21 60 134 0
2 72 121 0
13 69 116 0
33 88 100 0
20 47 105 1
10 56 130 0
13 65 142 0
33 76 113 0
30 51 130 0
1 43 134 0
7 88 109 0
39 73 129 0
14 67 143 0
35 80 143 1
40 42 150 0
37 89 92 0
34 89 126 0
33 78 97 0
5 69 113 0
25 82 126 0
8 54 140 0
3 51 135 0
18 56 130 0
18 83 111 0
13 75 149 0
36 81 124 0
10 79 104 1
13 46 100 0
24 66 111 0
39 41 126 0
32 57 149 1
35 90 101 1
9 74 111 0
37 68 144 0
10 85 135 1
35 44 102 1
20 56 100 0
1 65 150 0
30 67 136 0
39 70 128 0
18 69 145 0
37 58 99 0
34 70 93 1
30 81 138 0
29 86 140 0
13 47 108 0
8 74 100 0
3 49 149 0
34 87 148 0
4 69 140 0
13 84 119 0
29 58 121 0
22 75 149 1
30 45 109 0
12 59 134 0
9 81 126 0
4 73 133 0
14 86 150 0
38 74 95 0
20 48 100 0
34 77 144 1
33 63 103 0
26 53 101 1
7 56 134 0
37 42 132 0
1 66 95 0
1 82 121 0
3 62 128 1
17 65 107 0
23 74 126 0
4 82 120 0
7 50 126 0
31 61 109 1
9 56 135 0
28 83 94 0
33 80 118 1
31 70 135 1
8 55 115 0
16 74 133 0
38 43 129 0
30 55 137 0
28 58 114 0
14 65 108 0
38 57 125 0
13 67 148 0
18 75 125 0
22 41 96 1
25 60 115 0
2 61 107 1
25 70 95 0
34 83 129 0
3 90 136 0
2 67 111 0
24 69 100 0
23 70 118 1
38 60 107 0
36 82 114 0
13 69 132 0
31 75 104 1
2 85 138 0
25 56 125 0
18 73 141 0
30 47 122 0
5 81 122 0
38 52 127 1
30 89 126 0
5 47 135 1
19 58 135 0
20 44 113 0
12 70 140 0
38 50 125 0
19 85 92 1
19 47 146 1
2 45 98 0
10 45 119 0
19 80 150 0
7 51 103 0
38 71 143 0
38 48 116 1
31 52 112 1
25 88 138 0
3 66 110 0
6 59 134 0
14 58 98 0
9 59 117 0
6 51 103 0
17 67 91 0
22 69 133 0
1 66 145 0
10 62 101 1
26 90 144 1
40 65 98 0
3 53 135 1
18 55 124 0
6 54 137 0
29 84 95 0
33 59 143 0
21 79 105 0
40 87 129 0
23 41 137 0
39 68 138 0
19 80 112 1
34 52 92 1
15 46 130 0
33 78 124 0
26 83 116 0
31 43 118 1
14 82 126 0
34 77 127 1
34 87 131 1
18 56 103 0
14 72 101 0
16 89 133 0
33 57 127 1
37 51 136 0
35 54 113 0
22 75 118 1
12 71 135 0
17 59 91 0
28 83 141 0
1 62 106 0
26 87 93 1
40 53 138 0
27 52 108 0
37 82 113 0
5 88 118 0
3 61 102 1
36 54 148 0
4 83 104 0
5 79 149 1
36 72 93 0
27 52 117 1
19 65 91 0
4 67 103 0
23 48 144 1
13 81 98 0
18 74 132 0
10 52 142 0
31 79 107 1
2 68 112 0
10 53 147 0
39 68 147 0
10 75 139 1
35 45 143 1
31 67 136 0
1 46 98 0
21 85 138 0
17 54 138 0
36 80 133 0
32 61 132 0
39 56 100 0
23 62 139 1
30 68 108 0
15 81 127 0
34 41 145 0
30 51 107 0
6 54 138 0
1 58 103 0
30 89 91 0
16 79 92 0
19 62 92 1
10 63 149 1
24 79 95 0
14 60 107 0
40 47 142 0
21 81 124 0
7 53 101 0
16 47 136 0
16 65 140 0
3 47 127 1
40 55 98 0
32 85 107 1
1 65 121 0
28 50 112 0
38 83 94 0
32 75 110 1
40 50 118 0
18 57 135 0
37 87 124 0
20 66 111 0
24 58 113 0
8 79 109 0
34 49 98 0
9 90 134 0
36 65 150 0
20 46 120 0
27 54 115 0
17 50 105 0
27 82 137 0
29 58 133 0
22 64 141 1
16 67 138 0
31 73 127 0
25 84 101 0
3 50 144 0
40 67 115 0
11 89 128 0
40 80 120 0
22 41 104 1
11 48 118 1
23 53 114 0
17 79 133 0
19 69 102 0
11 65 101 0
23 48 126 0
90 80 70
150
72 144 177 1
22 91 238 0
21 126 225 0
77 165 218 0
49 116 198 1
21 105 202 1
62 120 228 1
32 133 228 0
62 153 206 0
41 131 187 0
1 104 240 1
12 115 189 0
69 144 221 0
44 122 179 0
6 96 188 0
1 91 216 0
28 166 221 0
67 160 177 0
75 136 198 1
21 145 234 0
1 153 189 1
20 151 193 0
74 114 212 0
42 123 209 0
70 118 227 0
46 97 233 0
88 129 183 0
16 136 191 0
36 108 229 0
45 169 191 0
29 117 234 0
77 118 228 1
35 135 194 0
78 163 219 0
2 168 234 0
2 149 227 0
31 138 226 1
49 104 213 0
23 157 232 0
76 144 189 1
29 144 171 0
26 108 191 1
76 123 204 0
39 102 205 0
82 135 177 0
53 143 175 0
52 122 220 0
82 123 177 1
75 107 233 0
7 108 233 0
20 91 208 0
26 103 240 0
46 169 221 1
10 153 240 0
28 153 189 1
78 137 232 0
87 123 226 0
66 165 205 0
75 115 236 0
39 158 215 0
72 91 233 1
6 162 229 1
67 91 211 0
46 155 175 0
56 118 226 0
29 158 221 0
68 146 227 0
66 122 172 0
37 95 198 0
40 108 190 0
80 157 233 0
20 147 175 1
60 164 189 0
83 145 171 0
59 108 228 0
83 129 173 0
67 128 181 0
14 123 238 0
9 100 191 0
80 143 174 0
78 144 210 0
18 138 233 1
53 136 227 1
64 115 191 0
3 105 191 0
86 115 197 0
70 112 195 0
48 133 227 0
47 124 178 0
41 116 226 0
34 136 229 1
34 109 194 0
77 115 200 0
40 115 177 1
46 146 209 0
76 109 232 0
29 99 178 0
4 116 191 1
24 120 221 0
60 130 231 0
14 135 173 0
24 97 206 0
78 97 188 0
79 166 229 0
9 118 234 1
51 128 174 0
21 150 229 0
28 121 221 0
40 94 238 0
73 151 177 0
55 99 232 1
26 161 240 0
34 170 221 0
2 153 221 1
19 133 233 1
18 146 227 1
70 106 211 0
67 144 232 1
14 160 191 0
53 104 226 1
9 144 183 0
5 128 230 0
40 105 201 0
33 108 191 0
4 125 198 0
25 92 236 0
49 146 173 0
74 123 227 0
17 128 229 0
37 144 238 1
55 93 234 0
90 120 240 0
37 110 232 1
29 151 175 1
17 130 188 0
4 141 226 0
60 157 228 1
19 96 198 0
46 102 175 0
27 146 177 0
66 144 233 0
32 126 220 0
55 124 226 0
8 144 177 0
17 165 229 1
32 159 183 0
76 151 239 0
86 116 228 1
70 156 238 0
5 115 229 0
100 100 100
1000
64 126 250 0
62 185 233 0
23 133 254 0
5 115 217 0
49 142 233 0
70 164 234 0
89 131 205 0
19 161 257 0
76 199 246 0
59 134 267 0
83 173 251 0
77 187 215 0
77 147 235 0
74 139 261 0
26 168 293 0
39 184 289 1
84 144 292 0
29 141 252 0
41 163 207 1
57 138 260 0
48 163 285 0
93 142 204 0
6 164 202 0
17 152 264 0
4 109 259 0
50 145 226 0
76 103 229 0
29 200 293 0
3 163 254 1
57 174 296 0
60 121 263 0
16 174 252 0
1 156 248 0
9 171 264 0
65 115 260 0
63 128 288 0
78 124 228 0
10 176 215 0
80 200 250 0
51 141 268 0
45 110 263 1
12 122 277 0
29 153 257 0
99 188 229 0
67 113 269 0
45 174 296 0
85 134 294 0
30 182 221 0
95 168 277 0
28 174 227 0
4 151 246 0
72 122 206 0
97 160 265 0
12 147 294 0
59 144 283 0
89 141 271 1
13 137 232 0
7 158 219 0
13 107 202 0
77 122 236 0
43 108 249 0
5 106 241 0
12 111 243 0
67 139 209 0
12 185 217 0
87 134 269 0
30 134 249 0
30 106 221 0
65 188 251 1
4 157 267 0
42 102 254 1
20 119 234 0
17 117 249 0
10 120 239 0
33 191 240 0
4 116 258 0
12 141 224 0
63 113 297 0
55 181 282 0
44 180 218 1
50 110 208 0
55 187 239 0
65 155 203 1
48 192 282 0
49 144 292 0
95 149 211 0
71 136 268 0
42 180 231 1
65 148 233 0
79 190 240 0
52 137 233 0
83 174 201 0
90 138 277 0
62 191 265 0
60 165 259 0
98 150 210 1
70 178 251 1
3 129 233 0
17 134 300 0
60 189 219 0
80 127 224 0
29 149 217 0
9 169 220 0
1 139 256 0
49 169 282 0
30 108 297 0
79 144 248 0
44 102 296 0
90 102 209 0
41 149 202 0
20 104 219 0
42 146 234 0
83 199 216 0
79 163 233 0
67 162 230 0
4 109 281 0
79 156 291 0
46 195 213 1
67 120 256 0
69 190 245 0
71 174 297 0
66 136 239 0
96 155 281 0
58 113 253 0
79 169 249 0
73 199 258 0
69 189 257 0
21 181 218 0
88 132 253 0
41 121 210 1
26 169 247 0
55 118 253 0
60 177 269 0
41 165 258 0
73 118 279 0
63 125 272 0
87 111 250 0
76 135 269 0
69 169 296 0
52 125 221 0
90 151 228 0
64 200 278 0
33 115 291 0
33 194 261 0
47 145 206 1
20 170 296 0
40 167 234 0
19 153 256 0
80 112 228 0
64 198 278 0
30 147 232 0
12 176 264 0
38 134 274 0
79 197 274 0
92 121 287 0
96 175 240 0
66 130 231 0
73 135 240 0
34 145 274 1
44 177 268 0
54 140 268 0
26 135 252 0
77 103 225 0
62 164 247 0
56 107 235 1
72 157 255 0
17 200 212 0
39 133 235 1
64 132 254 0
1 189 265 0
25 116 257 0
9 144 293 0
80 198 279 0
89 170 243 0
22 124 217 0
38 102 262 0
94 125 217 0
47 166 299 1
80 157 227 0
21 160 227 0
45 114 254 1
39 195 223 0
10 124 287 0
77 123 236 0
49 165 283 0
81 158 237 0
50 191 298 0
45 180 202 0
51 145 273 1
68 116 210 0
14 198 233 0
44 141 289 1
78 133 207 1
98 114 203 1
30 138 281 0
4 137 219 0
72 189 211 0
53 126 201 0
7 104 257 0
52 183 291 0
36 200 259 0
96 124 266 0
57 111 299 0
43 163 206 0
81 118 252 0
26 101 252 0
95 108 291 0
24 132 300 0
7 198 202 0
57 181 261 0
20 161 292 0
1 116 258 0
62 153 229 0
78 149 247 0
18 137 248 0
83 153 256 0
90 155 284 0
52 113 236 0
55 186 252 0
80 134 283 0
1 144 226 0
46 183 268 0
11 162 263 0
64 174 295 0
29 155 290 0
28 174 291 0
25 126 277 0
78 140 214 0
63 128 298 0
58 158 213 0
90 136 209 0
94 156 219 0
96 144 232 0
26 126 245 0
93 143 241 0
47 153 218 0
88 176 204 0
25 120 268 0
19 166 219 0
95 199 213 0
44 120 249 0
87 108 265 0
32 159 290 0
99 137 240 0
31 126 266 0
61 142 221 0
29 172 242 0
64 137 294 0
32 117 210 0
46 128 285 1
86 102 278 0
13 147 234 0
63 156 225 0
92 157 283 0
17 159 276 0
99 104 236 0
79 105 281 0
64 113 281 0
28 122 253 0
35 105 294 0
43 108 234 0
64 111 225 0
75 133 270 1
31 113 268 0
24 112 267 1
42 138 276 0
76 143 250 0
55 140 256 0
52 135 253 0
72 120 298 0
100 112 274 1
12 158 227 0
23 117 272 0
58 139 270 0
60 168 234 0
58 198 296 0
40 145 242 0
58 131 236 0
6 197 203 0
88 105 247 0
40 110 289 0
27 181 277 0
24 102 207 1
74 125 247 0
69 157 239 0
59 162 221 0
27 195 251 0
79 199 294 0
21 174 249 0
15 156 246 0
30 137 224 0
82 126 228 0
87 181 223 0
71 187 227 0
83 144 215 0
25 199 221 0
47 184 270 1
53 199 219 0
37 124 203 0
68 190 235 0
1 117 295 0
63 134 250 0
64 188 249 0
57 104 230 0
73 127 258 0
75 164 252 0
18 174 212 0
1 153 234 0
100 188 222 1
37 139 293 0
34 186 224 0
21 200 287 0
87 149 241 0
30 115 279 0
49 164 295 0
52 185 225 0
80 187 265 0
62 143 242 0
18 196 267 0
98 195 262 1
53 143 253 0
43 191 256 0
35 151 225 0
51 145 279 1
4 106 230 0
61 176 234 0
9 113 246 0
8 157 284 0
68 147 294 0
43 137 220 0
85 122 293 0
26 106 222 0
49 174 242 0
58 140 284 0
77 160 294 0
7 167 297 0
28 192 288 0
93 176 212 0
24 193 205 1
74 113 276 0
19 187 239 0
18 169 223 0
22 187 299 0
99 146 236 0
79 134 278 0
93 186 209 0
64 159 229 0
25 105 226 0
7 174 205 0
47 173 288 1
94 115 258 0
77 147 298 0
61 130 292 0
66 191 256 0
55 113 234 0
13 185 216 0
37 149 253 0
4 145 255 0
59 123 232 0
97 136 223 0
5 187 216 0
19 138 269 0
30 173 268 0
22 176 222 0
24 171 224 1
94 113 201 0
29 110 284 0
7 196 220 0
25 181 204 0
3 176 282 0
3 163 269 0
60 187 267 0
3 160 216 0
68 108 246 0
1 118 209 0
51 121 242 0
44 152 201 0
69 198 231 0
11 101 275 1
49 164 242 0
34 119 249 0
95 109 269 0
8 143 213 0
46 110 219 0
82 151 271 1
94 158 263 0
37 126 266 0
83 148 240 0
24 186 234 0
59 106 258 0
50 147 292 0
92 158 272 0
16 193 273 1
2 144 296 0
68 198 220 0
17 144 211 0
67 199 281 0
24 119 288 1
2 159 227 0
42 111 257 0
54 149 251 0
59 134 296 0
4 111 202 0
48 183 294 0
33 150 205 0
7 193 290 0
43 184 266 0
30 152 234 0
54 130 283 0
17 111 246 0
2 121 255 1
40 143 296 0
86 175 300 0
60 154 284 0
46 154 259 0
39 190 283 0
7 168 294 0
81 106 244 0
72 146 251 0
56 166 211 1
94 139 272 0
8 162 296 0
18 173 226 0
88 112 220 0
9 113 253 0
33 150 278 0
80 126 272 0
9 130 206 0
100 191 203 0
74 190 286 0
64 120 220 0
72 108 265 0
21 165 221 0
96 189 226 0
30 144 217 0
68 170 221 0
19 170 296 0
29 199 219 0
1 130 257 0
95 114 208 1
75 142 257 0
86 146 262 1
59 181 226 0
24 120 212 0
92 175 213 0
45 194 288 1
13 196 241 0
94 191 268 0
20 140 259 0
36 137 232 0
71 105 228 0
33 147 204 0
49 192 297 0
86 182 245 1
28 194 249 0
36 104 234 0
65 123 205 0
41 149 233 0
88 117 253 0
57 181 286 0
4 172 265 0
50 150 287 0
14 114 247 0
46 177 245 0
25 165 202 0
53 105 214 0
7 130 296 0
80 135 264 0
20 127 229 0
69 131 243 0
27 179 258 0
14 123 220 0
27 187 276 0
43 169 233 0
27 164 298 0
48 107 246 0
19 189 247 0
30 118 248 0
32 185 225 0
44 148 282 0
29 180 262 0
1 143 242 0
43 113 246 0
76 165 229 0
27 119 253 0
36 149 264 0
5 152 296 0
39 159 255 0
27 122 227 0
34 136 279 0
75 184 292 0
45 168 283 0
37 173 293 0
71 175 254 0
66 160 270 0
62 174 283 0
83 187 282 0
21 119 269 0
98 143 239 0
77 111 242 0
3 111 236 0
69 141 256 0
2 144 255 0
20 176 296 0
87 147 221 0
72 127 239 0
83 101 209 0
79 148 269 0
2 179 204 1
44 107 212 0
55 142 252 0
62 124 260 0
29 147 217 0
44 183 224 0
80 135 232 0
30 108 289 0
88 185 286 0
7 103 239 0
28 105 248 0
14 172 274 1
61 193 256 0
14 171 224 1
12 128 212 0
50 108 290 0
22 139 215 0
82 148 259 0
19 183 246 0
76 117 250 0
60 170 228 0
9 199 217 0
64 131 230 0
36 185 212 0
73 188 275 0
90 135 238 0
53 149 225 0
26 197 265 0
62 195 232 0
79 117 269 0
44 154 241 0
38 189 291 0
55 141 261 0
85 116 281 0
47 160 262 1
3 146 250 0
91 147 278 0
88 107 262 0
45 166 227 0
71 108 225 0
46 117 256 0
7 103 278 0
62 157 243 0
8 200 290 0
16 154 203 1
60 116 293 0
90 175 217 0
15 115 226 0
1 129 256 0
65 109 292 0
18 183 223 0
66 188 219 0
85 104 233 0
4 109 228 0
54 139 236 0
31 124 278 0
95 199 248 0
55 124 258 0
6 170 241 0
40 159 229 0
39 107 255 1
40 185 232 0
49 192 234 0
53 182 228 0
12 124 236 0
79 174 272 0
1 120 212 0
36 107 211 0
93 149 270 0
64 136 272 0
60 168 223 0
23 156 272 0
85 102 241 0
39 110 220 0
80 122 234 0
45 178 289 1
15 197 268 0
94 128 256 0
67 183 259 0
79 178 262 0
28 186 271 0
68 158 298 0
80 145 291 0
73 142 292 0
96 103 247 0
91 184 210 1
53 126 227 0
35 112 300 1
9 119 300 0
21 195 233 0
1 139 237 0
18 193 284 0
29 186 295 0
1 177 248 0
72 137 265 0
64 159 266 0
41 192 209 0
94 198 242 0
63 134 280 0
28 111 223 0
16 109 219 0
40 172 243 0
16 120 280 0
81 144 212 0
67 118 252 0
27 143 259 0
38 119 202 0
6 162 234 0
43 102 230 0
71 149 292 0
88 153 291 0
4 131 289 0
30 164 276 0
92 144 202 0
45 182 205 1
20 164 280 0
85 156 242 0
93 140 217 0
28 189 277 0
95 129 245 1
45 164 240 0
79 159 227 0
39 101 231 1
58 136 249 0
84 171 222 1
81 135 240 0
76 138 286 0
72 162 209 0
20 112 279 0
15 124 211 0
69 170 253 0
8 179 280 0
80 192 263 0
60 185 259 0
97 129 237 1
97 192 237 1
76 186 293 0
19 167 201 0
81 157 277 0
96 136 265 0
6 140 243 0
15 154 260 0
15 150 223 0
78 119 210 1
96 102 235 0
43 152 215 0
77 112 249 0
62 128 278 0
52 185 266 0
57 191 269 0
71 179 220 0
12 102 225 0
88 111 274 0
59 142 291 0
100 192 264 0
53 183 264 0
4 162 272 0
50 138 260 0
26 121 299 0
61 191 295 0
43 152 201 0
18 168 268 0
91 138 213 0
73 162 285 0
36 162 219 0
88 198 262 0
69 148 255 0
60 176 258 0
22 178 285 1
43 162 226 0
28 120 202 0
10 111 217 0
19 143 212 0
24 156 276 0
77 108 278 0
72 175 210 0
74 121 209 0
32 199 295 0
29 177 289 0
49 108 239 0
93 152 245 0
66 136 215 0
28 190 242 0
70 174 226 0
20 160 281 0
78 150 284 0
93 135 232 0
89 136 269 0
23 183 265 0
31 163 258 0
59 125 209 0
28 108 248 0
56 118 274 0
58 161 296 0
48 140 255 0
52 145 273 0
71 169 224 0
81 104 234 0
81 140 258 0
8 121 271 0
51 176 269 0
36 167 269 0
36 163 261 0
89 122 238 0
69 127 239 0
97 141 286 0
92 105 283 0
29 164 265 0
74 144 218 0
11 101 276 0
80 183 277 0
61 101 297 0
19 145 252 0
66 191 249 0
38 181 278 0
92 106 238 0
89 135 289 0
25 176 249 0
31 145 265 0
36 157 209 0
56 178 231 1
91 145 293 0
45 145 277 0
19 184 245 0
56 122 273 0
40 122 278 0
25 136 232 0
68 136 265 0
27 183 262 0
38 185 217 0
59 139 266 0
12 143 298 0
66 135 286 0
81 111 261 0
71 189 234 0
55 176 227 0
84 146 288 1
20 186 242 0
54 186 252 0
43 116 248 0
30 101 284 0
12 119 298 0
38 174 261 0
95 178 206 1
77 180 238 0
69 200 210 0
86 171 288 1
77 137 270 0
3 174 292 0
56 113 253 0
34 111 249 0
56 104 285 0
72 197 222 0
71 105 270 0
76 197 241 0
68 112 224 0
57 135 297 0
49 159 269 0
50 169 261 0
33 195 281 0
9 148 262 0
25 118 227 0
17 161 204 0
39 135 221 0
62 138 236 0
26 132 281 0
86 172 228 0
68 159 211 0
9 190 228 0
37 147 217 0
8 185 277 0
64 120 275 0
42 185 289 0
1 170 262 0
29 157 299 0
40 165 202 0
27 162 297 0
4 197 232 0
28 191 261 0
100 178 300 1
69 147 256 0
96 120 268 0
6 126 297 0
62 139 284 0
15 126 229 0
1 167 234 0
28 176 298 0
10 177 201 0
76 157 250 0
68 156 284 0
48 188 236 0
72 187 242 0
10 187 290 0
81 121 265 0
68 197 247 0
81 191 239 0
90 134 297 0
85 151 234 0
9 104 284 0
62 127 215 0
11 171 222 1
99 136 214 0
5 112 273 1
25 198 250 0
34 193 254 1
20 117 223 0
49 190 216 0
49 162 290 0
88 140 295 0
91 150 285 1
30 143 266 0
75 137 297 0
66 137 208 0
53 156 256 0
17 154 257 0
54 107 238 0
42 115 271 0
62 131 267 0
1 118 224 0
26 187 291 0
17 131 289 0
3 133 258 0
54 165 287 0
26 179 226 0
14 155 300 1
97 137 216 0
34 193 287 0
31 129 290 0
83 156 281 0
69 168 265 0
98 131 256 0
95 193 237 1
66 140 292 0
33 159 286 0
25 114 291 0
17 182 277 0
52 194 214 0
13 185 241 0
58 196 283 0
57 143 205 0
41 121 263 1
45 127 286 0
89 159 242 0
4 188 294 0
73 109 256 0
53 179 224 0
19 190 219 0
22 195 254 1
3 114 206 1
15 174 294 0
34 162 201 0
48 111 281 0
53 114 283 0
4 144 238 0
47 121 221 0
60 176 250 0
71 101 270 0
4 126 261 0
79 162 232 0
11 182 282 0
74 108 249 0
30 108 222 0
95 181 229 0
96 185 259 0
78 158 231 1
76 104 232 0
48 196 219 0
37 160 230 0
31 125 256 0
21 135 291 0
57 136 257 0
58 175 246 0
66 103 272 0
20 120 293 0
66 108 246 0
88 107 209 0
62 101 287 0
68 183 266 0
8 188 258 0
58 178 295 0
30 159 240 0
26 135 281 0
99 180 262 1
76 176 244 0
7 192 246 0
83 170 257 0
15 164 280 0
85 193 239 0
8 200 236 0
59 143 286 0
67 153 278 0
49 145 217 0
64 102 273 0
33 139 293 0
50 116 214 0
43 127 254 0
44 156 237 0
74 191 202 0
4 140 267 0
54 169 281 0
99 184 210 1
51 173 226 0
29 108 238 0
58 109 261 0
43 133 290 0
91 169 215 0
76 120 242 0
57 106 250 0
89 108 208 0
98 114 204 1
34 164 284 0
87 186 288 0
97 128 210 1
64 130 218 0
31 129 237 0
74 149 264 0
52 182 239 0
94 168 218 0
34 105 260 0
87 168 216 0
70 200 211 0
21 157 286 0
58 157 257 0
9 144 275 0
28 121 227 0
26 199 202 0
44 137 235 0
77 187 246 0
92 153 260 0
78 169 285 0
36 183 268 0
57 131 243 0
74 106 231 0
75 129 211 1
72 197 256 0
19 136 209 0
8 177 252 0
82 140 297 0
56 141 279 1
44 124 266 0
48 171 259 0
64 188 225 0
37 102 300 0
61 184 270 0
84 143 257 0
8 169 201 0
74 131 228 0
13 153 228 0
21 117 214 0
46 161 208 1
67 124 276 0
94 199 261 0
38 165 219 0
68 126 276 0
74 136 259 0
25 140 279 0
79 198 206 0
85 164 260 0
32 196 298 0
20 175 297 0
75 197 266 0
99 194 275 1
47 117 266 0
7 117 201 0
32 152 290 0
93 144 269 0
73 165 223 0
100 164 269 0
81 126 282 0
57 169 249 0
19 172 277 0
29 177 205 0
26 164 242 0
74 109 282 0
82 143 292 0
68 200 281 0
52 196 242 0
10 176 246 0
59 107 224 0
83 115 219 0
30 174 280 0
8 105 226 0
74 147 219 0
94 142 261 0
63 175 261 0
57 189 298 0
47 200 232 0
81 140 252 0
42 165 294 0
40 182 291 0
64 108 280 0
54 169 243 0
0 0 0
