8
-4 -1
-3 -2
-2 -2
-1 -2
0 -2
1 -3
1 -4
0 -4
1
-2 0
0 0
8
0 -8
0 -7
0 -6
0 -5
0 -4
1 -4
1 -3
0 -2
7
-2 0
5 -5
-2 -2
-2 -4
4 -8
999729 938800
-584791 329438
0 0
7
7 -5
7 -4
7 -3
7 -2
6 -1
5 -1
4 0
17
2 -1
4 -3
-6 3
-5 -1
-10 5
-8 7
-5 8
-10 -1
-22 1
-8 -8
-19 3
-18 8
-17 -4
2 -14
5 -14
7 -9
2 -4
0 0
3
-5007 3299
-5006 3298
-5005 3297
4
-5001 3299
-5000 3298
-4999 3297
-5004 3299
-5000 3300
4
-5007 3299
-5006 3298
-5005 3297
-5004 3297
7
-5001 3299
-5000 3298
-4999 3297
-5004 3303
-5009 3304
-5000 3301
-5002 3303
-5000 3300
6
0 -3
1 -4
2 -5
2 -6
2 -7
1 -7
18
-2 -5
2 -2
-3 1
-6 0
-4 -1
-4 -3
-5 2
-5 -2
-1 2
1 1
-2 -4
3 -8
3 -7
3 -6
3 -5
-2 -3
-2 -2
1 -2
0 0
8
4 -1
4 -2
4 -3
5 -4
6 -5
6 -6
5 -6
4 -6
4
2 1
2 0
2 -3
1 -2
0 0
4
5 0
4 0
3 0
2 0
2
0 0
-1 0
-2 0
0
