7
-2 -3
-3 -3
-4 -2
-5 -2
-5 -3
-6 -3
-7 -2
1
-1 -1
0 0
8
5 -5
4 -5
3 -4
3 -3
2 -2
1 -2
1 -3
0 -3
10
4 -2
3 -6
1 -5
-2 -2
1 1
-9 3
-6 2
6 -4
-1 -4
0 -4
0 0
7
-2 1
-1 0
0 -1
1 -1
1 0
0 1
0 2
5
-1 1
-1 2
2 -1
2 -3
-2 -2
0 0
8
83932 -37290
83931 -37289
83931 -37288
83932 -37288
83932 -37287
83931 -37286
83931 -37285
83932 -37285
4
83925 -37280
83928 -37285
83921 -37281
83931 -37284
83927 -37284
4
-6 2
-5 1
-5 0
-4 -1
3
1 -1
-1 0
0 -1
0 0
6
4 -4
4 -5
3 -5
2 -5
1 -4
0 -4
98
2 -1
-2 5
-8 5
1 -2
9 -3
-6 1
-4 -3
-11 1
-12 5
-41 9
-35 1
-35 12
-37 17
-37 24
-30 24
-29 20
-28 16
-27 11
-22 3
-23 2
-28 3
-31 4
-34 5
-37 9
-40 12
-40 13
-35 10
-31 8
-26 7
-16 -5
2 -14
10 -17
14 -16
17 -12
20 -5
19 2
7 9
-6 17
-15 19
-17 18
-20 11
-23 17
-25 34
-38 33
-43 30
-47 26
-44 22
-45 29
-52 37
-49 42
-45 44
-40 43
-33 38
-26 34
5 20
10 21
11 20
19 22
25 14
26 9
26 7
-11 -21
22 -32
-4 -18
1 -31
-32 -14
-41 -11
-34 -5
-24 -8
-24 -14
-19 -22
-9 -27
4 -28
28 -41
48 -46
53 -40
50 -25
45 -18
34 -19
34 -27
45 -29
56 -29
58 -24
56 -19
51 -12
46 -8
41 -6
67 3
76 -19
76 -32
76 -39
68 -30
47 0
35 14
-13 41
-12 32
-2 35
10 31
0 0
8
-2 0
-3 1
-3 2
-2 2
-1 1
0 1
1 0
1 -1
5
-1 -2
0 -2
0 -1
-1 0
-2 1
0 0
7
-3 1
-3 2
-2 2
-1 1
0 1
1 0
1 -1
7
-2 0
-1 -2
0 -2
0 -1
-1 0
-2 1
0 2
0 0
6
-7 1
-7 2
-6 2
-6 3
-7 4
-8 4
6
2 -4
5 -3
4 1
-2 4
1 -2
-8 5
-1 1
3
-1 -1
0 -1
1 -1
2
-1 1
1 -2
0 0
0
