5
5 -5
6 -5
6 -4
5 -3
4 -2
2
1 -1
1 0
0 0
7
5 -5
4 -5
3 -4
3 -3
2 -2
1 -2
0 -2
11
-2 2
-4 2
-1 4
5 -2
-2 -3
-2 -1
-2 1
2 0
3 -2
3 -1
5 -4
0 0
6
4 -4
3 -4
3 -5
4 -6
5 -7
5 -8
20
-7 5
4 -3
3 -3
3 -2
-10 3
-11 10
-2 6
3 4
-4 5
-8 9
-5 8
-22 -1
-41 -7
-47 7
-41 15
-39 -4
-23 -18
-84 -8
-86 5
-725 380
0 0
2
59874 -39293
59875 -39293
4
59886 -39285
59868 -39273
59856 -39275
59861 -39285
59876 -39284
6
-1 -1
0 -2
0 -3
-1 -3
-1 -4
0 -5
5
-1 0
0 -1
-7 3
4 -3
0 1
0 0
8
239483 294848
239483 294847
239483 294846
239483 294845
239483 294844
239483 294843
239483 294842
239483 294841
19
239486 294837
239831 294923
239818 294929
239824 294920
239823 294925
239827 294922
239831 294915
239828 294914
239816 294921
239803 294922
239823 294899
239782 294895
239772 294925
239785 294920
239781 294935
239772 294937
239762 294941
239755 294939
239756 294927
239483 294839
7
0 -3
1 -4
1 -5
2 -6
3 -6
3 -5
3 -4
6
-7 3
-8 -4
-5 6
5 3
0 -1
9 -8
0 0
8
3 -6
2 -5
2 -4
3 -4
3 -3
2 -2
1 -2
0 -2
24
-4 0
-8 5
-3 6
1 3
-2 2
-2 0
5 -2
4 -4
4 -3
-2 -1
-2 -4
-1 -5
1 -5
0 -3
-1 -2
4 -2
4 0
0 1
1 -4
0 2
4 1
-1 -1
5 -7
4 -7
0 0
0
