1
9
4
0
0
4
0
0
0
4
8
7
2
10
9
5
2
5
2
4
1
1
2
2
4
14
0
0
17
3
10
1
4
0
5
5
1
0
3
5
13
3
0
2
2
0
7
0
20
0
3
2
5
15
24
10
0
6
7
6
5
0
2
5
2
7
20
1
2
0
5
0
0
0
2
7
20
9
1
0
12
7
21
3
4
10
10
0
11
0
2
1
3
7
0
9
0
0
0
22
1
4
2
1
1
10
6
3
15
4
8
6
4
2
19
17
7
12
0
13
0
0
17
3
9
0
13
4
0
0
8
1
7
10
3
0
3
1
6
3
1
6
2
1
0
5
0
0
3
2
3
0
9
12
8
12
0
3
1
4
0
7
1
17
0
5
4
12
5
2
8
1
3
3
10
2
12
19
13
0
1
0
4
7
3
4
12
10
1
5
7
10
8
13
2
0
0
0
7
0
2
6
12
7
0
2
0
0
5
1
0
8
1
18
5
7
0
1
0
6
3
2
4
13
3
4
4
12
4
3
1
0
0
12
0
4
3
4
4
3
13
7
2
9
13
0
2
3
13
3
4
3
0
2
2
4
1
9
6
1
7
3
26
5
4
0
3
4
0
0
11
6
0
0
11
2
3
2
3
1
8
20
6
3
8
9
0
8
2
1
1
0
0
7
0
0
12
2
7
6
0
5
0
4
9
2
9
13
7
1
2
8
10
8
4
0
0
11
4
12
4
1
5
1
4
9
4
1
1
4
2
13
0
3
2
9
3
5
2
5
1
0
7
6
1
3
1
0
0
2
0
4
2
0
1
8
0
1
8
3
12
7
0
14
13
0
0
2
0
0
0
0
0
0
9
4
12
0
1
4
27
11
1
2
0
2
1
1
6
5
16
6
8
1
0
0
15
1
5
5
5
5
4
19
4
1
1
3
1
6
2
5
1
1
1
10
6
1
0
20
3
1
0
1
10
1
1
5
3
2
0
10
14
16
2
0
9
4
0
0
0
0
5
0
0
0
6
0
10
5
0
20
3
3
1
8
7
0
5
0
8
17
5
11
15
0
2
0
1
1
10
5
4
12
1
2
14
13
0
0
4
1
0
10
0
0
18
0
1
5
2
9
0
3
3
2
3
15
0
2
11
8
3
2
0
1
5
4
4
0
1
0
6
1
6
2
3
2
9
9
7
6
10
2
0
1
2
0
4
3
1
0
2
0
22
2
10
12
5
1
10
19
3
8
2
10
8
0
30
12
0
6
12
8
0
0
10
3
8
22
0
6
4
14
14
0
20
3
0
6
0
8
7
7
17
12
0
2
0
2
12
1
1
0
1
3
0
1
2
0
1
1
17
4
2
6
16
4
23
0
26
4
7
6
5
2
16
10
5
9
0
2
12
18
1
2
2
0
19
11
0
6
20
0
7
0
4
0
1
0
2
12
0
16
0
7
6
0
1
12
12
3
0
10
0
0
4
13
2
1
17
1
0
1
9
1
2
3
2
4
15
0
6
5
5
13
14
10
0
13
0
20
1
0
4
11
2
13
0
1
2
2
2
5
1
0
7
4
0
0
17
4
1
5
7
1
9
5
2
4
0
1
0
11
1
15
5
0
4
13
12
7
13
17
11
2
3
0
2
4
0
10
0
1
12
9
2
24
2
9
14
5
2
1
14
0
1
2
14
7
0
15
0
6
2
0
2
13
2
1
11
4
0
6
1
0
1
7
8
17
0
2
0
4
3
0
18
0
5
5
4
2
3
2
8
4
1
11
9
2
7
5
10
9
1
9
10
0
0
1
4
0
17
22
1
7
3
0
0
0
0
6
8
6
0
1
0
0
3
7
8
1
0
8
13
0
12
1
0
5
2
0
0
11
0
8
6
3
0
8
2
4
5
8
4
0
2
5
9
0
0
1
4
0
23
18
0
1
1
2
4
1
8
1
17
10
10
0
0
0
5
0
11
15
8
0
1
0
3
0
7
2
6
9
0
4
2
2
1
4
19
10
15
18
5
2
6
3
6
5
9
17
6
8
0
0
10
4
5
21
29
6
0
5
1
6
5
4
3
0
11
7
10
0
23
17
7
3
0
14
1
0
17
0
6
0
4
0
0
0
2
17
0
0
1
0
5
8
16
14
5
4
10
16
5
5
11
19
5
4
20
6
4
2
1
2
0
7
6
0
2
2
14
0
0
0
2
13
0
10
1
25
14
5
0
5
8
11
1
17
9
14
13
4
0
5
6
9
0
5
5
6
0
7
3
5
0
0
0
0
