2 141
222 93
437 42
2 774
459 121
249 104
2 976
57 39
629 522
2 267
136 10
860 805
2 254
438 265
515 189
2 916
457 223
154 105
2 109
450 154
188 184
2 601
218 119
291 106
2 783
533 528
241 61
2 510
146 125
228 172
3 549
497 168
486 188
509 202
3 344
292 57
13 8
920 19
3 529
144 32
372 218
5 5
3 155
34 18
32 6
30 14
3 287
292 11
903 149
19 4
3 338
625 282
711 489
10 1
3 121
368 297
21 10
658 576
3 173
324 153
403 245
192 109
3 699
491 202
236 22
707 509
3 519
591 263
880 865
682 108
4 370
252 170
278 106
524 86
528 351
4 462
849 667
900 895
669 605
973 774
4 411
60 20
395 114
785 688
167 112
4 993
94 67
94 93
71 33
976 628
4 831
742 630
767 693
839 718
749 295
4 48
257 165
909 188
85 83
558 319
4 698
514 468
505 479
690 161
899 747
4 125
561 521
40 16
114 26
521 517
4 418
267 75
22 22
440 403
262 232
4 874
60 45
268 254
706 134
624 32
5 677
154 31
82 69
188 58
811 381
687 101
5 305
220 134
768 236
294 261
788 387
220 163
5 926
412 118
822 712
971 945
670 55
200 10
5 622
232 53
792 791
413 148
669 99
92 29
5 212
544 431
753 175
114 82
456 211
519 130
5 670
758 181
61 23
394 342
703 342
693 169
5 65
292 41
677 525
759 293
741 394
680 51
5 887
830 10
202 72
875 174
810 580
543 379
5 180
646 116
387 120
508 314
106 44
601 176
5 26
368 344
506 110
524 445
931 279
32 25
6 205
755 721
824 18
115 81
540 274
934 853
499 372
6 219
969 124
272 184
183 91
9 1
522 341
594 167
6 191
622 203
143 77
411 389
806 6
172 55
297 143
6 988
648 439
149 81
293 238
249 82
275 72
400 393
6 692
967 957
683 563
417 8
572 156
111 14
663 510
6 279
2 2
336 326
333 263
318 247
337 173
447 361
6 600
267 135
628 230
652 222
287 149
922 864
847 592
6 414
38 6
469 221
304 298
333 205
343 53
396 231
6 2
593 517
133 32
801 220
424 197
772 24
159 136
6 847
499 309
49 31
808 138
56 35
758 627
573 19
7 9
965 753
592 107
367 316
201 5
307 204
808 628
589 515
7 680
994 5
659 34
473 444
310 297
851 428
614 543
251 222
7 714
790 615
275 12
924 198
179 93
843 88
606 330
14 9
7 121
537 186
740 427
614 79
926 719
828 661
572 182
808 151
7 127
331 319
957 465
833 395
104 99
40 5
636 589
980 540
7 748
104 47
430 18
134 57
124 85
302 249
828 550
505 306
7 729
761 436
18 16
994 700
78 50
76 67
138 75
520 238
7 732
558 409
880 711
62 51
166 131
529 250
276 243
70 51
7 785
535 492
182 21
830 688
754 445
252 205
699 691
270 25
7 467
760 560
198 110
69 19
78 25
944 362
742 371
286 118
8 506
116 24
801 50
983 204
820 570
377 4
313 239
918 342
531 71
8 933
178 162
690 280
137 132
108 76
935 420
131 35
302 113
212 114
8 512
218 203
516 39
579 507
426 387
85 64
188 25
250 56
564 427
8 919
908 67
833 487
869 24
462 3
649 219
852 224
532 38
974 547
8 579
60 48
860 430
285 262
670 506
141 76
177 63
148 139
177 126
8 171
395 68
524 357
440 175
223 34
297 133
512 134
178 120
802 143
8 626
463 421
798 190
106 6
517 219
927 493
817 378
35 18
619 8
8 70
276 49
380 30
385 16
351 250
551 245
88 70
816 277
617 215
8 385
159 119
268 248
334 277
666 357
509 303
268 6
390 210
203 46
8 177
620 396
157 89
864 73
325 109
352 53
214 164
420 12
125 7
9 375
34 23
309 283
46 45
664 341
790 410
486 220
567 267
745 618
92 17
9 15
838 747
947 792
857 717
157 86
393 69
466 28
711 487
850 452
97 39
9 574
182 2
625 598
178 13
988 460
869 647
403 47
258 183
76 30
144 77
9 869
826 1
929 476
374 102
885 501
867 336
456 75
708 442
417 52
646 317
9 17
117 72
233 39
274 68
748 642
758 93
54 23
549 64
298 14
935 148
9 206
679 674
641 470
381 230
202 136
789 345
48 45
913 623
129 29
195 34
9 391
844 343
56 5
555 516
55 32
294 67
882 405
941 840
406 269
315 148
9 702
362 301
335 79
854 429
363 361
131 26
737 454
27 10
223 31
784 510
9 483
288 180
659 327
967 452
503 488
783 184
442 301
390 106
371 34
672 204
9 884
156 108
3 1
240 170
670 208
203 110
757 336
236 228
960 227
769 657
10 407
511 438
295 295
913 668
958 317
554 478
613 461
973 705
738 732
785 535
906 466
10 72
795 586
216 100
175 169
299 195
430 164
264 19
131 27
673 127
746 568
44 3
10 396
101 51
589 511
690 43
888 731
77 25
564 437
948 913
230 96
925 271
165 29
10 936
754 685
357 16
77 63
157 24
57 43
813 60
855 399
698 125
997 249
697 528
10 511
856 229
200 114
118 90
80 60
794 71
87 50
776 555
995 377
72 62
653 298
10 502
293 99
460 228
866 583
752 640
346 243
634 606
25 17
765 306
490 176
17 12
10 2
451 372
78 68
568 350
952 543
434 131
558 556
787 677
195 3
477 27
498 411
10 647
916 778
946 108
135 81
445 327
794 505
54 45
824 636
73 37
444 124
571 549
10 416
878 224
869 285
461 229
975 259
833 367
368 69
813 697
953 7
54 17
813 785
10 132
544 310
11 6
552 502
149 24
504 482
432 382
998 308
933 506
330 48
469 287
11 239
938 2
944 501
60 39
753 128
682 582
285 5
214 43
19 3
716 649
630 365
578 43
11 404
431 34
861 244
416 124
831 171
758 209
36 35
962 203
606 253
336 336
653 177
595 208
11 60
764 20
281 82
623 600
865 610
882 853
614 607
604 603
88 19
384 5
917 645
304 272
11 628
501 413
375 131
126 118
570 428
842 689
116 38
34 4
418 176
112 93
412 118
701 166
11 376
753 741
316 236
57 3
313 186
783 642
388 168
822 452
650 154
751 264
20 4
84 3
11 478
215 76
545 278
390 48
968 690
862 540
195 166
912 750
894 803
870 405
143 142
785 683
11 916
414 408
870 157
349 166
712 428
337 93
459 7
945 25
777 514
597 1
883 758
16 7
11 813
186 52
354 34
541 32
640 256
371 83
625 428
181 106
830 786
3 1
571 386
823 49
11 877
741 95
972 25
537 319
810 140
876 583
37 1
293 73
897 175
117 107
685 678
963 187
11 190
515 5
179 42
777 587
361 62
113 94
9 2
572 400
461 90
204 30
742 312
971 656
12 568
258 245
114 40
866 658
34 2
448 332
761 591
657 108
207 30
679 641
881 275
785 501
74 6
12 378
280 89
616 549
440 415
51 10
249 181
468 192
558 230
701 603
247 29
404 169
760 371
100 3
12 305
747 550
852 684
709 677
317 188
188 127
921 78
173 155
64 7
623 322
897 250
682 597
790 134
12 700
136 85
734 324
118 108
786 391
240 94
680 3
118 59
753 324
123 5
507 200
621 1
217 31
12 872
458 313
617 391
346 57
745 203
803 47
985 819
718 582
898 771
104 66
951 895
937 44
632 545
12 127
24 10
984 347
341 309
1000 623
229 128
432 229
766 199
354 118
403 19
658 153
70 9
784 302
12 734
643 171
472 436
575 362
979 678
792 110
582 456
638 412
448 73
33 11
627 11
433 179
112 32
12 756
93 57
197 145
679 365
989 21
740 185
729 559
382 32
589 200
56 19
236 68
284 244
854 553
12 462
848 278
289 140
486 224
884 216
560 394
894 226
269 210
879 379
513 368
225 209
680 221
494 90
12 730
825 285
811 224
382 76
790 173
599 355
368 153
598 314
632 512
164 137
81 35
590 64
672 408
13 277
505 406
59 50
226 82
32 14
468 234
465 173
49 3
724 424
15 10
903 133
44 10
807 509
579 390
13 961
962 200
165 42
438 433
427 43
380 33
2 1
194 58
181 118
88 68
998 695
520 275
880 581
512 131
13 696
671 224
918 737
214 152
26 9
57 35
413 191
81 69
522 249
909 370
565 399
874 664
980 863
462 452
13 80
248 10
433 379
47 19
598 370
69 24
381 291
938 267
545 355
458 329
253 109
805 78
492 218
634 388
13 178
531 89
227 227
481 83
199 130
192 60
331 10
899 650
98 95
235 212
872 574
747 553
470 249
980 551
13 311
339 45
177 111
529 437
521 116
443 255
394 208
795 15
629 519
945 142
741 581
868 305
428 297
439 86
13 533
76 42
677 28
655 564
700 280
83 40
473 16
99 63
644 142
321 174
878 483
242 13
901 126
511 53
13 887
366 30
234 113
354 129
387 258
671 28
795 152
668 603
513 83
701 391
186 12
36 26
7 4
554 74
13 386
43 24
670 518
474 376
589 139
844 538
294 253
313 212
526 400
963 326
381 200
776 113
258 46
208 11
13 784
397 80
845 593
474 139
54 37
768 653
871 4
723 242
628 160
293 292
7 7
562 156
711 31
646 508
14 598
940 445
614 197
122 112
445 176
501 393
924 199
943 694
369 354
627 348
79 41
615 335
183 88
428 320
153 34
14 760
343 297
129 108
358 137
4 2
890 366
235 92
400 289
445 59
294 217
952 737
915 745
781 404
287 215
219 26
14 413
453 404
100 75
760 88
294 120
839 723
133 28
741 731
739 697
218 120
625 301
35 32
554 166
680 620
928 479
14 526
301 258
260 62
19 18
233 101
982 668
605 264
28 9
940 155
665 590
766 110
561 150
483 456
837 735
770 182
14 204
939 325
128 87
89 80
348 44
345 98
424 70
523 370
919 9
362 86
442 312
838 315
168 134
352 206
267 244
14 730
436 331
937 287
16 1
350 216
395 104
166 107
548 263
351 313
865 624
954 25
495 270
265 59
117 100
191 163
14 386
669 482
683 139
759 567
257 44
763 582
696 72
190 181
819 156
436 413
50 25
634 94
271 202
108 82
493 48
14 874
866 784
266 182
912 604
771 601
263 140
393 288
487 170
693 277
861 92
477 160
810 278
378 266
782 343
306 31
14 628
389 148
508 483
559 49
960 46
968 838
416 412
683 659
763 99
951 445
835 660
856 523
809 185
341 21
397 382
14 680
683 532
436 276
399 131
650 483
166 127
698 375
743 448
446 279
898 279
496 31
920 873
339 217
823 574
147 34
2 449
626 449
723 713
2 183
477 350
436 390
2 537
733 5
1369 1315
2 611
637 279
1066 1037
2 983
959 605
1408 1380
2 873
194 99
1029 989
2 366
397 60
795 716
2 568
653 208
1101 1058
2 989
804 34
1916 1840
2 827
470 382
977 962
3 415
607 561
494 172
850 791
3 151
32 14
672 650
318 221
3 687
515 12
1299 1254
51 30
3 337
437 150
1609 1596
933 49
3 489
946 761
860 142
1496 1423
3 722
240 18
222 54
1147 1120
3 826
991 277
1699 1645
59 51
3 44
187 87
411 373
966 750
3 261
158 92
1061 997
904 317
3 626
832 246
1779 1758
668 209
4 181
31 16
325 19
707 267
979 972
4 90
109 79
728 65
453 367
942 890
4 374
944 65
644 634
464 77
1753 1674
4 457
680 348
580 547
1001 979
441 335
4 875
186 37
746 552
51 8
1357 1311
4 792
280 174
435 14
1579 1505
100 10
4 219
10 6
588 560
972 953
952 635
4 995
428 35
2132 2045
376 196
709 276
4 796
135 73
343 206
1423 1356
955 631
4 594
420 298
375 316
1525 1441
578 12
5 666
441 64
729 631
299 33
1596 1503
467 406
5 261
163 125
896 52
302 22
1695 1691
439 208
5 446
701 670
955 914
128 29
65 60
762 719
5 726
842 760
528 401
1314 1270
625 400
74 44
5 393
907 850
260 36
1136 1048
194 72
543 349
5 189
852 164
396 359
816 407
525 332
1591 1554
5 236
819 288
897 504
897 25
2526 2497
544 167
5 200
57 4
1014 930
402 254
302 28
550 343
5 478
761 359
451 63
2157 2074
274 183
982 284
5 440
57 13
891 825
63 35
253 147
763 729
6 256
195 3
930 712
385 228
561 29
492 473
1485 1442
6 960
781 718
333 64
96 76
1000 346
2438 2409
731 367
6 451
521 16
665 11
239 73
2400 2354
443 259
893 523
6 722
109 100
671 521
1987 1969
287 160
241 94
766 10
6 66
365 340
419 61
101 36
252 238
502 233
927 862
6 918
133 34
492 213
244 95
57 31
684 361
1867 1859
6 192
580 541
808 793
827 361
165 160
404 379
123 60
6 719
949 597
374 111
2523 2510
803 200
562 141
177 52
6 469
715 407
656 475
264 258
34 6
293 58
1340 1261
6 282
780 737
379 264
558 316
1574 1572
436 17
512 93
7 237
565 33
637 112
323 68
312 11
886 284
944 99
3358 3327
7 687
265 123
588 205
606 120
819 26
2703 2631
105 90
83 48
7 714
80 19
736 214
199 4
861 698
1904 1878
424 395
426 255
7 833
476 392
32 28
727 3
2740 2655
430 203
218 2
753 277
7 574
940 562
2277 2204
741 376
236 162
34 6
818 249
314 107
7 581
81 38
867 306
626 88
3084 3067
959 289
700 46
8 2
7 178
51 41
1587 1519
722 33
193 44
500 403
414 286
816 588
7 963
934 251
328 18
666 434
727 66
95 48
3096 3093
534 345
7 275
654 342
134 39
762 357
736 101
393 142
2264 2251
709 510
7 590
74 23
468 402
35 13
47 42
703 151
1735 1679
488 113
8 178
586 87
450 257
294 79
902 573
2047 1980
255 117
575 278
524 457
8 799
728 517
836 168
804 571
985 184
3789 3721
793 139
735 583
408 301
8 713
359 92
232 117
748 127
2165 2140
274 73
296 199
269 210
667 609
8 83
151 65
685 680
387 22
767 650
128 23
662 45
106 61
1524 1471
8 748
286 80
1930 1866
880 436
147 101
380 78
76 61
174 120
989 978
8 752
682 204
415 213
2076 1996
130 61
62 3
345 223
6 2
449 193
8 472
951 692
618 206
254 254
883 388
734 282
2755 2683
141 82
619 112
8 777
879 768
250 222
53 41
828 600
2185 2086
368 2
597 349
443 225
8 690
561 116
825 37
3237 3229
346 216
474 69
707 361
306 103
495 335
8 249
78 46
441 56
582 251
59 29
645 233
16 11
497 67
1971 1943
9 805
581 408
210 195
283 62
678 488
2114 2075
741 530
641 350
635 599
152 21
9 65
858 626
16 1
444 260
343 332
204 55
825 292
176 117
684 137
1933 1873
9 73
684 101
989 470
3606 3541
756 353
736 358
848 838
939 358
684 83
564 232
9 11
890 514
31 7
803 182
773 685
492 183
894 421
441 436
2459 2382
623 160
9 574
708 482
92 33
114 72
492 86
792 381
136 88
868 429
364 233
2450 2385
9 570
361 105
67 24
522 492
2511 2476
619 124
784 47
809 661
579 476
740 653
9 175
818 222
986 642
720 154
370 305
256 213
45 32
717 652
2171 2154
590 340
9 105
999 223
503 218
359 150
629 33
786 76
3135 3055
576 572
690 545
427 213
9 54
291 208
319 19
468 265
138 40
177 166
997 430
981 401
61 29
2106 2015
9 309
36 14
730 237
403 391
670 321
414 375
796 448
905 330
2218 2197
182 164
10 434
610 474
238 213
421 276
914 899
1150 1145
461 426
263 228
247 88
384 262
236 224
10 413
870 469
297 29
87 40
227 107
236 115
1893 1874
27 7
408 125
472 391
62 1
10 798
163 72
988 114
738 399
749 521
678 229
718 171
573 154
533 129
766 649
4361 4290
10 411
642 60
2349 2303
793 651
487 118
201 118
480 441
6 6
259 166
160 47
485 78
10 648
797 738
686 488
465 191
498 227
64 25
840 177
504 43
964 400
963 478
3766 3754
10 227
126 41
564 342
413 289
18 14
112 31
402 386
139 133
199 128
551 44
1440 1435
10 656
270 96
794 704
888 707
825 234
2777 2765
770 474
298 270
507 9
352 214
289 276
10 273
205 159
919 773
969 655
42 28
1562 1480
642 566
749 721
229 59
582 434
840 661
10 547
59 25
745 163
55 5
883 632
344 131
2671 2669
280 83
576 388
862 734
504 123
10 458
566 541
372 127
635 470
172 138
553 423
2076 2051
566 496
70 19
852 408
710 359
11 230
348 201
687 399
851 61
396 297
950 482
577 17
615 483
739 403
452 137
3930 3889
814 372
11 336
380 59
791 440
224 148
364 80
296 157
312 294
2555 2545
777 263
764 736
406 67
173 89
11 20
668 521
458 216
714 485
887 722
102 102
860 449
37 2
2010 1999
428 216
236 167
837 397
11 493
777 98
249 130
668 225
492 376
871 185
888 749
358 176
3399 3336
589 264
413 391
343 245
11 675
190 170
422 295
59 39
222 110
834 50
584 325
746 689
619 468
724 392
3076 3045
603 100
11 179
945 55
568 285
897 19
824 333
503 123
65 13
115 76
224 160
373 286
3701 3666
246 6
11 197
453 316
51 1
2203 2179
182 43
69 5
786 477
728 233
475 72
90 2
534 299
269 224
11 530
589 58
643 629
26 18
244 110
72 4
768 694
364 329
74 41
146 128
1630 1584
621 528
11 120
37 11
604 140
2577 2513
275 47
903 870
110 72
899 525
603 498
360 355
814 251
688 200
11 634
178 32
387 5
3543 3512
206 21
641 142
295 270
545 29
119 38
216 190
553 50
975 552
12 798
587 311
749 54
617 248
117 36
84 40
774 632
268 26
500 200
227 112
659 496
3624 3607
796 439
12 514
713 12
624 528
967 517
343 250
955 763
852 510
3354 3285
425 95
92 22
55 41
568 203
856 783
12 926
345 318
330 4
741 634
162 150
543 498
494 54
423 19
3248 3237
442 23
49 17
252 59
821 607
12 944
724 495
403 189
92 88
219 185
411 160
36 35
886 236
3596 3577
189 9
452 253
765 545
655 88
12 75
418 112
293 9
38 22
615 561
598 566
253 115
2507 2429
569 224
890 628
159 87
890 559
443 24
12 597
828 622
611 267
3927 3897
591 226
504 168
578 122
605 235
572 276
809 584
838 215
638 590
992 989
12 477
828 571
3442 3408
248 98
915 475
894 418
594 208
382 149
495 64
636 605
237 187
649 623
490 90
12 148
682 236
538 188
837 581
852 83
4875 4815
261 31
733 16
383 95
309 194
453 16
813 181
434 65
12 214
185 96
532 242
2816 2717
401 362
873 297
44 24
212 7
133 16
758 145
78 41
551 520
673 249
12 348
741 44
458 167
3174 3150
7 5
981 913
545 239
668 498
571 487
825 299
622 353
173 118
290 19
13 231
941 599
53 18
4092 4017
178 50
543 53
876 307
432 321
395 89
360 265
360 84
745 10
661 112
136 85
13 9
937 25
3202 3158
596 564
605 63
519 404
8 5
949 441
157 92
149 136
772 693
491 99
325 188
751 448
13 677
211 167
51 4
601 528
492 377
322 214
985 764
331 157
241 200
57 54
2252 2237
784 541
362 43
120 39
13 8
979 919
485 372
1849 1794
547 306
609 56
815 455
336 257
140 133
733 710
184 168
50 15
362 171
118 67
13 797
19 4
714 84
513 367
691 77
386 350
818 493
3535 3474
19 1
7 5
879 792
421 227
996 518
971 859
13 710
38 1
667 632
961 379
370 288
988 98
585 375
541 399
277 73
817 36
678 675
4554 4485
563 24
722 475
13 868
320 107
191 186
394 295
266 151
233 177
619 495
240 169
170 20
293 58
2393 2293
27 10
314 149
189 93
13 681
257 187
229 145
892 579
3244 3236
193 106
127 113
22 7
868 535
583 364
694 193
908 266
367 268
208 32
13 986
872 25
243 48
393 383
489 288
115 9
812 8
212 18
5294 5228
222 66
910 109
404 84
964 677
389 153
13 339
765 763
71 48
603 427
664 35
373 258
93 56
930 216
272 203
154 101
116 116
68 3
2560 2501
819 577
14 627
97 79
362 148
296 212
630 560
494 191
624 261
517 209
772 543
505 343
659 459
3090 3057
172 75
527 371
654 471
14 360
677 625
344 299
990 138
807 528
4000 3974
237 229
572 97
2 1
153 27
511 194
752 312
201 86
606 233
728 264
14 196
734 202
452 149
132 95
479 427
431 342
237 32
616 41
116 17
751 265
787 426
245 212
277 244
980 321
3768 3685
14 452
834 740
249 204
287 117
516 293
898 442
819 757
407 31
3162 3137
228 211
790 319
458 48
310 40
170 150
74 10
14 193
397 258
676 648
474 271
476 338
949 493
777 405
693 112
377 224
768 674
147 128
3418 3381
622 328
279 61
558 87
14 888
466 97
623 343
726 472
471 255
594 112
448 1
728 532
871 207
67 55
783 245
858 512
5006 4929
911 707
915 894
14 866
298 193
424 134
693 235
348 156
834 431
947 26
11 8
605 9
527 309
604 347
865 8
154 154
260 21
5416 5409
14 553
581 231
899 177
935 456
630 402
891 566
75 57
10 4
948 784
68 9
661 470
172 79
344 173
3837 3829
505 66
14 212
363 11
176 123
289 13
272 203
630 272
3502 3456
882 667
902 81
480 427
668 456
32 30
801 28
31 19
26 25
14 113
366 267
52 51
3071 3049
263 221
694 351
861 534
294 52
290 69
536 415
894 851
906 29
629 388
97 88
380 37
2 677
680 675
675 673
2 638
639 637
638 637
2 566
567 562
567 564
2 706
704 701
705 704
2 134
132 129
130 129
2 879
878 874
880 877
2 471
469 468
471 467
2 743
743 740
742 740
2 335
335 331
336 332
2 653
650 649
651 648
3 627
624 623
627 624
628 625
3 284
283 279
282 280
284 279
3 63
66 61
61 58
66 62
3 141
141 139
137 136
143 138
3 540
543 538
542 537
539 537
3 892
894 890
890 888
895 891
3 47
46 45
44 43
45 42
3 255
256 254
255 252
254 251
3 140
139 138
140 139
141 139
3 285
281 280
285 284
285 284
4 650
653 649
648 647
651 647
649 646
4 330
330 325
333 328
326 325
327 325
4 49
48 46
50 45
51 47
48 46
4 150
147 146
153 149
151 146
150 146
4 598
601 597
601 596
598 594
598 593
4 740
742 739
739 737
741 738
740 735
4 636
633 632
635 634
640 635
638 635
4 23
24 21
23 18
22 18
26 21
4 855
851 850
856 853
859 854
856 853
4 413
416 412
416 412
409 408
414 410
5 905
906 901
901 900
902 901
901 900
907 902
5 924
924 921
923 919
924 923
925 922
922 921
5 153
154 149
153 151
156 151
154 150
152 150
5 673
674 672
674 672
669 668
670 669
673 669
5 569
568 567
571 568
566 564
570 565
566 565
5 295
294 293
297 292
295 294
298 293
293 291
5 386
388 385
385 383
385 383
384 382
387 383
5 920
917 916
918 916
920 915
922 919
923 919
5 93
91 88
94 92
92 90
93 89
90 88
5 691
692 687
691 686
688 686
688 687
691 686
6 577
580 575
576 572
576 574
577 573
577 576
577 574
6 848
847 846
852 847
846 845
847 844
847 843
848 844
6 174
175 173
175 170
173 172
178 173
174 169
173 171
6 207
205 202
209 205
204 202
209 204
207 204
206 205
6 254
254 250
257 253
256 253
254 250
256 252
251 250
6 872
873 870
872 870
871 868
870 867
874 870
869 868
6 768
768 766
768 766
772 767
769 765
769 766
768 763
6 547
545 544
544 543
546 542
549 544
546 543
546 542
6 911
911 907
913 909
912 910
910 907
911 910
911 910
6 312
313 308
312 309
316 311
316 311
311 307
311 310
7 684
682 679
686 681
685 681
683 680
682 680
681 679
681 680
7 230
230 228
228 225
230 227
228 225
230 227
232 227
232 227
7 534
537 533
534 530
531 529
537 532
531 529
534 530
532 531
7 733
734 732
736 732
732 729
730 728
736 732
736 732
734 731
7 522
518 517
523 521
520 518
524 520
522 520
524 520
519 517
7 402
405 400
400 399
406 401
402 401
401 400
404 399
403 399
7 396
394 392
396 391
396 394
396 394
398 393
400 395
399 395
7 140
142 138
140 136
138 136
143 138
137 136
138 135
143 138
7 858
855 853
860 856
861 856
858 853
858 856
857 856
854 853
7 343
345 340
343 340
340 339
340 338
343 338
339 338
343 342
8 961
962 959
963 959
960 959
960 956
959 957
959 958
961 957
959 956
8 431
431 426
431 429
432 427
430 429
435 430
434 429
431 428
431 429
8 157
158 154
156 152
155 152
157 153
155 154
154 153
157 153
157 152
8 878
875 873
878 877
880 876
877 875
877 874
881 876
881 876
876 875
8 549
546 544
549 548
548 546
549 545
551 547
547 544
546 544
550 547
8 500
503 498
501 497
503 499
500 496
502 498
502 498
502 499
504 499
8 164
166 161
163 159
165 163
164 163
163 159
167 162
164 163
167 162
8 729
731 728
732 727
727 724
726 725
731 726
731 726
728 726
727 725
8 418
418 413
419 417
415 414
419 415
416 415
416 415
420 416
422 417
8 927
927 924
927 924
927 922
925 924
927 922
928 924
927 923
925 923
9 316
318 315
313 311
318 314
314 311
315 313
317 313
317 314
318 315
316 311
9 825
827 824
826 821
823 820
829 824
826 821
823 821
822 820
827 824
825 824
9 674
675 670
674 669
676 671
674 673
676 672
674 673
671 669
672 671
671 669
9 358
360 355
361 356
359 357
359 357
360 356
355 353
355 354
359 354
360 356
9 750
747 746
751 747
746 745
753 749
751 747
751 747
750 746
751 748
749 745
9 43
44 41
42 40
43 42
42 40
41 39
44 40
43 40
40 38
41 40
9 373
374 372
375 371
372 368
375 371
371 369
373 371
373 371
375 372
369 368
9 740
742 739
742 738
741 737
741 737
743 739
741 739
742 738
740 735
739 737
9 513
514 510
510 508
515 512
514 510
512 508
512 508
510 509
514 512
512 508
9 949
949 946
946 945
950 945
947 945
947 944
949 947
949 946
945 944
951 947
10 779
779 776
776 775
779 777
779 775
778 777
778 775
778 777
783 778
777 775
775 774
10 990
991 986
991 988
994 989
990 986
990 986
992 988
992 987
990 986
989 987
991 988
10 522
522 517
520 519
523 521
521 518
521 518
525 520
523 519
526 521
525 520
525 521
10 387
384 383
387 385
385 384
387 383
387 382
387 384
388 384
386 383
384 382
383 382
10 406
408 404
404 402
404 403
403 401
403 402
402 401
405 402
405 402
408 405
404 403
10 481
478 476
478 476
483 479
478 477
481 480
483 478
482 480
479 476
484 479
481 478
10 93
93 88
93 89
93 92
93 88
92 88
94 90
91 89
93 88
93 92
93 89
10 247
246 242
246 245
246 245
251 246
246 243
245 242
250 246
247 244
249 244
251 246
10 684
685 680
685 682
686 681
684 680
683 681
686 682
682 681
685 681
688 683
683 679
10 881
884 879
882 880
877 876
882 879
882 877
882 879
878 876
878 877
882 879
880 876
11 134
134 129
135 130
131 129
130 129
134 132
131 129
138 133
134 130
133 131
135 133
135 132
11 404
405 402
403 400
403 402
402 400
407 403
400 399
404 400
402 399
406 401
404 401
403 401
11 416
415 413
414 411
415 413
413 411
413 412
417 414
416 411
418 415
419 415
415 411
412 411
11 485
487 483
487 482
483 482
481 480
484 481
487 484
482 480
482 481
484 482
483 482
483 482
11 228
230 227
227 225
226 224
228 224
225 224
225 224
228 227
229 225
226 224
232 227
226 223
11 782
781 778
780 778
781 777
784 780
779 778
780 777
779 778
786 781
780 778
780 778
781 778
11 786
782 781
785 781
784 782
787 782
785 782
782 781
785 782
782 781
786 784
786 783
784 783
11 192
195 191
191 188
191 190
190 188
195 190
191 187
194 191
192 189
195 191
192 191
189 188
11 757
757 753
756 752
759 755
755 753
755 752
756 752
757 752
757 756
755 754
757 753
757 754
11 476
475 474
476 474
478 474
477 475
478 473
479 475
480 475
477 472
475 474
479 474
476 472
12 619
618 617
621 616
617 615
620 617
621 616
622 617
622 617
619 615
618 614
619 618
620 617
618 615
12 482
480 479
482 480
479 477
483 481
479 477
481 477
482 480
483 479
483 478
478 477
486 481
481 478
12 53
56 52
53 48
50 49
51 50
52 48
53 51
56 51
53 51
51 48
53 49
55 51
56 52
12 894
892 889
895 892
895 891
894 891
897 893
890 889
893 892
892 891
892 889
895 891
896 892
896 892
12 877
878 875
874 872
879 874
879 874
875 873
873 872
879 876
879 874
876 875
873 872
879 876
876 875
12 813
817 812
814 812
814 812
815 810
810 808
814 809
816 812
813 808
816 811
812 811
817 812
813 809
12 85
83 82
85 81
84 80
85 84
82 80
83 81
87 84
84 82
87 82
85 82
88 84
84 80
12 800
802 798
799 796
798 796
800 796
799 796
802 799
803 798
797 795
800 797
802 798
804 799
796 795
12 440
440 436
441 439
437 436
436 435
440 437
440 435
441 436
441 438
444 439
441 436
444 439
441 437
12 457
455 454
457 455
454 453
453 452
459 456
457 456
457 452
459 455
459 456
459 456
458 454
455 453
13 562
563 561
563 560
560 559
561 557
563 559
561 557
563 559
562 561
561 559
563 560
561 558
562 559
561 557
13 390
392 389
390 385
393 388
393 389
391 389
388 385
392 387
392 388
392 388
387 386
389 388
391 387
393 388
13 432
431 427
435 431
432 427
431 428
431 428
435 431
429 428
434 430
432 430
432 431
433 430
433 430
428 427
13 507
510 505
508 503
509 506
504 503
510 505
505 504
509 506
504 503
511 506
505 504
507 506
508 504
508 505
13 937
940 935
935 933
937 932
937 935
939 936
934 933
937 936
937 936
937 936
939 935
936 933
937 934
938 934
13 110
110 108
107 105
111 109
107 106
111 109
111 109
111 106
112 108
108 105
109 106
113 108
107 105
110 107
13 639
637 636
636 635
639 634
640 638
637 634
636 634
641 636
639 637
642 637
639 638
638 634
636 635
638 634
13 790
791 789
787 785
792 787
791 786
788 787
789 786
789 788
792 789
790 785
794 789
792 788
787 785
790 785
13 343
346 341
345 340
344 342
343 342
345 341
346 341
343 340
342 340
342 341
339 338
345 342
340 338
341 339
13 756
759 755
756 753
753 752
757 755
755 751
755 752
755 753
755 754
753 751
756 752
758 753
758 753
752 751
14 790
788 786
794 789
790 785
792 789
792 787
791 789
789 787
791 786
790 788
790 788
787 785
790 788
788 786
792 787
14 573
573 571
573 571
569 568
575 571
570 568
572 569
570 569
573 570
575 571
575 571
574 570
575 572
575 572
573 568
14 606
606 601
607 605
608 604
603 602
608 603
603 601
606 605
607 602
606 604
605 603
607 604
605 601
603 601
605 602
14 239
242 237
241 238
239 234
238 237
240 237
236 234
239 235
237 234
238 235
241 237
239 237
236 234
239 238
236 234
14 873
873 869
871 870
873 869
871 868
872 871
873 870
873 869
871 870
871 870
873 869
871 870
871 868
872 871
871 870
14 524
526 522
525 521
524 520
522 520
525 521
528 523
525 523
524 519
521 520
524 523
526 522
523 519
526 523
525 522
14 330
331 326
327 326
331 327
330 327
332 328
333 329
331 327
330 328
327 326
329 326
329 327
329 325
330 325
330 326
14 927
928 926
923 922
926 923
925 922
927 924
929 924
928 926
925 924
925 923
925 924
926 923
924 922
923 922
930 925
14 177
177 175
177 175
174 173
178 176
179 175
180 175
176 173
174 173
178 175
178 175
177 173
175 174
175 172
176 172
14 39
41 36
41 36
39 37
42 38
36 34
38 34
39 37
36 34
40 38
38 36
41 38
39 37
42 37
39 37
2 158
157 153
267 231
2 370
368 367
445 393
2 146
143 142
171 161
2 455
457 454
595 526
2 230
229 225
390 324
2 592
590 587
705 682
2 310
310 309
479 405
2 233
233 230
321 265
2 327
328 325
365 342
2 317
315 313
354 321
3 992
989 987
1083 1026
991 988
3 372
371 369
488 436
370 368
3 224
221 220
223 220
314 271
3 954
952 949
952 950
1081 995
3 671
672 668
737 692
673 670
3 559
563 558
558 557
647 606
3 831
832 829
972 891
829 827
3 729
727 725
812 797
730 726
3 687
684 682
685 682
825 776
3 763
766 761
892 857
763 761
4 646
645 641
646 641
642 641
690 675
4 866
865 863
985 933
864 861
866 863
4 240
244 239
316 266
243 238
241 239
4 980
982 978
981 979
1046 1020
977 975
4 927
929 924
929 925
1009 989
929 924
4 169
168 166
169 167
170 167
325 255
4 925
921 920
1006 976
927 922
928 924
4 949
950 945
951 948
952 948
1077 1017
4 684
681 680
681 680
754 727
681 680
4 110
110 108
216 179
107 105
112 108
5 382
380 378
384 380
380 378
382 381
417 407
5 632
630 628
631 628
822 738
631 628
632 627
5 744
748 743
904 832
742 740
743 740
745 740
5 8
6 3
4 3
12 7
8 7
142 104
5 31
35 30
32 29
31 28
173 125
34 30
5 307
307 303
305 303
305 304
461 368
308 305
5 862
863 858
862 860
862 859
993 928
864 861
5 509
510 506
510 506
505 504
507 504
584 547
5 246
245 241
336 290
245 243
244 241
245 244
5 644
644 641
646 643
644 643
644 643
700 697
6 659
660 657
655 654
660 658
660 656
661 657
845 764
6 922
918 917
922 918
921 918
919 918
1003 945
922 917
6 881
882 879
974 910
880 879
879 877
881 876
880 878
6 133
133 130
133 131
132 130
131 128
272 206
132 131
6 685
685 680
685 683
683 681
685 682
834 754
686 681
6 756
753 752
757 753
754 751
757 753
879 844
752 751
6 625
623 622
623 621
625 623
739 645
627 624
625 622
6 72
75 70
69 67
74 69
72 68
68 67
153 109
6 968
968 965
1045 1032
970 967
969 964
970 966
969 964
6 703
704 702
704 699
703 699
853 758
707 702
706 701
7 754
751 750
754 752
907 820
753 752
755 753
753 752
756 751
7 972
974 970
968 967
971 967
970 969
971 969
973 970
1084 990
7 72
72 70
73 69
167 106
72 70
75 71
72 67
72 71
7 977
980 975
973 972
973 972
975 973
977 973
1061 1010
977 973
7 112
111 110
227 135
110 108
112 111
115 111
113 108
114 109
7 405
405 404
406 404
559 481
407 404
407 404
407 404
406 404
7 725
724 721
725 721
864 809
724 723
726 722
728 723
724 721
7 391
391 388
391 387
390 387
518 474
392 387
390 386
391 388
7 909
910 908
1044 1000
910 908
906 905
909 907
908 906
912 908
7 292
292 290
295 290
290 287
292 290
293 291
325 319
290 289
8 421
418 416
420 418
421 420
457 456
420 416
422 418
417 416
419 416
8 144
142 141
144 143
145 142
145 143
144 140
302 220
142 140
141 140
8 703
704 700
700 698
702 700
703 699
703 699
702 701
821 794
703 698
8 590
591 589
744 655
589 586
593 588
591 587
588 586
591 587
589 586
8 874
874 871
874 869
875 873
876 873
877 872
1058 962
874 871
875 872
8 494
494 490
496 492
492 490
492 491
493 492
496 491
496 492
576 543
8 128
128 125
236 210
129 126
128 124
130 125
129 124
130 127
130 126
8 56
57 55
55 51
171 158
57 54
58 53
55 51
59 55
56 54
8 670
672 667
671 667
671 668
669 666
734 716
672 668
672 667
671 666
8 598
599 594
599 596
755 689
597 593
596 594
598 595
598 594
598 596
9 316
315 311
318 315
315 311
314 313
313 312
317 312
316 315
317 315
441 401
9 507
507 506
507 505
507 502
686 598
506 504
503 502
503 502
510 505
504 503
9 726
728 725
727 724
724 723
728 724
724 721
861 826
726 722
725 723
723 721
9 899
899 896
1075 996
898 897
900 897
899 898
901 897
897 894
900 897
902 898
9 365
366 362
368 364
369 364
365 360
367 364
368 363
469 417
369 364
365 364
9 845
847 843
950 918
845 842
843 841
842 841
844 840
841 840
845 841
842 841
9 410
410 409
510 433
407 405
411 409
409 405
408 407
407 406
410 407
410 409
9 82
83 80
80 78
82 77
84 79
84 79
82 77
82 77
136 122
84 80
9 753
753 751
754 750
755 750
754 752
870 807
755 751
754 749
752 751
756 752
9 482
481 477
482 480
482 481
627 560
480 477
485 480
479 477
482 481
479 478
10 623
620 618
625 621
622 619
787 707
620 618
620 618
621 619
621 619
623 621
624 619
10 982
981 978
983 981
984 979
979 978
981 978
981 980
982 978
1114 1085
982 977
979 977
10 680
678 676
676 675
682 679
676 675
677 676
679 678
678 677
800 784
681 678
680 679
10 190
189 188
189 185
192 187
192 188
189 187
192 189
192 188
322 282
188 186
192 189
10 196
197 193
199 195
195 193
193 192
196 195
198 195
195 192
298 234
194 193
197 192
10 565
565 564
634 628
563 562
566 562
561 560
565 561
563 560
566 562
567 563
567 562
10 423
427 422
420 418
421 418
423 418
607 520
425 420
421 420
422 421
421 419
421 420
10 696
696 694
694 691
826 786
696 693
697 694
692 691
698 693
695 694
692 691
698 695
10 99
102 98
101 98
101 97
98 94
98 96
100 97
100 96
96 95
256 195
99 94
10 987
987 985
987 986
990 986
983 982
988 986
987 985
991 986
1107 1072
989 986
984 982
11 467
467 462
465 463
471 466
469 465
467 464
463 462
467 464
615 593
467 463
469 464
469 465
11 231
229 228
233 230
231 229
234 229
230 226
344 324
232 229
233 230
232 229
232 228
233 229
11 426
425 422
429 425
428 425
426 421
423 422
423 421
428 424
601 501
427 424
428 425
428 424
11 310
309 306
310 306
452 355
308 307
307 305
308 305
309 306
309 307
309 308
307 306
309 305
11 377
379 376
377 374
375 373
374 373
379 376
377 375
373 372
374 373
459 447
376 373
376 372
11 987
989 986
990 985
1169 1109
987 982
989 986
990 985
987 983
987 982
985 984
986 985
987 983
11 971
971 969
971 966
970 967
972 970
974 969
971 966
974 970
1187 1097
970 969
971 970
972 967
11 751
751 746
752 750
750 749
753 749
753 748
750 747
752 750
748 747
956 867
748 747
749 747
11 895
897 892
895 890
896 893
1035 980
897 893
892 891
897 893
892 890
896 891
896 893
896 894
11 308
306 303
310 306
307 306
310 307
438 383
310 307
308 304
308 304
311 307
305 304
309 305
12 619
618 614
730 668
621 618
621 616
622 618
619 616
618 614
617 615
618 616
619 618
617 616
620 618
12 762
762 759
763 758
762 759
880 841
760 757
762 757
763 760
759 758
762 759
764 761
761 760
761 758
12 501
497 496
499 496
502 497
500 496
626 597
503 500
500 497
500 499
504 500
503 499
502 498
499 498
12 960
959 957
960 957
959 956
962 957
959 956
961 956
959 955
960 959
958 955
1062 1017
958 955
960 959
12 987
987 985
987 983
986 985
989 985
986 983
989 985
1123 1115
986 984
991 986
989 984
989 986
990 986
12 20
21 16
18 17
21 16
22 18
17 15
20 15
17 15
247 153
22 18
22 18
16 15
21 16
12 113
113 108
109 108
112 110
113 112
117 112
111 109
113 108
112 108
111 110
112 108
288 188
115 111
12 713
716 711
715 711
711 709
711 709
715 710
716 711
910 813
714 710
711 709
713 711
715 712
709 708
12 811
808 807
814 810
1009 946
812 810
810 806
810 806
811 806
813 808
810 806
811 807
812 809
812 809
12 866
867 862
868 863
863 861
910 907
868 864
868 863
867 864
864 862
866 861
863 862
869 864
864 863
13 190
188 187
190 188
194 189
187 186
190 188
189 187
192 188
188 185
192 187
193 189
308 302
189 186
192 189
13 820
820 819
822 819
889 879
819 818
817 816
823 819
823 818
821 818
820 816
818 816
817 816
824 819
822 818
13 308
308 306
439 343
308 303
308 306
309 304
308 305
309 305
308 305
306 305
308 306
308 305
308 307
310 307
13 8
4 3
10 7
8 6
9 7
9 7
8 7
160 136
6 3
10 6
11 7
8 6
8 6
6 4
13 418
419 417
419 415
415 413
627 539
419 415
414 413
419 417
420 417
418 414
418 414
419 417
419 417
420 415
13 213
212 208
217 212
214 212
351 340
216 212
213 210
213 210
213 209
216 212
210 209
213 208
212 208
212 208
13 948
951 946
949 944
949 945
948 946
1154 1079
948 947
946 944
948 945
946 945
944 943
948 946
947 943
949 944
13 948
948 947
949 944
946 943
951 947
948 947
948 947
1092 1037
945 944
948 945
949 944
947 945
945 943
949 947
13 526
526 523
697 635
527 524
528 523
524 523
529 524
527 525
528 523
524 523
525 524
529 525
526 521
523 522
13 303
305 301
301 299
300 298
304 301
304 302
301 300
304 301
301 299
302 300
299 298
306 301
478 418
305 301
14 54
53 49
122 109
51 50
53 52
53 50
52 50
52 50
54 50
56 51
56 53
53 51
51 49
52 49
53 49
14 252
250 247
252 248
406 320
252 247
252 249
252 249
253 248
249 247
253 248
252 248
250 248
254 251
252 251
248 247
14 830
831 827
829 828
833 829
827 826
827 825
833 829
833 828
828 825
960 955
829 828
831 828
830 827
829 826
829 827
14 142
141 138
145 140
142 141
144 139
142 141
144 140
141 137
144 140
142 138
139 137
291 244
142 141
140 139
141 140
14 300
301 298
303 299
459 433
300 299
302 299
302 299
299 295
299 295
299 298
301 298
300 297
298 295
299 296
304 299
14 768
767 763
767 765
770 767
766 765
772 767
768 767
765 764
771 767
968 897
769 764
766 763
769 765
767 764
769 764
14 61
62 58
60 57
57 56
60 57
60 58
60 56
60 58
62 57
62 57
65 60
210 113
61 56
62 57
62 60
14 654
653 652
656 653
654 653
655 650
734 706
654 652
652 651
656 652
657 653
650 649
655 650
654 650
657 652
657 653
14 524
522 520
613 564
520 519
524 520
525 523
523 521
524 522
527 523
525 520
523 519
524 521
527 523
524 522
523 520
14 465
465 464
662 595
466 463
465 463
461 460
465 460
466 464
462 460
468 463
465 462
467 462
463 461
467 464
466 461
0 0
