998 1004
1006 1006
1004 993
1003 1003
1
998 1004
1006 1006
1004 993
1000 1003
1
998 1004
1006 1006
1004 993
1001 1001
1
998 1004
1006 1006
1004 993
1003 997
1
998 1004
1006 1006
1004 993
1003 1002
2
998 1004
1006 1006
1004 993
1000 1000
60
998 1004
1006 1006
1004 993
1001 1001
10
998 1004
1006 1006
1004 993
1020 1020
50
998 1004
1006 1006
1004 993
1040 1000
60
998 1004
1006 1006
1004 993
1006 1006
14
998 1004
1006 1006
1004 993
1005 998
1
998 1004
1006 1006
1004 993
1007 1006
1
998 1004
1006 1006
1004 993
1003 999
3
998 1004
1006 1006
1004 993
1001 1002
2
998 1004
1006 1006
1004 993
1002 1006
1
998 1004
1006 1006
1004 993
1007 1003
1
998 1004
1006 1006
1004 993
1060 1001
50
998 1004
1006 1006
1004 993
1050 1050
30
998 1004
1006 1006
1004 993
999 997
1
998 1004
1006 1006
1004 993
1005 991
1
995 1005
1010 1005
995 990
1000 1000
2
1005 1010
990 995
1005 995
1000 1000
2
1003 1004
1003 997
989 997
1000 1000
2
1007 997
993 997
1000 1004
1000 1000
2
900 1100
1005 1080
1005 920
1000 1000
2
1001 1001
999 1001
999 999
1000 1000
2
1001 1001
1001 999
999 999
1000 1000
2
999 1001
1000 1000
999 999
1000 1000
2
1001 1001
1001 999
1000 1000
1000 1000
2
1001 999
999 999
1000 1001
1000 1000
2
1000 1001
1002 1003
1000 1003
1000 1000
2
1000 1001
1000 1005
997 1005
1000 1000
2
1003 999
997 1002
997 999
1000 1000
2
999 998
1000 1005
1003 999
1000 1000
2
1001 1005
1001 992
1007 1007
1000 1000
2
1000 993
1000 991
1002 991
1000 1000
2
998 993
998 991
1000 991
1000 1000
2
1004 996
1007 996
1007 993
1000 1000
2
1000 1007
1001 1010
999 1010
1000 1000
2
996 1004
993 1004
993 1012
1000 1000
2
1002 1020
1007 1010
980 1010
986 1011
1
1002 1020
1007 1010
980 1010
985 1011
1
1002 1020
1007 1010
980 1010
1001 1018
1
1000 1000
1004 1000
1002 1005
1002 1001
1
1000 1000
1004 1000
1002 1005
1002 1002
1
995 1000
1000 1000
1023 1023
998 1001
1
1002 994
1007 1010
980 1010
999 1003
5
1002 994
1007 1010
980 1010
999 1005
5
1002 994
1007 1010
980 1010
1001 1002
2
1002 994
1007 1010
980 1010
1001 1003
2
1002 994
1007 1010
980 1010
1001 1004
2
1002 994
1007 1010
980 1010
1001 1005
2
1002 994
1007 1010
980 1010
1001 1006
2
1002 994
1007 1010
980 1010
1001 1007
2
1002 994
1007 1010
980 1010
1001 1008
2
1001 1001
1002 1001
1004 1004
1000 1000
10
1000 1010
1000 1000
990 1000
1000 1000
10
1000 1000
1010 1000
1000 990
1000 1000
10
1000 1000
992 994
992 1000
1000 1000
10
1006 1000
1006 1008
1000 1000
1000 1000
10
1003 1002
1005 1006
1002 1001
1000 1000
10
1003 998
997 1001
1003 1005
1000 1000
10
993 1000
1001 1008
1003 1003
1000 1000
10
992 998
997 1002
1004 1004
1000 1000
10
997 1008
1007 997
1000 994
1000 1000
10
1008 1006
1008 994
992 1000
1000 1000
10
992 1006
1008 994
992 1000
1000 1000
10
1008 1006
1000 1010
997 996
1000 1000
10
1008 1006
1000 1010
1000 990
1000 1000
10
1008 1006
1000 1010
1010 1000
1000 1000
10
1000 1000
997 1032
1001 1016
1000 1000
10
1000 1000
997 1032
1001 1016
1004 1015
4
1000 1000
997 1032
1001 1016
1005 1016
4
1008 1000
1008 1006
1000 1000
1008 1000
2
1008 1000
1008 1006
1000 1000
1008 1006
2
1008 1000
1008 1006
1000 1000
1000 1000
2
1008 1000
1008 1006
1000 1000
1008 998
2
1008 1000
1008 1006
1000 1000
1008 1008
2
1008 1000
1008 1006
1000 1000
1000 998
2
1008 1000
1008 1006
1000 1000
1001 998
2
1018 1009
994 1006
997 998
1004 1004
5
1018 1009
994 1006
997 998
1008 1004
4
1018 1009
994 1006
997 998
1012 1006
5
1018 1009
994 1006
997 998
1008 1010
4
1018 1009
994 1006
997 998
1012 1013
5
1000 1000
960 1040
975 1020
1005 997
1
1000 1000
1002 1002
1003 1004
970 1000
15
1000 1000
1023 1020
1030 1004
970 1000
11
1000 1000
1002 1040
999 1008
1004 1004
3
1000 1000
1002 1040
999 1008
1003 1044
3
1000 1000
1002 1040
999 1008
980 1008
3
997 1004
997 1021
1004 982
1004 1004
2
997 1004
997 1021
1004 982
995 995
2
997 1004
997 1021
1004 982
995 1015
1
997 1004
997 1021
1004 982
960 1040
1
1008 1000
1008 1006
1000 1000
1010 1000
1
1008 1000
1008 1006
1000 1000
1000 1010
1
1008 1000
1008 1006
1000 1000
1008 1010
1
1008 1000
1008 1006
1000 1000
992 1000
1
1008 1000
1008 1006
1000 1000
1004 1005
1
0 0
