6
Blizid
0 0
60 0
60 60
0 60
0 50
50 50
50 10
0 10
-1
Blizid
0 10
10 10
10 50
0 50
-1
Windom
10 10
50 10
40 20
20 20
20 40
10 50
-1
Accent
50 10
50 50
35 50
35 26
-1
Pilot
35 25
35 50
10 50
-1
Blizid
20 20
40 20
20 40
-1
6
Blizid
0 0
60 0
60 60
0 60
0 50
50 50
50 10
0 10
-1
Blizid
0 10
10 10
10 50
0 50
-1
Windom
10 10
50 10
40 20
20 20
20 40
10 50
-1
Accent
50 10
50 50
35 50
35 25
-1
Pilot
35 25
35 50
10 50
-1
Blizid
20 20
40 20
20 40
-1
6
Blizid
0 0
60 0
60 60
0 60
0 50
50 50
50 10
0 10
-1
Blizid
0 10
10 10
10 50
0 50
-1
Windom
10 10
50 10
40 20
20 20
20 40
10 50
-1
Accent
50 10
50 50
35 50
35 26
-1
Pilot
35 26
35 50
10 50
-1
ABCDEABCDEABCDEABCDE
20 20
40 20
20 40
-1
4
A1234567890123456789
0 0
0 100
100 100
100 0
-1
B1234567890123456789
100 100
100 200
200 200
200 100
-1
C1234567890123456789
0 100
100 100
100 200
0 200
-1
D123456789012345678
100 0
100 100
200 100
200 0
-1
4
A1234567890123456789
0 0
0 100
101 100
100 0
-1
B1234567890123456789
100 100
100 200
200 200
200 100
-1
C1234567890123456789
0 100
100 100
100 200
0 200
-1
D123456789012345678
100 0
101 100
200 100
200 0
-1
68
C1
126 1
208 1
208 0
126 0
-1
C1
208 1
236 1
236 0
208 0
-1
C8
236 1
278 1
278 0
236 0
-1
C5
278 1
280 1
280 0
278 0
-1
C8
280 1
419 1
419 0
280 0
-1
C9
419 1
769 1
769 23
812 23
812 41
769 41
769 44
875 44
875 0
419 0
-1
C5
894 44
973 44
973 0
894 0
-1
C0
26 2
99 2
99 1
26 1
-1
C8
99 2
373 2
373 1
99 1
-1
C4
373 149
513 149
513 1
373 1
-1
C5
513 149
673 149
673 1
513 1
-1
C7
673 149
769 149
769 1
673 1
-1
C1
973 44
991 44
991 346
989 346
989 388
996 388
996 496
997 496
997 1
973 1
-1
C3
15 23
127 23
127 22
210 22
210 23
373 23
373 2
15 2
-1
C0
884 44
894 44
894 3
884 3
-1
C3
875 14
884 14
884 4
875 4
-1
C0
10 12
15 12
15 5
10 5
-1
C4
3 23
15 23
15 12
3 12
-1
C2
875 40
884 40
884 14
875 14
-1
C8
127 149
210 149
210 22
127 22
-1
C0
2 240
31 240
31 241
126 241
126 149
127 149
127 23
2 23
-1
C9
769 41
812 41
812 23
769 23
-1
C1
0 136
2 136
2 34
0 34
-1
C5
875 44
884 44
884 40
875 40
-1
C6
769 149
772 149
772 346
991 346
991 44
769 44
-1
C9
0 485
2 485
2 136
0 136
-1
C0
126 356
772 356
772 149
126 149
-1
C0
2 890
31 890
31 240
2 240
-1
C6
31 486
245 486
245 356
126 356
126 241
31 241
-1
C7
772 356
738 356
738 412
691 412
691 904
808 904
808 346
772 346
-1
C6
808 661
874 661
874 346
808 346
-1
C9
874 388
920 388
920 346
874 346
-1
C5
920 388
986 388
986 346
920 346
-1
C7
986 388
989 388
989 346
986 346
-1
C0
245 589
463 589
463 594
607 594
607 356
245 356
-1
C0
607 412
738 412
738 356
607 356
-1
C3
874 739
996 739
996 388
874 388
-1
C8
607 547
676 547
676 412
607 412
-1
C1
676 418
691 418
691 412
676 412
-1
C0
676 486
691 486
691 418
676 418
-1
C2
0 781
2 781
2 485
0 485
-1
C3
31 876
68 876
68 486
31 486
-1
C4
68 591
137 591
137 590
148 590
148 589
245 589
245 486
68 486
-1
C5
676 547
679 547
679 689
691 689
691 486
676 486
-1
C3
607 594
597 594
597 963
679 963
679 547
607 547
-1
C2
148 692
463 692
463 589
148 589
-1
C6
137 655
148 655
148 590
137 590
-1
C4
68 847
404 847
404 692
148 692
148 655
137 655
137 591
68 591
-1
C1
514 634
597 634
597 594
514 594
-1
C4
996 739
993 739
993 838
997 838
997 628
996 628
-1
C5
463 692
404 692
404 849
507 849
507 655
463 655
-1
C6
808 689
835 689
835 661
808 661
-1
C0
838 689
857 689
857 661
838 661
-1
C1
570 956
597 956
597 689
570 689
-1
C5
990 899
993 899
993 739
990 739
-1
C3
0 979
260 979
260 847
68 847
68 857
107 857
107 903
68 903
68 876
31 876
31 890
2 890
2 781
0 781
-1
C1
260 866
286 866
286 847
260 847
-1
C4
286 909
377 909
377 847
286 847
-1
C2
377 981
591 981
591 956
570 956
570 890
445 890
445 856
428 856
428 849
404 849
404 847
377 847
-1
C8
507 849
428 849
428 856
570 856
570 847
507 847
-1
C4
445 890
570 890
570 856
445 856
-1
C1
68 903
107 903
107 857
68 857
-1
C7
260 896
286 896
286 866
260 866
-1
C2
260 979
0 979
0 999
448 999
448 981
377 981
377 909
286 909
286 896
260 896
-1
C4
591 971
607 971
607 963
597 963
597 956
591 956
-1
C6
679 963
607 963
607 971
594 971
594 978
812 978
812 956
679 956
-1
C6
812 958
851 958
851 956
812 956
-1
C2
812 964
831 964
831 958
812 958
-1
99
C8
764 298
882 298
882 1
764 1
-1
C2
325 13
407 13
407 2
325 2
-1
C3
22 223
43 223
43 243
239 243
239 3
22 3
-1
C8
585 13
717 13
717 48
764 48
764 3
585 3
-1
C3
430 5
438 5
438 4
430 4
-1
C3
407 13
585 13
585 5
407 5
-1
C5
239 103
317 103
317 11
239 11
-1
C0
325 174
356 174
356 173
554 173
554 164
479 164
479 134
427 134
427 13
325 13
-1
C6
427 134
479 134
479 13
427 13
-1
C2
479 66
564 66
564 149
678 149
678 13
479 13
-1
C8
882 48
942 48
942 18
882 18
-1
C6
961 48
975 48
975 21
961 21
-1
C5
942 48
945 48
945 25
942 25
-1
C8
975 48
991 48
991 36
975 36
-1
C9
945 48
961 48
961 38
945 38
-1
C4
6 185
22 185
22 43
6 43
-1
C1
716 243
764 243
764 48
716 48
-1
C4
479 164
564 164
564 66
479 66
-1
C8
239 243
211 243
211 296
359 296
359 266
356 266
356 174
325 174
325 103
239 103
-1
C6
564 164
554 164
554 173
585 173
585 149
564 149
-1
C1
356 266
545 266
545 233
502 233
502 173
356 173
-1
C8
502 233
716 233
716 173
502 173
-1
C7
9 196
21 196
21 185
9 185
-1
C6
8 258
43 258
43 223
8 223
-1
C4
6 464
197 464
197 243
43 243
43 258
8 258
8 226
6 226
-1
C7
545 262
567 262
567 261
623 261
623 233
545 233
-1
C4
623 276
764 276
764 243
716 243
716 233
623 233
-1
C7
197 307
211 307
211 243
197 243
-1
C1
882 298
858 298
858 423
942 423
942 243
882 243
-1
C6
942 346
985 346
985 243
975 243
975 283
961 283
961 243
942 243
-1
C7
567 265
623 265
623 261
567 261
-1
C5
546 276
623 276
623 265
546 265
-1
C1
359 296
427 296
427 266
359 266
-1
C0
498 276
513 276
513 266
498 266
-1
C7
478 282
525 282
525 347
566 347
566 348
778 348
778 298
764 298
764 276
478 276
-1
C4
451 375
525 375
525 282
451 282
-1
C1
211 307
197 307
197 440
237 440
237 369
233 369
233 296
211 296
-1
C6
233 369
237 369
237 368
451 368
451 296
233 296
-1
C3
1 618
22 618
22 464
6 464
6 316
1 316
-1
C5
525 353
566 353
566 347
525 347
-1
C9
566 353
525 353
525 375
501 375
501 408
608 408
608 348
566 348
-1
C0
623 451
654 451
654 348
623 348
-1
C9
237 571
500 571
500 451
501 451
501 375
451 375
451 368
237 368
-1
C7
501 435
546 435
546 408
501 408
-1
C8
863 470
932 470
932 423
863 423
-1
C1
501 451
546 451
546 435
501 435
-1
C3
500 671
698 671
698 451
500 451
-1
C0
200 506
237 506
237 459
200 459
-1
C7
22 586
37 586
37 698
96 698
96 464
22 464
-1
C9
147 521
153 521
153 464
147 464
-1
C9
115 533
134 533
134 467
115 467
-1
C2
863 478
858 478
858 510
794 510
794 669
897 669
897 667
896 667
896 492
897 492
897 470
863 470
-1
C4
897 492
980 492
980 535
987 535
987 470
897 470
-1
C3
719 584
761 584
761 673
719 673
719 717
739 717
739 716
794 716
794 510
789 510
789 478
719 478
-1
C3
789 510
858 510
858 478
789 478
-1
C9
896 667
980 667
980 492
896 492
-1
C5
183 622
360 622
360 635
492 635
492 571
237 571
237 506
183 506
-1
C8
113 549
183 549
183 521
134 521
134 533
115 533
115 521
113 521
-1
C8
102 622
183 622
183 549
102 549
-1
C5
492 635
407 635
407 746
501 746
501 671
500 671
500 571
492 571
-1
C7
718 673
761 673
761 584
718 584
-1
C1
22 698
37 698
37 586
22 586
-1
C1
102 698
260 698
260 708
102 708
102 862
360 862
360 622
102 622
-1
C0
96 698
102 698
102 629
96 629
-1
C7
897 669
794 669
794 716
804 716
804 717
853 717
853 718
918 718
918 750
853 750
853 871
942 871
942 667
897 667
-1
C6
942 785
956 785
956 667
942 667
-1
C8
698 671
631 671
631 717
706 717
706 669
698 669
-1
C1
3 708
260 708
260 698
3 698
-1
C1
501 746
464 746
464 777
540 777
540 713
501 713
-1
C8
540 777
546 777
546 713
540 713
-1
C8
739 839
804 839
804 716
739 716
-1
C6
628 930
853 930
853 717
804 717
804 839
739 839
739 717
628 717
-1
C4
853 750
918 750
918 718
853 718
-1
C8
968 866
971 866
971 729
968 729
-1
C2
57 870
86 870
86 732
57 732
-1
C2
408 755
360 755
360 777
439 777
439 746
408 746
-1
C5
439 777
464 777
464 746
439 746
-1
C3
627 777
628 777
628 763
627 763
-1
C5
360 794
628 794
628 777
360 777
-1
C7
4 847
11 847
11 794
4 794
-1
C7
515 795
540 795
540 794
515 794
-1
C9
563 849
628 849
628 794
563 794
-1
C3
480 822
510 822
510 920
628 920
628 849
563 849
563 795
480 795
-1
C5
477 950
510 950
510 822
477 822
-1
C3
318 867
301 867
301 910
327 910
327 862
318 862
-1
C9
36 955
134 955
134 867
102 867
102 863
86 863
86 870
57 870
57 863
36 863
-1
C0
187 952
301 952
301 866
187 866
-1
C3
468 940
475 940
475 866
468 866
-1
C7
476 887
477 887
477 878
476 878
-1
C4
853 930
851 930
851 951
894 951
894 886
853 886
-1
C0
894 932
925 932
925 902
894 902
-1
C5
510 950
506 950
506 964
515 964
515 920
510 920
-1
C1
973 972
988 972
988 927
973 927
-1
C1
735 946
790 946
790 930
735 930
-1
C6
820 944
851 944
851 930
820 930
-1
C4
845 965
902 965
902 951
845 951
-1
C6
1 958
242 958
242 955
1 955
-1
C4
824 964
845 964
845 957
824 957
-1
C1
288 987
507 987
507 967
288 967
-1
94
C1
227 2
341 2
341 15
383 15
383 221
557 221
557 220
587 220
587 162
588 162
588 0
227 0
-1
C3
227 233
341 233
341 2
227 2
-1
C1
102 15
145 15
145 14
165 14
165 15
177 15
177 14
227 14
227 6
102 6
-1
C2
824 12
855 12
855 42
897 42
897 46
855 46
855 54
981 54
981 6
824 6
-1
C5
628 12
796 12
796 9
628 9
-1
C0
596 66
776 66
776 135
596 135
596 162
740 162
740 363
855 363
855 12
596 12
-1
C2
588 29
596 29
596 13
588 13
-1
C5
145 128
165 128
165 14
145 14
-1
C5
177 204
227 204
227 14
177 14
-1
C3
4 140
78 140
78 204
177 204
177 15
165 15
165 128
145 128
145 15
4 15
-1
C4
588 101
595 101
595 66
596 66
596 29
588 29
-1
C5
855 46
897 46
897 42
855 42
-1
C3
885 72
899 72
899 170
928 170
928 174
971 174
971 54
885 54
-1
C2
971 239
973 239
973 54
971 54
-1
C4
595 135
776 135
776 66
595 66
-1
C0
875 170
899 170
899 72
875 72
-1
C4
1 99
4 99
4 77
1 77
-1
C2
588 162
596 162
596 135
595 135
595 101
588 101
-1
C3
2 245
3 245
3 140
4 140
4 103
2 103
-1
C4
3 303
77 303
77 204
78 204
78 140
3 140
-1
C0
858 170
875 170
875 144
858 144
-1
C1
587 220
589 220
589 162
587 162
-1
C2
589 366
740 366
740 162
589 162
-1
C4
858 454
928 454
928 170
858 170
-1
C4
855 363
851 363
851 459
978 459
978 174
973 174
973 239
971 239
971 174
928 174
928 454
858 454
858 174
855 174
-1
C2
77 580
284 580
284 233
227 233
227 204
77 204
-1
C0
557 411
788 411
788 363
740 363
740 366
589 366
589 220
557 220
-1
C0
383 259
544 259
544 221
383 221
-1
C3
544 252
557 252
557 221
544 221
-1
C0
544 259
557 259
557 252
544 252
-1
C1
307 323
284 323
284 377
359 377
359 259
307 259
-1
C2
359 483
524 483
524 482
556 482
556 411
557 411
557 259
541 259
541 319
392 319
392 259
359 259
-1
C5
392 319
541 319
541 259
392 259
-1
C5
35 367
77 367
77 303
35 303
-1
C1
978 459
962 459
962 499
985 499
985 335
978 335
-1
C0
788 411
802 411
802 363
788 363
-1
C0
802 411
837 411
837 433
851 433
851 363
802 363
-1
C2
17 385
77 385
77 367
17 367
-1
C2
2 393
21 393
21 385
17 385
17 377
2 377
-1
C3
295 386
359 386
359 377
295 377
-1
C3
21 636
238 636
238 580
77 580
77 385
21 385
-1
C4
284 580
238 580
238 584
509 584
509 483
371 483
371 567
359 567
359 386
284 386
-1
C2
2 503
21 503
21 393
2 393
-1
C2
556 774
837 774
837 411
556 411
-1
C0
837 457
851 457
851 433
837 433
-1
C1
524 605
556 605
556 482
524 482
-1
C2
359 567
371 567
371 483
359 483
-1
C3
837 575
879 575
879 499
837 499
-1
C4
879 575
923 575
923 499
879 499
-1
C2
509 584
469 584
469 635
417 635
417 584
380 584
380 685
556 685
556 605
524 605
524 575
509 575
-1
C1
837 615
869 615
869 575
837 575
-1
C5
869 896
881 896
881 575
869 575
-1
C4
355 596
238 596
238 628
380 628
380 584
355 584
-1
C2
417 635
469 635
469 584
417 584
-1
C3
6 663
32 663
32 636
21 636
21 596
6 596
-1
C0
238 636
123 636
123 667
238 667
238 666
302 666
302 765
301 765
301 797
316 797
316 831
357 831
357 841
316 841
316 858
274 858
274 865
373 865
373 628
238 628
-1
C0
373 865
480 865
480 882
373 882
373 885
547 885
547 834
548 834
548 803
399 803
399 789
384 789
384 685
380 685
380 628
373 628
-1
C4
32 663
22 663
22 667
123 667
123 636
32 636
-1
C2
238 672
239 672
239 746
238 746
238 765
302 765
302 666
238 666
-1
C4
22 673
85 673
85 672
238 672
238 667
22 667
-1
C1
85 746
239 746
239 672
85 672
-1
C5
8 940
190 940
190 746
85 746
85 673
8 673
-1
C0
384 789
399 789
399 685
384 685
-1
C5
399 803
605 803
605 774
556 774
556 685
399 685
-1
C0
3 748
8 748
8 696
3 696
-1
C4
190 889
255 889
255 769
190 769
-1
C4
837 774
734 774
734 803
679 803
679 999
919 999
919 770
881 770
881 896
869 896
869 770
837 770
-1
C0
919 786
998 786
998 770
919 770
-1
C2
661 803
734 803
734 774
661 774
-1
C0
605 803
590 803
590 831
670 831
670 803
661 803
661 789
605 789
-1
C2
255 858
316 858
316 797
255 797
-1
C2
952 809
966 809
966 800
952 800
-1
C4
548 831
570 831
570 803
548 803
-1
C4
570 831
590 831
590 803
570 803
-1
C1
670 831
678 831
678 834
679 834
679 803
670 803
-1
C0
919 886
932 886
932 807
919 807
-1
C5
991 830
1000 830
1000 826
991 826
-1
C3
316 841
357 841
357 831
316 831
-1
C5
548 834
678 834
678 831
548 831
-1
C1
547 902
679 902
679 834
547 834
-1
C3
255 880
274 880
274 858
255 858
-1
C2
274 880
255 880
255 882
480 882
480 865
274 865
-1
C1
937 963
975 963
975 868
937 868
-1
C0
270 912
391 912
391 887
270 887
-1
C5
190 940
109 940
109 978
328 978
328 913
190 913
-1
C4
334 964
570 964
570 914
334 914
-1
C3
919 957
937 957
937 925
919 925
-1
C3
328 950
329 950
329 978
353 978
353 964
334 964
334 935
328 935
-1
C0
605 960
648 960
648 942
605 942
-1
C4
106 990
329 990
329 950
328 950
328 978
241 978
241 985
229 985
229 978
109 978
109 950
106 950
-1
C4
570 964
474 964
474 965
644 965
644 960
605 960
605 951
570 951
-1
C4
418 978
647 978
647 965
418 965
-1
C5
229 985
241 985
241 978
229 978
-1
C5
24 995
365 995
365 993
24 993
-1
30
A
0 1
0 2
1 2
1 1
-1
B
1 1
1 2
2 2
2 1
-1
C
2 1
2 2
3 2
3 1
-1
D
3 1
3 2
4 2
4 1
-1
E
4 1
4 2
5 2
5 1
-1
A
5 1
5 2
6 2
6 1
-1
B
6 1
6 2
7 2
7 1
-1
C
7 1
7 2
8 2
8 1
-1
D
8 1
8 2
9 2
9 1
-1
E
9 1
9 2
10 2
10 1
-1
A
10 1
10 2
11 2
11 1
-1
B
11 1
11 2
12 2
12 1
-1
C
12 1
12 2
13 2
13 1
-1
D
13 1
13 2
14 2
14 1
-1
E
14 1
14 2
15 2
15 1
-1
A
15 1
15 2
16 2
16 1
-1
B
16 1
16 2
17 2
17 1
-1
C
17 1
17 2
18 2
18 1
-1
D
18 1
18 2
19 2
19 1
-1
E
19 1
19 2
20 2
20 1
-1
a
20 1
20 2
21 2
21 1
-1
b
21 1
21 2
22 2
22 1
-1
c
22 1
22 2
23 2
23 1
-1
d
23 1
23 2
24 2
24 1
-1
e
24 1
24 2
25 2
26 2
26 1
-1
A
26 1
26 2
27 2
27 1
-1
a
24 2
24 4
28 4
28 1
27 1
27 2
27 3
25 3
25 2
-1
b
24 0
24 1
26 1
27 1
28 1
28 0
-1
c
25 2
25 3
27 3
27 2
26 2
-1
c
28 0
28 1
29 1
29 0
-1
100
C5
974 1000
1000 834
1000 1000
-1
C6
1000 2
368 3
52 0
1000 0
-1
C3
0 638
250 477
0 666
-1
C3
0 887
66 1000
0 1000
-1
C1
500 118
750 147
500 250
-1
C9
250 477
0 638
0 531
500 288
-1
C2
252 1000
1000 104
1000 407
254 1000
-1
C5
1000 411
775 707
550 1000
254 1000
1000 407
-1
C7
1000 421
775 707
1000 414
-1
C0
0 669
47 837
0 674
-1
C5
0 871
67 1000
66 1000
0 887
-1
C8
0 72
500 72
0 101
-1
C3
1000 514
915 1000
849 1000
1000 431
-1
C9
775 707
1000 411
1000 414
-1
C9
0 795
21 853
0 804
-1
C6
0 32
500 28
1000 25
1000 26
0 33
-1
C3
959 897
954 1000
918 1000
-1
C8
170 1000
239 920
356 790
172 1000
-1
C7
0 869
68 1000
67 1000
0 871
-1
C5
1000 10
9 0
52 0
1000 9
-1
C6
0 864
14 892
0 865
-1
C2
0 813
83 1000
79 1000
0 836
-1
C5
368 3
1000 2
1000 9
-1
C6
83 1000
0 813
0 804
84 1000
-1
C6
0 67
396 72
0 72
-1
C1
56 973
0 866
0 865
-1
C4
665 1000
1000 428
1000 431
849 1000
-1
C6
0 776
93 1000
85 1000
0 781
-1
C2
81 993
0 782
0 781
85 1000
84 1000
-1
C4
76 1000
0 837
0 836
79 1000
-1
C6
1000 813
962 1000
954 1000
959 897
1000 794
-1
C6
0 843
71 1000
70 1000
56 973
0 844
-1
C7
0 305
500 92
500 288
0 531
-1
C3
212 28
99 29
198 28
-1
C1
0 16
500 13
1000 23
1000 24
0 27
-1
C7
554 1000
786 711
572 1000
-1
C6
500 28
0 28
0 27
1000 24
1000 25
-1
C6
500 250
1000 44
1000 45
500 288
-1
C1
1000 46
194 944
143 1000
95 1000
250 477
500 288
1000 45
-1
C3
320 825
318 825
476 650
-1
C6
50 946
0 840
0 838
-1
C8
47 837
0 669
0 666
250 477
95 1000
94 1000
-1
C9
500 28
0 32
0 31
-1
C9
42 946
0 863
0 844
56 973
-1
C6
165 1000
188 975
166 1000
-1
C9
127 28
99 29
0 30
0 28
-1
C7
71 1000
0 843
0 842
72 1000
-1
C8
63 951
0 791
0 790
69 965
-1
C2
0 792
57 937
45 909
0 793
-1
C6
179 1000
252 965
246 1000
-1
C9
959 897
1000 531
1000 794
-1
C5
500 79
0 176
0 101
500 72
-1
C8
36 921
74 1000
72 1000
-1
C1
540 580
298 850
320 825
632 475
-1
C1
816 265
449 664
908 160
-1
C7
188 975
165 1000
164 1000
320 825
-1
C2
0 791
63 951
57 937
0 792
-1
C5
151 1000
318 825
160 1000
-1
C7
962 1000
1000 813
1000 834
974 1000
-1
C6
28 919
2 868
0 864
0 863
42 946
-1
C8
0 784
75 979
69 965
0 790
-1
C3
448 685
419 715
540 580
-1
C7
750 147
500 118
500 72
1000 43
1000 44
-1
C6
0 782
81 993
78 986
0 783
-1
C3
99 29
212 28
500 28
0 31
0 30
-1
C4
644 1000
1000 427
1000 428
665 1000
-1
C0
99 29
127 28
198 28
-1
C5
808 713
641 1000
616 1000
-1
C6
641 1000
808 713
1000 426
1000 427
644 1000
-1
C5
239 920
170 1000
167 1000
-1
C6
808 713
1000 425
1000 426
-1
C2
2 868
28 919
14 892
-1
C3
550 14
1000 18
1000 23
-1
C6
597 1000
864 629
808 713
616 1000
-1
C1
194 944
1000 46
1000 55
908 160
-1
C5
0 837
76 1000
75 1000
0 838
-1
C6
922 542
1000 424
1000 425
-1
C7
93 1000
0 776
0 674
94 1000
-1
C8
300 9
0 6
0 3
-1
C0
69 1000
0 868
0 866
56 973
70 1000
-1
C5
75 979
0 784
0 783
78 986
-1
C5
0 868
69 1000
68 1000
0 869
-1
C0
0 176
500 79
500 92
0 305
-1
C9
572 1000
1000 422
1000 423
596 1000
-1
C1
396 72
0 67
0 33
1000 26
1000 43
500 72
-1
C9
318 825
320 825
164 1000
160 1000
-1
C8
252 965
179 1000
172 1000
264 895
-1
C5
915 1000
1000 514
1000 531
959 897
918 1000
-1
C4
318 825
151 1000
147 1000
724 370
632 475
476 650
-1
C3
900 575
961 483
922 542
-1
C6
0 840
50 946
75 1000
74 1000
36 921
0 842
-1
C6
961 483
900 575
864 629
597 1000
596 1000
1000 423
1000 424
-1
C1
21 853
0 795
0 793
45 909
-1
C7
449 664
816 265
724 370
147 1000
143 1000
-1
C5
786 711
554 1000
550 1000
775 707
1000 421
1000 422
-1
C3
0 8
400 11
500 13
0 16
-1
C0
1000 104
252 1000
246 1000
264 895
1000 55
-1
C0
9 0
1000 10
1000 18
550 14
0 3
0 0
-1
C1
419 715
448 685
356 790
167 1000
166 1000
298 850
-1
C5
400 11
0 8
0 6
300 9
-1
100
C3
75 51
75 66
50 42
-1
C7
6 0
0 1
0 0
-1
C2
61 3
55 4
58 2
64 1
64 2
-1
C0
92 100
100 99
100 100
-1
C6
13 1
24 0
26 0
-1
C5
100 91
75 66
100 90
-1
C5
75 66
100 91
100 92
25 33
50 42
-1
C6
24 0
13 1
0 2
0 1
6 0
-1
C0
0 6
22 25
25 33
0 24
-1
C1
0 99
45 100
0 100
-1
C0
100 48
99 0
100 0
-1
C6
16 9
0 4
0 2
13 1
-1
C5
0 32
36 69
0 38
-1
C4
66 100
34 89
68 100
-1
C3
100 61
75 52
75 51
100 60
-1
C6
45 100
0 99
0 98
61 100
-1
C6
88 99
85 98
96 96
92 98
-1
C1
0 5
19 17
22 25
0 6
-1
C5
19 17
0 5
0 4
16 9
-1
C7
100 76
95 75
85 69
100 75
-1
C5
80 57
81 58
75 56
75 55
-1
C6
87 100
100 98
100 99
92 100
-1
C0
0 76
35 81
70 100
68 100
0 78
-1
C0
21 71
10 64
14 66
-1
C2
73 0
67 1
70 0
-1
C7
87 60
85 59
90 61
-1
C5
0 39
36 69
72 100
71 100
0 40
-1
C7
100 64
95 61
100 63
-1
C1
96 97
100 95
100 96
-1
C6
0 51
7 61
0 56
-1
C4
14 66
0 41
0 40
71 100
70 100
35 81
-1
C3
66 0
64 1
64 0
-1
C2
0 58
12 65
0 59
-1
C4
94 97
97 96
98 96
96 97
92 98
-1
C1
85 59
87 60
81 58
80 57
-1
C3
36 69
0 32
0 24
25 33
100 92
100 93
73 100
72 100
-1
C4
7 61
0 51
0 41
14 66
-1
C7
4 61
0 60
0 59
-1
C7
92 98
90 99
85 100
84 100
-1
C3
86 100
90 99
100 97
100 98
87 100
-1
C4
95 61
100 62
100 63
-1
C5
85 57
75 54
75 53
-1
C2
67 1
69 0
70 0
-1
C1
98 95
85 98
74 100
73 100
100 93
100 94
-1
C5
27 0
52 3
16 9
13 1
26 0
-1
C0
28 76
8 63
10 64
21 71
-1
C0
7 61
0 57
0 56
-1
C4
90 99
86 100
85 100
-1
C1
0 57
7 61
14 66
12 65
0 58
-1
C2
95 98
96 97
100 96
100 97
-1
C4
81 58
75 57
75 56
-1
C3
6 62
0 61
0 60
4 61
-1
C2
85 98
88 99
84 100
74 100
-1
C4
96 97
95 98
90 99
92 98
-1
C3
98 95
97 96
96 96
-1
C5
36 69
0 39
0 38
-1
C0
28 14
95 0
96 0
22 25
19 17
-1
C3
75 63
81 61
87 60
90 61
95 63
75 64
-1
C6
69 0
67 1
64 2
64 1
66 0
-1
C0
0 89
31 92
62 100
61 100
0 98
-1
C6
63 100
0 80
0 78
34 89
66 100
-1
C6
100 62
95 61
75 53
75 52
100 61
-1
C1
32 0
44 1
30 0
-1
C7
44 1
28 0
30 0
-1
C3
97 96
98 95
100 94
100 95
98 96
-1
C5
85 98
98 95
96 96
-1
C2
90 59
95 63
75 55
75 54
85 57
-1
C4
95 63
90 59
95 61
100 64
100 65
-1
C0
44 1
32 0
64 0
64 1
58 2
-1
C7
75 60
81 61
75 62
-1
C0
97 96
94 97
96 96
-1
C7
100 75
75 65
75 64
95 63
100 65
-1
C3
58 2
52 6
19 17
16 9
-1
C5
31 92
0 89
0 84
-1
C4
52 3
27 0
28 0
44 1
58 2
-1
C3
0 75
7 77
0 76
-1
C4
97 0
50 42
25 33
22 25
96 0
-1
C5
0 80
63 100
62 100
0 84
-1
C4
81 61
75 63
75 62
-1
C0
8 63
28 76
35 81
0 62
0 61
6 62
-1
C4
43 9
67 5
40 10
-1
C6
81 61
75 60
75 59
84 59
87 60
-1
C5
75 58
83 59
75 59
-1
C1
85 69
100 78
100 90
75 66
75 65
-1
C7
83 59
75 58
75 57
81 58
84 59
-1
C3
55 4
61 3
52 6
-1
C0
0 63
14 72
0 64
-1
C4
58 4
84 0
93 0
52 6
-1
C1
40 10
94 0
95 0
28 14
-1
C2
0 64
28 80
21 79
0 74
-1
C5
14 72
0 63
0 62
35 81
28 80
-1
C2
46 8
49 8
43 9
-1
C5
55 7
47 8
46 8
52 6
93 0
94 0
67 5
-1
C5
47 8
55 7
49 8
-1
C6
7 77
0 75
0 74
21 79
-1
C0
67 1
73 0
74 0
61 3
-1
C1
77 0
71 2
58 4
61 3
74 0
-1
C6
71 2
77 0
84 0
-1
C6
99 0
100 48
100 60
50 42
97 0
-1
C4
95 75
100 76
100 78
-1
100
C8
80 31
79 0
80 0
-1
C4
19 80
14 60
11 40
20 80
-1
C7
3 80
1 79
2 79
4 80
-1
C4
18 80
15 64
19 80
-1
C0
15 64
18 80
17 80
14 60
-1
C1
25 80
26 75
28 70
31 80
-1
C5
32 80
43 40
33 80
-1
C1
6 0
13 25
4 0
-1
C4
42 80
45 77
56 78
63 80
-1
C2
14 60
1 0
2 0
11 40
-1
C4
0 46
2 48
4 53
8 70
0 60
-1
C8
14 80
12 75
16 80
-1
C1
4 65
11 76
13 80
12 80
0 61
0 60
-1
C6
13 25
6 0
7 0
22 50
-1
C4
52 4
51 9
50 12
-1
C2
44 0
42 13
35 10
22 0
-1
C0
3 0
11 40
2 0
-1
C1
22 80
21 72
21 69
23 80
-1
C1
5 10
9 22
6 15
-1
C7
25 60
26 75
24 80
23 80
13 25
22 50
-1
C4
43 40
74 80
73 80
42 44
-1
C3
0 8
3 42
0 31
-1
C5
0 73
1 75
2 79
0 78
-1
C7
47 24
80 36
80 37
46 28
-1
C5
21 72
22 80
21 80
-1
C7
48 59
51 60
56 66
-1
C3
79 80
80 77
80 80
-1
C0
0 33
4 53
0 36
-1
C5
26 75
25 80
24 80
-1
C6
13 80
8 70
12 75
14 80
-1
C4
13 20
13 18
16 26
16 30
-1
C1
37 64
64 73
72 80
71 80
36 68
-1
C8
11 76
4 65
8 70
-1
C8
26 75
25 60
28 70
-1
C0
80 60
77 80
76 80
45 32
46 28
80 37
-1
C7
64 73
46 54
41 48
42 44
73 80
72 80
-1
C7
21 79
19 58
21 69
-1
C8
51 60
48 59
40 52
41 48
-1
C6
46 54
64 73
56 66
-1
C5
74 0
73 15
69 30
58 28
47 24
48 20
65 0
-1
C6
80 33
69 31
69 30
80 32
-1
C5
64 0
56 8
63 0
-1
C5
56 8
64 0
65 0
48 20
49 16
-1
C7
0 2
3 30
0 7
-1
C5
75 80
44 36
45 32
76 80
-1
C3
69 30
69 32
58 28
-1
C4
2 79
0 79
0 78
-1
C7
8 25
17 47
19 58
21 79
21 80
20 80
11 40
-1
C8
56 0
55 2
53 3
54 0
-1
C8
74 80
43 40
44 36
75 80
-1
C8
69 31
80 33
80 36
69 32
-1
C6
28 70
46 28
43 40
32 80
31 80
-1
C4
1 79
3 80
0 80
0 79
-1
C0
80 61
78 80
77 80
80 60
-1
C1
56 8
62 0
63 0
-1
C5
51 9
52 4
53 0
54 0
-1
C3
0 68
1 75
0 71
-1
C6
0 7
6 53
3 42
0 8
-1
C2
52 6
60 0
61 0
51 9
-1
C0
53 3
59 0
60 0
52 6
-1
C5
57 1
58 0
59 0
-1
C1
16 7
17 8
16 12
-1
C2
62 0
56 8
49 16
50 12
51 9
61 0
-1
C5
70 80
61 79
56 78
35 72
36 68
71 80
-1
C1
65 80
61 79
66 80
-1
C4
12 29
8 21
9 22
-1
C8
61 79
65 80
63 80
56 78
-1
C5
9 22
5 10
3 0
4 0
13 25
15 36
-1
C2
78 80
80 61
80 77
79 80
-1
C1
58 0
57 1
55 2
56 0
-1
C0
9 64
0 1
0 0
1 0
14 60
17 80
16 80
12 75
-1
C4
35 10
49 16
48 20
-1
C1
78 0
73 15
77 0
-1
C5
61 79
70 80
66 80
-1
C0
73 15
78 0
79 0
80 31
80 32
69 30
-1
C1
73 15
74 0
77 0
-1
C8
56 78
34 76
35 72
-1
C2
4 53
0 33
0 31
12 75
8 70
-1
C1
48 59
38 60
40 52
-1
C4
14 0
13 18
10 10
7 0
-1
C3
9 22
7 20
6 15
-1
C6
42 13
44 0
53 0
49 16
-1
C0
40 65
47 66
43 66
-1
C8
43 66
56 66
64 73
-1
C2
13 18
13 20
10 10
-1
C3
0 1
9 64
6 53
3 30
0 2
-1
C2
8 21
12 29
15 36
17 47
8 25
7 20
-1
C8
13 18
14 0
16 0
16 26
-1
C3
0 38
2 48
0 43
-1
C8
16 12
19 0
22 0
35 10
25 60
16 30
-1
C0
0 44
1 47
0 46
-1
C0
1 47
0 44
0 43
2 48
-1
C8
46 28
28 70
25 60
35 10
48 20
-1
C5
0 37
1 43
0 38
-1
C0
1 75
0 73
0 71
-1
C5
45 77
42 80
33 80
34 76
-1
C4
1 43
0 37
0 36
4 53
2 48
-1
C5
17 8
16 7
16 0
19 0
-1
C7
1 75
0 68
0 61
12 80
4 80
2 79
-1
C4
47 66
40 65
37 64
38 60
48 59
56 66
-1
10
C1
1 1
1 2
2 2
2 1
-1
C2
3 3
3 4
4 4
4 3
-1
C3
5 5
5 6
6 6
6 5
-1
C4
7 7
7 8
8 8
8 7
-1
C5
9 9
9 10
10 10
10 9
-1
C6
11 11
11 12
12 12
12 11
-1
C7
13 13
13 14
14 14
14 13
-1
C8
15 15
15 16
16 16
16 15
-1
C9
17 17
17 18
18 18
18 17
-1
C10
19 19
19 20
20 20
20 19
-1
35
A0
0 0
0 10
1 10
1 0
-1
A1
1 1
1 2
2 2
2 1
-1
A2
1 2
1 3
2 3
2 2
-1
A3
1 3
1 4
2 4
2 3
-1
A4
1 4
1 5
2 5
2 4
-1
A5
1 5
1 6
2 6
2 5
-1
A6
1 6
1 7
2 7
2 6
-1
A7
1 7
1 8
2 8
2 7
-1
A8
1 8
1 9
2 9
2 8
-1
A9
1 9
1 10
2 10
2 9
-1
A1
2 0
2 10
3 10
3 0
-1
A2
4 0
4 10
5 10
5 0
-1
A3
5 3
5 4
6 4
6 3
-1
A4
5 4
5 5
6 5
6 4
-1
A5
5 5
5 6
6 6
6 5
-1
A6
5 6
5 7
6 7
6 6
-1
A7
5 7
5 8
6 8
6 7
-1
A8
5 8
5 9
6 9
6 8
-1
A9
5 9
5 10
6 10
6 9
-1
A3
6 0
6 10
7 10
7 0
-1
A4
8 0
8 10
9 10
9 0
-1
A5
9 5
9 6
10 6
10 5
-1
A6
9 6
9 7
10 7
10 6
-1
A7
9 7
9 8
10 8
10 7
-1
A8
9 8
9 9
10 9
10 8
-1
A9
9 9
9 10
10 10
10 9
-1
A5
10 0
10 10
11 10
11 0
-1
A6
12 0
12 10
13 10
13 0
-1
A7
13 7
13 8
14 8
14 7
-1
A8
13 8
13 9
14 9
14 8
-1
A9
13 9
13 10
14 10
14 9
-1
A7
14 0
14 10
15 10
15 0
-1
A8
16 0
16 10
17 10
17 0
-1
A9
17 9
17 10
18 10
18 9
-1
A9
18 0
18 10
19 10
19 0
-1
24
C1
47 39
61 39
61 12
47 12
-1
C2
220 73
228 73
228 74
229 74
229 75
236 75
236 12
220 12
-1
C3
114 46
116 46
116 47
117 47
117 49
118 49
118 50
120 50
120 51
121 51
121 53
122 53
122 54
124 54
124 55
125 55
125 57
126 57
126 58
128 58
128 60
129 60
129 61
130 61
130 62
132 62
132 64
133 64
133 65
134 65
134 68
136 68
136 69
137 69
137 70
138 70
138 72
139 72
139 73
141 73
141 76
151 76
151 65
149 65
149 63
148 63
148 62
147 62
147 60
146 60
146 59
144 59
144 58
143 58
143 55
142 55
142 53
140 53
140 52
139 52
139 51
138 51
138 50
137 50
137 48
135 48
135 47
134 47
134 45
132 45
132 44
131 44
131 43
130 43
130 41
129 41
129 40
127 40
127 39
126 39
126 37
125 37
125 36
114 36
-1
C4
28 51
46 51
46 41
47 41
47 39
28 39
-1
C5
47 41
46 41
46 51
60 51
60 39
47 39
-1
C6
60 51
80 51
80 39
60 39
-1
C7
91 44
90 44
90 46
89 46
89 47
88 47
88 49
87 49
87 51
86 51
86 53
85 53
85 56
84 56
84 71
94 71
94 66
95 66
95 62
96 62
96 60
97 60
97 58
98 58
98 57
99 57
99 55
100 55
100 53
101 53
101 40
91 40
-1
C8
46 52
45 52
45 54
44 54
44 55
43 55
43 56
42 56
42 58
41 58
41 59
40 59
40 62
39 62
39 63
37 63
37 64
36 64
36 66
35 66
35 69
34 69
34 70
32 70
32 71
31 71
31 72
42 72
42 73
61 73
61 74
66 74
66 71
65 71
65 70
64 70
64 66
63 66
63 65
61 65
61 51
46 51
-1
C9
104 58
103 58
103 64
102 64
102 69
101 69
101 72
100 72
100 76
98 76
98 81
97 81
97 84
98 84
98 83
102 83
102 84
107 84
107 85
110 85
110 79
111 79
111 76
112 76
112 71
113 71
113 68
114 68
114 56
104 56
-1
C1
31 73
30 73
30 74
29 74
29 76
27 76
27 78
26 78
26 81
25 81
25 83
24 83
24 85
23 85
23 87
22 87
22 88
21 88
21 91
20 91
20 95
19 95
19 97
18 97
18 107
28 107
28 106
29 106
29 105
30 105
30 101
31 101
31 98
32 98
32 96
33 96
33 93
35 93
35 90
36 90
36 88
37 88
37 84
39 84
39 83
40 83
40 81
41 81
41 80
42 80
42 79
44 79
44 76
45 76
45 75
46 75
46 73
42 73
42 72
31 72
-1
C0
47 87
62 87
62 90
64 90
64 92
65 92
65 94
66 94
66 95
67 95
67 97
69 97
69 99
70 99
70 100
71 100
71 102
82 102
82 87
80 87
80 86
77 86
77 85
76 85
76 84
75 84
75 83
74 83
74 82
73 82
73 80
72 80
72 79
71 79
71 77
69 77
69 75
68 75
68 74
61 74
61 73
47 73
-1
C1
220 115
229 115
229 116
235 116
235 115
236 115
236 75
229 75
229 74
228 74
228 73
220 73
-1
C9
270 107
285 107
285 74
270 74
-1
C4
177 95
192 95
192 77
177 77
-1
C2
98 84
97 84
97 85
96 85
96 87
95 87
95 90
94 90
94 93
93 93
93 94
92 94
92 101
91 101
91 103
90 103
90 108
88 108
88 111
87 111
87 113
86 113
86 115
100 115
100 112
101 112
101 107
102 107
102 103
103 103
103 98
105 98
105 96
106 96
106 94
107 94
107 88
108 88
108 85
107 85
107 84
102 84
102 83
98 83
-1
C6
47 100
55 100
55 101
59 101
59 100
61 100
61 88
62 88
62 87
47 87
-1
C5
119 105
120 105
120 107
121 107
121 109
123 109
123 110
124 110
124 113
125 113
125 115
85 115
85 128
132 128
132 130
133 130
133 132
134 132
134 133
145 133
145 123
144 123
144 122
143 122
143 121
142 121
142 119
140 119
140 117
139 117
139 115
138 115
138 110
137 110
137 106
135 106
135 104
134 104
134 103
133 103
133 100
132 100
132 99
131 99
131 98
130 98
130 96
129 96
129 95
119 95
-1
C8
177 115
179 115
179 114
180 114
180 115
192 115
192 95
177 95
-1
C3
47 112
55 112
55 113
61 113
61 100
59 100
59 101
55 101
55 100
47 100
-1
C0
270 115
269 115
269 118
268 118
268 129
269 129
269 132
285 132
285 107
270 107
-1
C2
47 132
61 132
61 113
55 113
55 112
47 112
-1
C7
179 115
177 115
177 116
175 116
175 131
206 131
206 115
180 115
180 114
179 114
-1
C3
206 131
227 131
227 126
226 126
226 116
227 116
227 115
206 115
-1
C0
227 116
226 116
226 126
227 126
227 131
269 131
269 129
268 129
268 118
269 118
269 115
235 115
235 116
229 116
229 115
227 115
-1
0
