100
1877 3853 32795 1176
1618 12210 12937 1015
1401 7379 2589 1201
2358 9837 20497 871
2737 12933 33694 1043
1144 8976 34965 1015
1629 11125 13313 642
1107 11994 25999 916
1994 12424 31950 1170
1584 8835 33207 1003
2313 1766 17713 1169
2604 13528 4152 1376
2139 14565 30490 1294
1987 10983 2073 705
3137 13714 29263 820
1205 11662 12538 804
2651 13837 1543 1312
2969 1761 10529 523
2206 3343 3351 1014
2930 11069 2039 655
2443 1540 21306 1033
1460 6928 28343 1099
1317 12411 17015 549
2712 10247 8206 516
1531 6172 25243 591
2007 13825 23466 1633
1733 12323 12546 754
1590 9705 10358 580
1862 5959 8719 1214
1261 6454 32985 958
1385 3460 23354 644
2306 6179 2469 591
2046 2607 26512 928
1820 11440 19124 1658
1425 11495 23878 1068
2107 12678 34154 1478
2577 8231 2230 693
1492 9349 3895 1298
1551 10702 26975 1444
2229 8143 23203 882
2007 14265 8366 1537
1256 14643 34928 806
2902 7564 14342 616
2207 10896 11564 1715
2140 13624 2200 1480
1769 7743 8432 547
2173 10176 17956 1716
1675 2803 29853 950
3130 4102 12351 633
1739 7084 27348 1476
2236 4753 14537 1423
1776 6791 34454 1141
2095 6458 29722 934
1951 8169 5291 963
1226 5156 26014 1188
1526 13163 30170 526
1821 4258 4319 1411
2179 3633 23483 1489
3335 3377 7213 659
2008 13021 16124 1396
2375 14527 13378 630
2582 2669 23078 1348
2619 8293 27076 1362
1799 8878 14810 1523
2056 12703 26424 803
1467 13586 33773 891
2071 8469 2189 900
2140 8039 29112 1279
2911 4656 27546 554
2707 4009 30828 978
1705 8863 16760 1518
2874 7875 20895 957
1951 14064 32786 1544
1208 3717 33126 823
2173 5678 9829 1823
2426 7316 1714 1434
1011 6295 4305 543
2302 13687 9823 576
1098 9927 643 614
1978 3235 5653 1640
1133 3711 1743 799
1009 11280 10771 593
1408 5696 24833 1362
2942 12884 24937 711
2626 1616 17834 606
1545 3919 9990 633
1578 10209 3038 1405
995 4189 26792 917
1780 7472 33913 1288
1080 3180 32638 951
1823 11331 2328 850
1682 2405 26366 757
958 1372 13304 893
2132 11251 27515 687
2443 13050 7194 631
1225 5181 33956 727
2830 9446 13520 1120
2461 11558 10735 1489
2487 3649 24116 1099
1918 2012 1058 859
100
1930 1819 12145 851
2544 1453 806 797
2833 3855 15079 785
2235 13556 18865 1328
1489 4698 34542 794
2332 1859 778 697
2591 8616 17001 1272
3061 11579 26335 565
1937 12092 20199 851
1589 8889 26882 671
2080 3272 13749 1397
2042 11908 28177 1829
2534 9956 2240 550
1226 7855 7924 1218
1093 5559 11429 571
2151 4161 34069 855
1902 4502 21410 1083
2369 7756 19180 837
2112 11768 23960 1503
3253 10486 8544 501
3384 3089 33946 539
1474 14889 3372 790
2120 2120 24490 505
1416 5822 2676 1077
1641 14281 4773 1043
1349 3852 11756 826
1100 11849 26392 789
2622 13825 18532 1168
2418 9347 20434 513
2338 10726 34257 1570
2141 10157 3371 678
1135 987 17073 621
2089 12310 7764 1543
1700 8250 6107 1410
1577 10330 33043 654
2199 5323 28102 1482
1673 10853 16046 1368
2104 7704 17877 1057
1443 2178 31137 951
1991 2336 14119 1069
803 11912 33934 781
1297 10305 15431 1264
2714 10791 13068 883
2261 8914 19983 793
3353 3113 28014 563
2049 4601 14481 1528
1337 11938 28036 773
2269 6856 30633 1263
1627 3889 17020 573
2917 9942 11361 1077
2318 747 25958 513
2624 6333 7661 1070
2393 1890 29893 530
1411 8336 29268 1294
3329 9276 29236 650
2771 7880 18534 549
1875 6128 22503 535
1597 12303 23810 932
1060 14422 12188 716
1867 3106 7716 1284
700 10302 15419 555
732 5264 2083 526
1189 7983 27144 1036
2206 13030 12170 528
2682 14257 18838 521
607 6630 8452 504
3065 5431 34555 700
2701 6329 14949 1246
1089 10446 10019 768
2510 6085 10894 1167
2497 2194 14650 556
1439 5860 31176 1091
2129 2546 8385 915
1247 6217 16029 1191
1395 1577 32215 1002
2240 6081 19619 909
1790 13868 1930 1718
928 13306 23207 849
1063 14003 24831 837
1705 6047 33708 569
1975 6043 34258 1630
3039 15004 6245 917
2480 4074 33880 1049
2812 9770 30404 1003
1991 2157 30870 688
2785 12257 31829 707
2475 6046 12130 844
2327 11259 11655 929
2389 11854 18774 1471
791 732 17189 626
2991 4396 18778 858
2779 10229 6385 1086
3357 10201 23897 525
1980 13465 14986 1455
1576 8840 22160 730
3011 5962 33347 638
1685 13090 32793 581
1904 10025 32947 1137
3334 3822 10639 521
2013 11958 30563 964
100
1588 3236 31364 1219
1874 11250 20640 1123
1447 10769 10654 881
2176 3385 11243 1396
2461 12053 10575 590
3139 9193 35005 763
3055 12478 31918 659
2294 2527 34409 520
2278 11809 21691 738
2523 2457 23126 549
1600 10948 12432 519
1970 10348 12958 1437
2052 4428 2529 806
2503 6532 5157 1255
1274 4042 21316 846
1327 9337 9595 555
2891 13154 1118 514
2266 5397 31084 747
983 3772 3403 777
1518 2974 868 806
1578 7066 29560 892
1522 11233 24438 1290
2504 7857 8888 590
996 3706 18037 862
1682 1925 29550 1071
970 10345 2323 630
1269 12728 11980 1231
2742 7019 9144 981
1594 7363 17301 640
1713 13875 21481 614
1964 6212 9531 1151
2838 9686 15289 866
1692 9716 6553 1053
2342 7665 14060 1129
2037 13160 8568 1540
2391 4106 24646 696
3391 8747 13971 555
1450 8603 30791 1020
1543 1122 2311 1111
1873 4597 24785 651
1946 3863 34465 1032
3186 4628 24924 648
1287 13621 4956 747
1634 3368 6192 520
1619 2549 16637 589
2183 1450 30814 935
635 10255 35223 524
2431 8346 34102 1221
2533 4233 6129 1009
2530 2305 30953 1259
2116 9278 6424 810
1930 2527 19187 916
2921 7180 3373 912
1710 8397 32522 818
1509 8680 17144 782
1910 9701 18488 1136
2246 8610 25280 1275
1746 7180 22121 1299
1749 2761 29900 1268
1275 9937 23497 571
3143 13984 31122 790
2499 12289 5653 990
1637 13236 11349 1016
1187 14725 5481 1143
1151 4406 12988 1015
2124 3122 10569 600
1196 2293 12813 765
920 4742 756 615
1099 12464 30433 1011
2990 7184 34607 943
1409 9756 25781 1098
1814 10946 29422 756
2404 8078 19801 547
2045 4762 11772 866
1352 13497 6335 990
2822 8857 8298 939
1728 11082 33114 1538
2353 6348 33483 538
2767 12244 33839 1071
2010 14079 26269 722
1372 1504 24961 1353
2907 5749 18974 795
1506 1815 21238 838
2632 11318 12975 581
2461 6371 14171 1176
1577 6641 27482 1526
1722 13400 18304 743
2934 3159 19619 643
687 4098 9223 603
2952 12769 26538 799
1657 11340 11779 1530
2721 7143 15188 784
1085 10694 13908 1000
2420 764 8242 730
2330 8055 6403 1583
1302 15084 11265 608
2241 7225 15239 1634
1915 13876 35345 621
973 2161 12396 951
2350 11849 33496 714
100
2388 4256 5821 780
2072 10730 15881 1186
1472 1590 14693 1325
1508 10110 12129 1432
3193 9779 32218 519
2531 9974 27621 1090
1537 3449 11518 1457
1308 8874 33805 663
588 13843 25574 511
2552 10111 20989 927
1803 12286 15698 1756
1540 14657 19167 578
1110 5027 27039 581
2054 5357 14748 888
2249 10773 15531 1080
1635 13313 33300 905
2715 13902 6538 953
1691 8265 21032 1116
662 6887 5325 626
1766 8601 31638 1242
1966 5640 31845 1819
1526 2561 6787 791
2602 9120 30175 955
1603 9449 7570 907
2737 4239 34494 524
2848 12910 3610 1035
1999 13902 28616 733
1203 12657 4631 994
2215 9719 34254 893
2787 13191 19818 626
1962 10793 27821 899
2660 4641 19552 827
1015 3454 21192 837
2898 4937 7757 877
2141 13318 1381 639
2795 14892 4972 845
2812 6965 19378 849
1145 10465 16480 1000
2208 9882 9507 1500
917 3888 25832 762
2513 5155 10246 1338
1141 13433 9980 562
992 2755 9616 657
2683 12046 21323 860
2113 7981 16843 1509
2082 3531 30797 1818
2611 8580 14759 744
2510 6690 17729 1406
2262 12229 22859 1208
722 12753 25105 631
2520 5344 8085 1020
2675 10885 30663 602
3231 10130 28006 553
2042 5297 3913 1088
2610 9842 33446 675
1649 1220 24757 529
1279 7081 1674 1080
1954 11000 10678 812
1375 2403 26883 971
2058 13233 23758 806
2413 10883 27883 1099
1035 10071 1958 931
2589 3462 18165 1092
1935 7966 22193 849
2193 2724 5667 1472
2839 1909 18338 780
1230 15191 32469 729
2469 2792 7509 522
1425 12450 3944 893
2373 11330 19131 1176
1996 4362 7275 1824
2029 11595 6523 1857
2618 10105 17717 877
2535 8411 20181 1020
1881 9880 21067 1448
2131 2604 29820 607
1951 7606 19624 1278
1628 1498 34500 881
2370 11953 2664 724
2095 11202 19717 960
2902 1532 28647 718
2542 7344 13297 840
2302 9715 26636 1519
1841 10336 24252 1219
1099 11177 6921 1036
951 9520 21627 691
850 4999 16096 574
2233 9535 29315 810
2493 5536 6677 1353
861 5784 24382 651
2210 14336 17761 561
1689 13215 34447 942
1893 8282 31758 974
1627 12101 9418 1080
1960 3965 18076 742
1480 671 14850 615
2332 10708 7077 1537
3019 12740 5039 885
746 839 9048 666
2237 10323 12676 1363
100
1964 4051 9996 845
2605 11762 11013 1149
2372 3655 14634 621
2142 6703 31499 534
3044 13869 28571 513
1206 8959 25814 923
2339 10901 5274 631
1186 6492 11222 634
1209 13727 27737 994
2023 8496 12516 1310
2275 12386 17835 912
1716 6380 4066 1576
1042 4245 9703 996
2959 6847 12794 569
3213 3826 4728 753
1518 6020 8776 842
1499 14550 9898 1069
2005 1897 24943 1740
1784 13185 20958 1176
2257 11997 12080 1145
2949 4891 15314 524
2220 12316 24730 1768
2688 14783 23883 961
1813 14787 26721 784
2189 1176 14333 657
1919 10200 18385 1238
1951 9317 6580 1058
1545 2402 9382 1543
1250 11330 20475 610
2119 3957 20213 1386
1737 9429 20108 1362
2495 3912 32123 1349
2066 14629 33266 1021
2563 1757 24967 986
1861 2468 26955 1012
1877 3812 10333 1456
2540 10047 28786 1096
1954 3357 6875 528
1920 12132 7751 587
3046 11436 33484 605
2508 2476 9766 969
1780 11439 25672 539
2258 3614 16217 977
1610 2904 26365 1214
1200 8981 8200 826
2509 6853 9480 934
2449 11078 32178 1045
1687 4067 18398 1685
980 7538 31286 622
2043 4138 18960 881
2237 2701 16708 502
1942 11561 11456 946
2591 11831 5699 1218
2188 14095 18298 1246
2266 1730 8034 646
1669 13662 16673 1047
1438 3276 18134 1230
2551 7559 6852 782
2723 9175 6940 840
2388 6983 34234 1188
2920 4036 16267 652
1710 2739 31334 1480
2595 2444 22668 1003
1999 3155 19054 1957
2105 7054 25789 1644
1628 11224 7818 1093
2312 7237 20552 885
2225 4564 17429 1291
1645 6940 34260 751
1625 1932 27622 1591
2357 2153 29345 677
1921 10682 33004 1793
2064 10115 3692 1832
2012 2822 26765 1059
840 7033 3831 722
1537 3775 10873 881
1646 13252 22333 1496
1865 12335 10548 586
1835 6889 4479 924
1678 8269 13074 1644
2261 3032 18502 1602
3141 7568 5391 633
2194 970 8181 534
1555 7429 17323 889
1527 7482 25483 623
1583 1958 17785 657
2756 5909 28834 674
2126 13405 8705 1282
1568 13129 33869 1403
1864 13690 12889 1002
2093 10026 1098 731
2852 7100 2076 749
1829 13352 2520 1735
1294 8408 17952 1027
2233 6723 18250 1730
1530 4304 23330 752
2458 10826 18030 853
2431 7379 20582 683
3144 5156 799 532
1862 8201 28634 1776
100
3129 10869 29638 681
1504 6668 7101 1121
1413 6934 23094 1197
1824 4764 14858 940
1070 14296 31313 807
2456 6130 3541 790
1704 14181 19646 538
2535 989 32768 970
1764 14131 27627 918
1638 12436 12495 644
2107 5448 32720 1327
1387 12004 9643 851
1406 7877 24367 678
1637 3481 1228 1084
2692 3148 19441 501
2774 14219 7211 578
777 15056 34945 586
2911 11548 3166 563
1072 10185 5144 540
2618 9207 8433 549
2333 3764 23803 1041
2448 3157 31708 1391
1629 12641 18127 1167
1526 1060 32830 1019
2095 4069 21113 874
2901 10314 21117 1003
1042 3143 27272 597
2444 13267 1601 1178
2363 13490 12146 1062
1070 7451 7822 686
2647 2036 5783 1010
2651 4745 6961 920
780 5365 2364 730
1157 4578 25659 1027
1488 10314 22324 1341
754 8366 24297 678
2269 3287 5796 631
2710 9243 6861 610
2328 8117 15658 664
2714 12657 5255 617
708 15175 25917 643
1795 9537 15902 1305
2880 2935 18485 746
3470 11333 5483 516
1011 2335 21515 1001
1568 14168 31789 685
1577 4771 4187 502
1754 5721 3318 822
2391 12852 31335 993
3116 5591 9087 615
2479 4709 23464 1275
928 9913 27284 713
2730 6915 20515 1102
1841 3484 21458 1126
3258 5668 30728 715
2449 6549 18311 1231
2490 13046 6526 581
1345 6020 31918 677
2000 7010 6964 674
1927 9466 30659 553
3117 4021 27688 631
1889 11361 6093 1714
2030 10591 3693 1281
2080 4177 5435 1627
2495 3643 7677 1039
1402 1950 8913 1345
1167 13539 7298 900
1461 8683 17289 1144
1802 8855 27479 1717
1695 5721 18097 1594
1365 11188 23589 959
2495 13814 7745 1190
1737 10335 34536 1344
2340 12120 25252 747
3323 3102 26958 596
2111 12302 7157 1617
1641 2871 13036 809
1892 7949 32483 1822
1548 2560 4895 869
3176 5843 32141 797
1939 1940 22953 805
1247 15423 21863 505
1352 8673 8103 1202
1849 2990 1702 778
1516 6634 18289 1027
1819 12504 21927 845
2444 8418 4933 996
916 13281 12410 776
1738 3680 5215 692
1834 2063 24834 823
2211 12672 30809 1400
1337 6105 22009 935
1492 5652 31867 1024
2329 13340 27873 1558
1336 4628 19310 848
2176 11806 9435 1210
856 4456 21485 690
3044 9540 18385 928
1197 878 10503 795
1141 3372 9498 553
100
1249 9911 19285 1116
1976 5878 9567 1482
2873 8610 12235 891
1803 12384 26610 825
1825 1845 15269 840
2358 12604 26964 1611
1474 4934 15852 1121
2513 14429 3839 1324
2979 13550 901 569
1426 3382 29148 678
1809 9648 16587 1139
2459 9459 19207 1192
2462 1769 12270 656
1309 8346 33363 1255
1733 7889 11777 899
2168 12920 3165 1719
2470 2176 24119 545
2608 7816 5070 681
1351 3280 5696 979
2490 5770 6016 1239
2089 3727 11809 590
1676 12749 8140 1096
1948 14498 31980 949
2262 2861 29487 1483
2674 12088 27411 804
1513 12361 23944 1077
3110 3689 33306 517
1393 12823 16761 820
2032 8058 16774 586
736 13351 6203 612
2478 6206 22466 1337
672 12906 13364 563
2067 5430 26031 690
1856 1808 1658 921
2170 11943 12398 1075
2086 7634 27071 1788
1562 7151 19924 1410
1761 2018 29776 1279
2354 6326 4374 915
1815 5209 21030 697
2714 8707 10761 754
1659 6393 14491 1377
1530 6164 19044 632
2783 2644 16980 880
1438 4544 17017 743
1732 4866 33591 1656
1280 14254 32856 1245
1428 13413 34111 622
1348 1460 20435 1163
1527 10244 4001 808
3080 2955 33995 766
1777 2353 5408 711
3147 5128 9165 571
836 10872 25206 610
1980 8519 10553 1803
1259 7032 34009 733
2245 3111 18869 1105
2937 9727 3066 822
2778 3225 15549 1013
2097 7425 12270 1434
2968 1307 23747 922
1618 9106 10056 622
2191 11508 6836 649
1550 12806 27579 1278
1394 10958 26603 1354
929 9736 6731 573
1843 12619 6925 696
1884 7110 11548 1814
2684 7054 15856 821
1814 13453 4376 1268
1879 5611 3379 946
2685 1734 34881 507
2023 5376 17650 1582
2532 8214 14476 971
1109 10394 16225 685
1932 2542 18398 1281
1501 5016 21084 810
2170 2288 11035 1287
1261 5955 28510 942
1389 2328 34551 1158
2120 9851 12933 1500
1588 4932 15540 849
2408 14976 5124 902
2570 1427 28310 640
1491 7126 19058 667
2445 10185 28196 1166
1183 13799 18516 1120
3019 7808 13685 767
1030 11370 8767 663
2392 4492 29523 656
2771 4083 29399 940
924 11785 32508 659
2902 6224 32023 1095
1379 10582 28426 1313
2118 14213 25240 1521
1960 8412 19867 1807
2144 1115 23785 630
2326 11807 7544 772
2029 5949 11706 797
1793 8652 32690 1715
100
1699 2817 16064 500
2742 3823 4628 639
2598 12436 1636 524
2473 10011 22534 1159
1565 8538 25684 546
1930 11837 32644 917
2403 8925 32884 1044
2417 10350 33755 1013
1948 11341 17996 1281
1952 8474 19676 1403
1762 9128 14112 1320
1297 11031 24417 663
1115 10577 1236 1104
2523 6930 15246 907
2858 8981 10315 762
1666 4327 28181 560
2203 3827 7676 1553
2116 12433 10055 1659
2822 11518 27199 733
3196 8266 24666 508
1305 11639 25895 828
2925 14347 24060 918
2451 673 21337 531
2117 13545 27284 938
1124 3052 28510 828
2581 12466 24537 1333
1989 11202 17672 642
1300 5536 32812 517
1914 6940 7395 907
2097 13073 3319 1302
1676 15233 14810 674
1084 14189 29112 878
3046 6773 2937 707
1374 2597 1772 982
1698 5130 33410 1634
1541 6254 1862 928
927 8754 25478 761
2532 7942 15647 1254
2141 1577 30817 1210
2452 5351 12016 734
2012 11452 30177 1318
3364 9566 34786 618
1632 15193 2288 631
2154 9329 19691 1200
2125 1897 24217 1429
1799 11020 5586 1173
2731 5879 18365 654
2442 2485 24585 1151
1733 5807 13407 1596
1218 4345 32545 1057
2507 9199 14802 748
3124 7529 24679 678
2003 4170 22972 1009
1207 3852 13055 970
1474 1078 3659 792
2251 3052 27924 827
1511 6883 5880 1376
2247 11058 20944 751
1766 10902 26799 1250
1745 12078 1813 1249
3367 4744 12687 535
2616 12712 11745 1078
1136 7304 4138 646
2322 4096 30019 1032
1737 4762 23690 977
1658 9762 20818 1486
3055 5666 25529 679
1165 2510 18594 525
1103 11560 14530 1007
1810 5979 34507 877
2137 2422 12901 1838
2761 14367 9356 1174
2936 4384 20444 923
2250 7434 32690 670
2104 1937 19754 931
2027 11444 11325 1678
1310 5462 18818 502
1240 14114 19961 1159
2795 2540 14260 1025
2003 5447 30667 1606
2597 10641 27072 950
2012 5866 12575 1331
2675 3225 12648 509
2419 7337 3686 1568
2923 8758 28798 903
2487 10273 3815 546
1631 1114 30468 547
2360 7925 20953 1546
1785 11552 19210 831
1782 13558 14065 1172
2820 7088 24028 752
1554 12885 12083 779
2440 8768 2431 729
3070 4901 8218 799
1415 4385 34689 953
1085 14403 24030 982
2015 9010 5187 851
1836 13712 15144 1297
2087 5830 10783 1429
3054 1227 30639 930
100
2449 9948 2335 841
1871 10616 32864 502
3249 3556 17468 521
2190 10620 23148 1478
2105 10859 9324 1145
788 13473 31441 504
1767 8993 15368 1292
1714 5246 18389 952
2588 2241 28691 1333
2464 15048 23325 753
2140 11028 8871 1113
1083 6410 2976 758
1090 12845 29720 758
1448 9362 10149 1216
2549 5275 11160 1112
2140 5168 33285 1450
2499 10865 28772 1241
1047 7444 34267 763
3128 1743 15932 585
2896 5897 23685 575
1438 679 4096 510
3166 13080 28509 516
2729 13920 16970 807
1840 3507 28005 501
1397 4521 16481 1156
2906 5997 33611 830
1364 12741 17333 535
2376 2736 33529 1382
2573 3445 13449 739
1677 2734 11323 1010
1982 4512 25005 759
1098 10266 21620 1036
1687 5964 21228 895
1323 6725 14581 663
953 4097 21383 527
2472 9582 23936 1435
2475 10144 11925 889
1903 904 3074 617
1767 9437 21786 561
1716 2805 22584 505
1183 12179 17515 636
1471 14273 11726 1434
2322 11619 11396 973
2090 5525 5142 1461
1578 8542 18532 874
1275 5581 30034 759
1210 11221 28890 747
2218 6972 12592 844
1494 10324 3988 951
3281 14913 26249 548
1851 9093 27382 853
2118 7389 24105 982
1462 5286 24394 1347
3002 7726 4410 877
1716 10019 23311 831
1671 11982 21390 635
2157 8346 19915 524
1222 3705 9839 526
2327 11021 1974 1332
1428 3311 23257 1357
2926 5745 29280 880
1948 3797 8791 592
1426 6021 6567 1015
2377 12555 7490 1269
1899 4992 14133 1133
1009 11400 19083 655
1443 11258 30779 686
1901 6068 22468 907
1386 7626 27371 1350
2165 7291 17010 1086
2649 2203 32915 714
1834 3456 11470 1351
2175 8707 27514 1084
2304 9718 9883 1175
1805 13042 34652 1224
1685 3008 14142 953
1774 1793 30425 538
1879 14902 31820 767
2583 15140 31804 627
1745 11115 20880 714
2893 8856 3804 823
1297 10160 25613 845
1077 7100 4003 1031
2767 10538 31891 517
2612 5504 21545 1238
2803 14328 17758 538
3135 6154 5665 820
1639 3278 1576 1358
1750 7676 30132 1491
2357 9323 5976 1560
2077 6607 24149 1890
1651 7086 23321 937
1149 3159 34513 1016
1224 15005 10154 649
2045 8316 34190 1218
2232 3578 31759 1558
1014 14471 6509 756
1286 7071 14374 547
1566 6164 33049 1314
2702 1430 1346 706
100
2578 14712 23029 1092
1225 10604 16480 1172
2562 11792 15241 985
2346 8373 34872 879
1434 9479 13797 859
1746 11172 14912 897
2499 12308 18513 891
978 13877 11161 613
1594 7023 8364 1410
2435 9657 20387 980
2322 12763 16675 1575
1509 2286 11892 883
2106 10181 14673 739
1252 4956 8979 1212
3071 2482 28146 804
2022 11092 29131 803
1830 14240 30720 1663
3399 14332 35397 540
2083 13043 16283 1247
1073 2663 6855 960
851 5381 4300 536
1906 5291 7520 1052
1918 4053 22525 1580
1681 14377 3807 1394
1486 13880 4646 1165
1985 9125 21472 631
883 5815 17616 876
2121 8490 31593 1632
2102 6446 23639 1788
2271 5230 5621 718
1797 7492 4277 1763
2570 14319 7368 1178
1798 2120 5230 903
2424 7928 1830 829
1733 11479 25336 1125
3235 3797 35250 558
2108 15280 21343 636
2679 10780 7909 947
1722 8450 19286 521
1888 14850 1595 828
2114 11167 18748 837
2929 1781 3278 906
2050 7550 9010 1103
1058 5727 18663 757
2006 5184 17159 1516
1583 3772 23270 751
2173 13756 29195 1578
1992 2010 23655 909
893 6745 34490 824
1681 8743 28343 1103
3121 6729 18137 539
2733 3932 32628 1139
2027 7953 15398 603
3040 5541 9318 913
2006 12577 26040 955
2392 6257 20815 1262
1611 10144 26780 581
2289 6785 25499 532
3311 7494 11600 604
1546 8432 30817 995
2598 3335 34201 1194
2295 10945 32489 556
1984 9605 32686 635
2178 10605 32936 697
1014 7683 18304 756
1166 6190 9677 887
1879 12681 12196 1775
1848 1443 11118 1161
2637 12505 22560 806
2877 3152 11385 505
3058 8734 19332 918
1188 8649 18169 713
2152 6545 1406 571
1813 5019 28697 616
1827 5451 25864 1645
1279 11845 16122 1269
1928 12993 27590 766
1919 11439 29979 1916
1117 4535 5704 514
2451 3229 33036 521
1771 5985 31072 531
2591 9648 24348 889
1896 5640 31186 755
2236 848 20760 736
1440 2016 902 523
2210 5874 34706 630
955 7864 21734 912
2112 11052 4036 1030
1704 10086 16241 1256
1062 9932 7027 748
2017 1620 16607 1338
2356 4049 13399 614
1867 5837 31695 1303
1906 12963 12389 1536
1276 9646 4730 1102
1706 8279 11811 779
1844 15335 31556 655
1665 10272 14260 1478
2589 12166 10926 798
2167 4514 24482 734
0
