0 933
529 700
-256 -256
-351 -843
393 330
-932 917
-868 -980
-592 -164
427 -190
920 944
-484 -363
-236 -876
-397 675
-344 -134
30 -727
334 104
620 256
-613 490
-405 -695
719 -497
649 -356
245 7
-754 352
738 -801
337 195
11 427
-968 212
-480 -658
814 -847
-625 -438
-487 -151
179 995
913 562
547 521
557 -678
-597 408
-238 -85
720 -211
-710 209
103 473
105 183
787 -302
110 -400
-585 860
731 158
-400 415
874 61
268 365
723 89
130 655
974 595
-55 -730
705 694
353 474
-756 644
-737 679
-529 -210
-255 -787
445 -112
-153 -53
655 17
776 399
-2 -161
-316 -694
480 604
-207 954
365 453
-432 -563
-583 910
546 719
107 256
528 154
48 520
-810 -719
-131 701
22 -817
-695 471
978 616
-88 -732
-743 -395
-936 -302
563 340
-51 807
-978 -650
-360 -716
209 753
-634 543
-31 -692
-294 693
765 737
-48 -943
389 209
-243 -501
564 277
611 212
123 201
437 602
-391 273
759 626
-763 -358
