620
-1120
3130
3130
3130
3130
3130
3130
3130
3130
3130
3130
3130
3130
3005
2880
2755
2630
2505
2380
2255
2130
2005
1880
1740
1600
1460
1320
1180
1040
900
760
620
480
320
160
0
-160
-320
-480
-640
-800
-960
-1120
-1280
-1440
-1600
-1760
-1920
-2080
-2240
-2400
-2560
-2720
-2880
-3040
-3200
-3360
-3520
-3680
-3840
-4000
-4160
-4320
-4480
-4640
-4800
-4960
-5120
-5280
-5440
-5600
-5760
-5920
-6080
-6240
-6400
-6560
-6720
-6880
-7040
-7200
-7360
-7520
-7680
-7840
-8000
-8160
-8320
-8480
-8640
-8800
-8960
-9120
-9280
-9440
-9600
-9760
-9920
-10080
-10240
-10400
-10560
-10720
