50 1000000
355770
326214
240837
344719
210440
132799
211889
344865
391475
241376
367927
214293
71623
466904
163636
400134
499459
240072
294304
214812
191655
177437
202598
499712
407371
2867
307831
111087
131855
124693
140014
272095
213046
197407
122928
166942
492208
97887
279294
377434
262903
471501
443937
382281
433879
489930
441742
225785
288468
228670
100 20000000
909267
590469
7814004
8472762
1706009
548319
6500117
3952570
4707867
7873662
7327489
1941308
8285660
4047527
9464315
6247931
6535964
3684587
564678
4116377
9079929
7240866
103355
7454817
2703915
2718906
2302047
6159192
426835
9696549
2967503
7183214
2913406
6349077
5914919
4495418
2134132
2407277
7024290
9081609
5205095
3500905
9380519
692033
330595
5825513
4576675
5537226
1766178
2067754
8933685
9423469
7128399
1294814
8620092
8151625
5648235
8587787
4468205
6828464
3806271
6386978
9576655
3941839
5894897
6555341
6219531
5777118
2016020
2991562
3399052
7172601
9166562
5850847
3447234
1127948
1022752
4729222
4741434
4303816
8780829
3646831
8818466
9681958
1392549
1184024
3692988
4100637
159946
4786861
68658
9336880
6418919
3398534
9403387
5175310
4435424
9824342
6705204
7678203
300 100000000
43086422
940560
12963813
42109930
46966881
25911088
34702409
25091082
13227934
19150180
29024858
18511784
3743437
14019604
24837125
17422256
16287771
19935690
46309873
53130632
1664272
10497525
15558889
10318269
20825579
3782245
41072531
18566377
2015656
46393968
14599249
40295788
14586632
34798912
31834137
12715829
20174159
7538349
54734982
33527224
17565993
2047974
38400664
13813519
30876818
47764458
50154824
54943806
14819172
11972878
47891244
53482841
30319701
10121941
39532146
18792779
24410578
19655531
47105822
20847106
21047669
47039877
32390033
41352855
39813900
13483233
37042868
14472826
38336336
8587155
52697661
10980414
32234427
7424598
48950104
2401085
21961241
4168796
26347986
45672005
25627002
53949307
36301292
45092118
4706476
13449166
49941358
26836540
2493166
45800375
1797273
44885857
25132530
18878436
53902689
48148204
18341119
32488494
15251439
28600060
44710407
26968485
12401889
13586919
7552000
20435343
8229754
43926173
14157401
34527938
31772515
45668584
27522313
38110825
10476790
54333966
38867240
35806820
21618833
42355901
52030720
31633277
22871931
32192352
42169550
13407861
34667088
51836603
22438949
48096614
12560366
26799459
43002118
22767673
535925
3078091
33072253
18213057
201294
38275583
26999439
715456
7637294
6304127
19467948
30735369
13374707
25633360
29940564
51899996
9485063
30984475
30605459
12844815
27668173
52793955
16683936
50088912
10392552
47003357
35759234
4634228
15347579
21445693
21425497
27991210
22284883
45363213
18718320
51085721
30075182
2538563
14082337
22962989
48516627
42842420
50377090
34981127
9544001
25018262
51785112
22607788
31603676
31663791
2336999
30975895
3913288
54232601
45828733
54553515
53706922
49999284
34593839
13358768
17588697
2284925
16193864
27877338
52307315
26057190
39432915
9850648
10248551
27677369
35220905
12945707
26631016
21887343
46230343
6308241
48014543
26148292
21936227
2472244
9774297
27973137
42269342
39125927
20611695
49000858
47398224
47530389
28904683
10859656
40737779
41356518
26785654
5098373
3291909
28597112
47118494
43309678
16216799
28559503
29660086
40512202
11164345
877794
51347851
40159850
8378166
14505595
42397393
48996689
36029284
29468312
3744086
22378361
1771082
1152541
10076335
46473960
36174748
37578865
17834470
50654367
42767653
20132304
29035176
28390554
27330231
27428153
20013482
10882833
19872055
25920493
23802894
5731522
49928411
23663194
11339806
16720016
23209994
26175000
7746480
26659550
21785846
39679920
31360961
13534130
23868003
47189224
890169
29024066
25315966
1236845
8567630
1966596
12788781
48406308
26306483
18519055
49378675
3364201
38952204
40121273
40352416
7394447
3074208
20673361
300 100000000
30003836
25599986
47176464
15836265
5085063
41489310
32986915
47680803
21576494
68051
20799168
27472747
21391375
35447406
54958590
50092740
34144236
15591878
21425442
52914680
41299329
49444059
46569715
12610757
25386212
52645378
8740330
17036871
29473757
12210467
36658341
46275839
34257206
35847806
34064981
36413833
54170759
40451713
14488666
27680559
6555576
29163788
33591772
3534305
45848291
22348980
1894205
37821932
10981437
19185336
41257353
24568901
30834963
5177562
40069958
47243080
44505477
29560591
24847905
24946201
1836609
31401804
18163876
21108092
29295689
54072034
20692435
38520311
23483817
3573421
3703221
36795115
35234941
31230732
52750626
54956522
33628897
6690513
3702627
36944429
18504700
45237164
4776744
18781680
16218669
670532
34808020
49040711
20561447
10706129
33083990
21480585
2994040
13997956
20451689
49296241
24375917
26446612
33371068
39013892
53963299
25457162
17382568
40281026
32214363
3471121
14061019
35087541
32393839
26185450
9557432
10252643
36253904
52856116
37087198
37561793
41429613
25624186
51614337
7592205
35901981
41360841
16951544
40075073
23240299
9144734
34857542
4399961
47107780
2031980
8578784
43461302
53302683
3845209
53400704
45301338
3453719
27434797
6438503
11219862
18989470
28845261
51558996
49065450
11550775
798968
30364284
32675142
33007507
33319588
28655324
21771117
25383088
4528639
16624129
31703193
35586017
40514479
15003862
42663505
15216723
18994508
31082914
27273196
42501343
20822246
13165498
46608633
53571193
44810595
22347429
5492118
26235214
14327
8035208
11429236
30390783
49937277
178139
17444663
44888112
5212718
20201703
1111247
17285570
30552362
36139658
13585357
14059127
49996083
53594216
51687234
51277704
43949680
19953312
14656042
34412416
22745508
18862486
48616815
38534127
4446029
46136722
18117863
26100211
24746683
9391475
16133837
12402934
27357665
46436186
8379937
24387027
44575151
48710733
10854717
10700948
6396769
27272448
14436394
2279260
28895575
2935091
42538149
17804253
33218509
48441002
3039514
6815990
37364981
23983415
36121178
37480008
8128719
53132458
40891647
24593871
38596662
52614754
50885158
37543940
5037774
22113118
514453
46731580
37226865
31576033
41395502
38513535
23654383
20360312
52891184
21285577
54519646
38231297
18144175
28087262
31314871
50605813
36541499
14086022
13032860
6042327
21245372
48183822
615796
33162673
50970166
19243372
39320308
39070190
37804717
43295279
15615308
6333255
878311
17401587
25540663
19364317
54012799
52609881
53815459
49043428
38126324
21182364
39608970
47652621
20203826
40572130
46851304
53904614
11349024
30194554
30685242
51295293
48323720
37847540
14810185
46241618
227628
300 100000000
7385329
49296589
66653515
16226587
33281383
110983
30029044
4264762
39002077
26114866
14933530
72649513
46735330
24823690
41251102
71266570
63715663
54523921
75571324
37822444
36739639
7889278
30503911
3513757
51311047
43407646
23723434
71674165
57162880
9903352
81036406
13623883
27890407
89734477
82154026
28192033
20647411
9422554
1292515
64609360
84504493
53270011
6765886
80901685
51654145
53781535
49609267
50943964
82805578
282256
87766801
45627268
31881313
78247651
3107719
44557180
73060603
80548975
9258787
67628563
18742261
44837455
43861360
80064295
66686302
74898859
51594226
64916293
71240134
82895470
76411546
14629873
16486378
22834840
55372213
26288167
69196195
87967507
39985279
72941350
71672368
29236705
46044838
56993980
19333
38606248
85443406
22254784
40084174
27204208
43274125
5860501
38268478
37436752
74318632
33427861
50481799
51320764
67399933
80818315
35567536
43169695
55364965
32318125
35594503
23414590
58985800
66818365
72217978
41785750
424576
21655033
11937883
43569358
51896782
4960189
45576676
16251160
77667292
14758804
75951592
82807792
12457489
61518058
79733746
52542502
17089939
56580241
88107274
65725570
8766898
67752481
42763507
38342956
33774700
73524646
7820362
18956704
54738646
76159111
78206434
32220253
50867875
16480165
70426633
20366449
87022969
19974199
7620724
69255715
35213359
27254800
60271801
57976825
36086842
48763405
7653301
73088974
84233533
27592
24518185
26822200
17492935
9474256
52804873
33141127
11815162
22771855
47813914
56346811
36900661
14159500
65389540
59085082
62970199
78564079
29012476
86019151
72988294
49989952
68756890
55294876
19597168
77749063
85174897
78103339
32748898
14736088
51838639
36443038
45776086
15636076
77541832
23132272
32659036
85854418
87267535
63007087
43419463
76214833
47298259
19027237
7668118
72853216
42547492
33062623
10320145
53590876
25841041
52280173
86627074
78226486
30526567
45602908
48870973
54003130
17743423
20551819
7592848
65656873
82807939
38762542
7835068
26587111
46834210
68093599
67526443
62847037
19467988
18655912
43601989
3894637
8488495
8133349
26589304
35890654
3665770
54628642
35996377
37031920
84933082
49880653
71413309
36055963
87111622
10376710
71735530
16938982
48136372
66636379
68469751
60153238
59537368
87227338
10680712
59097763
15859918
2638246
70441
63868255
54880120
2642998
39132775
44363704
45620506
16236235
42811285
63384370
87727885
56570275
10875223
85671277
80645944
61674145
22465798
88172419
18886987
41944996
64363354
26222269
9575593
18379360
4352584
39447409
27065659
67581793
61983241
35710159
63147481
46349308
65524165
55123750
52444609
56606083
33421288
79988521
88130566
4604077
38190394
63356938
1000 200000000
27125998
62115277
56457729
34655923
26552295
26471240
4141816
32035188
5935868
16481104
29988338
12743201
22904625
20719871
30905852
58417232
16648492
50733153
43354821
16596713
53755120
23241000
31823431
19505788
37800610
12013810
35807112
28761138
58538834
15212681
20393688
52207106
19420209
62149779
53550357
10828756
29772421
38711416
43659060
40370372
31485756
629476
55452205
8292677
55100685
35393530
3511264
54833743
5710344
44749500
47570565
8600686
31074085
27658725
25946274
43695759
42980421
17857310
18176382
34923866
14644984
9701643
21904730
28769718
41361947
52114286
44202447
51506731
3266500
10550387
10889882
4129661
46007276
8385562
38628970
40301602
37583393
1488308
53682762
51764586
64507888
22270888
40418979
35248320
48955988
55558532
9077721
41753923
42562419
7903236
30406470
942360
51451494
37714459
1053016
4894308
9697041
52989927
24821657
1375221
10272876
31431741
17038180
31742025
57366429
11147477
28077481
23040423
46769102
33486742
50808111
29044083
57203201
14855974
63180523
27570923
18945813
21032612
48806670
12946157
56842412
27945921
55544453
57692417
35442176
41060594
52519054
55704639
21245864
63089978
52545977
48321107
31289833
2735723
3717509
2010271
11902023
34452447
57311023
8117073
56372475
56381146
40405407
17932606
13480756
55241501
621858
26640305
14569740
23542015
2263849
44202096
41394083
37312941
52825737
4783171
23890155
31621008
38486477
5891408
37115068
58619798
33801394
16861536
58305666
62365930
13803780
3736684
41821588
49863492
26242869
29708955
61552000
25370283
36137299
2083006
31840513
40106420
30975233
32518060
2979681
17411631
17998464
18622490
54137736
58189121
3452894
13180885
13213242
11832681
60040048
1588577
34785390
19398915
5302066
49795489
2806430
2532650
4773642
11938748
37059818
16376298
46090684
22430164
56943032
15221534
5905019
49554196
18879019
55347217
14339120
59237220
14714014
9881628
35150092
19160742
24841313
23437885
17646255
48905626
57638935
12729694
52692201
43058213
7149756
58906773
39722777
20328922
36290504
20511013
26225059
56802749
54523537
21270200
75195
40435112
42137566
48114667
62971327
53242348
16994097
13686988
47780723
2509887
48310733
34653479
8659459
44605798
15271597
40643099
31999425
58278275
2873263
14862851
38385168
1556987
4559896
7765995
5393781
5252146
1491597
9193304
8095935
38468303
23819734
6622216
56147354
37386781
9747845
15527450
14659687
49457164
41245259
54205115
15733773
7060004
56928329
47112471
5249702
44948088
2154493
23369986
7737044
22998758
64823606
3694655
18920138
3477412
58584282
32856892
33093999
7801173
41207143
26447996
30684033
1617606
5900118
38180288
6782649
11173659
32027011
36762261
18716636
28963249
56573533
48757478
10232940
10735299
41807977
35425055
341942
18622282
18912663
63118110
34738551
32404154
45634488
12288708
64940580
11165638
4843530
36313917
12243910
4004068
32984539
35815718
59920357
12630010
34171491
25153235
35974994
36241949
34103605
22364527
7504604
63885227
48948851
49838584
57459314
45934957
9772727
63159268
58353064
37778575
47122741
18005627
13627383
13666643
7972331
57271178
48030843
62331311
13050898
7078867
8983588
60399550
40316682
34663385
4681641
39988029
54553333
33595071
9735053
25644102
24666372
40090716
8076617
49722182
15578189
39578074
54962313
51128782
22592924
58449654
64660352
27742185
10620457
20706832
50182681
10690527
22323135
14596000
24387964
7144868
46860219
3650234
36813195
23229001
38811919
41702170
52806081
12488440
19059342
50657012
34021601
21297630
39064015
59103736
63470761
29277927
47866679
3052286
3062634
16581919
24603530
28707721
60672927
13697323
11128718
42674687
25811477
40857391
49711587
32921216
44225600
58921892
62085663
26346180
63978372
15717666
22594666
50296795
8764811
45207737
38157304
42354822
32353961
59736628
16531427
7824755
46563650
5229045
16882284
58097913
41913433
1305658
13224448
40973897
11714589
24319337
35075706
22818773
39007556
63040435
24721661
64577672
30609114
61494904
29329511
39132889
1067212
26283520
6740152
24799375
1368695
21592990
16349700
15738401
62955870
22537167
28415091
57959229
58428685
56281397
302344
9288425
39916165
25626123
37534838
17126827
4587378
44401672
40069435
47812118
46110990
36552311
63387873
2167961
15118743
45545282
31659631
51356022
30284816
49981974
22041321
40527945
26216635
59189744
12025965
12919572
4106950
3131625
47373199
43322906
2203295
51538906
26222381
21706727
42181623
62498725
45685344
25294350
20191824
615501
27961404
46833673
15526527
13444447
32067311
3801476
61467162
45737357
25693047
50150727
24949005
54510979
61262074
14950159
43303445
871783
53020503
16033592
21450068
5467231
15540853
38998976
64905155
19155451
39204454
55277563
42086489
60800652
36339943
3861146
21274724
45608774
28832963
2475359
52177037
29013988
53070501
982595
49305168
49588035
3116194
26474828
41681266
30477775
42617591
5148614
58211429
53084242
33023526
9973564
25760036
17782638
2122
23924293
34890261
4669577
3725504
32140865
33427722
35100068
59040556
62527520
51292465
34422209
6012360
40579698
62283029
17520233
63378799
52571340
42558974
5355990
61719206
36953101
1302772
62438067
24321742
16479596
22641544
52632219
37533590
64413157
5843880
54668565
9939881
9114173
37138832
63237086
32975738
62369193
31818842
12597601
55750542
26017631
45961477
18187393
28113985
57843230
33544813
19859141
399558
62363850
26980866
31418819
18351934
28682943
46228809
27963952
61762860
3658346
6264768
15077039
2744953
52675379
31344394
29269074
49093827
30592552
15325391
34751655
47623748
17095120
16965380
44223312
8591443
57415218
53568531
52163790
43993797
37462363
55050414
23081100
41789543
27059529
61761326
46989998
38336795
45703492
29861705
45587467
53120642
64833447
49022990
55352885
16936104
19540693
40877606
61440798
34805449
32616093
58616834
15649754
43370889
51118746
30745692
59323514
58195361
9916078
53915969
2575186
27419915
45948360
4597869
37254987
7422795
64782461
63182499
26316748
27847394
24232926
47047107
12544470
38578543
49016386
34254977
34953194
17477684
62647835
62554092
22955715
1556285
2605073
26556091
35303544
28655201
7831242
59157322
5854163
23557173
33522947
61370858
8393063
34677633
57725203
24375939
3135941
23685470
17834183
665746
32826264
28659101
48752174
50320234
48514183
54420460
20528368
63551491
41655357
42101374
63355971
24512231
41880972
13360272
59096131
19882762
61331780
17624974
21890716
52372843
13667345
64974926
14351847
2908779
6861442
58888625
47216016
44454140
49205705
64747985
5926690
27341616
59124029
15133446
53383489
35152874
53833497
37782735
23101341
62008027
16570297
23871682
12805419
35743698
34426382
14054823
63601333
8612477
37244587
25797307
10609732
10627724
20615169
12946430
20072042
15430834
35450600
50576997
8817799
39095735
3677716
63663902
61597084
52436920
2202866
42348114
23916662
22992739
20268823
40000119
14969893
36554222
16703521
16930644
12072440
44384018
50804913
39471903
55804492
38696687
20423432
28322336
36479381
22801509
21197777
39812373
5315989
7721483
15756887
18218827
37750144
45244449
56239797
21442073
5031900
44468037
45025776
61138171
16687843
23864688
50217508
45460470
45711526
59422899
24364876
37565817
64574331
21392075
16656006
18109393
25648470
29848380
52927488
54970009
60924646
28376416
27413311
15961650
46990986
2260885
28474813
531508
6651791
49394634
39548616
40135592
254517
14051937
26409269
38567935
31926768
30702038
11069074
28005539
122554
61961435
856079
11626813
52060414
46863118
5138487
59653220
2572508
2199733
41535198
55549042
30081951
55389857
10436988
21477550
7208841
13700586
48543277
20310059
54675988
61669676
47464615
59302740
61206213
2610091
43869114
22850116
38683349
30311050
21716074
34211882
19606486
23817797
47485324
51248486
39866167
16464685
62699523
12935172
40188918
27605282
59114851
42791908
27577579
62014644
61122012
17712685
61187025
23348562
38258223
18891993
1834004
6113344
19727295
47424666
22375343
28143924
24569756
63653385
12385818
30501383
29083395
29849784
64300369
23203469
34245058
47885399
40690861
55838838
44152046
27034010
63719594
61888284
17200303
3725101
2613471
23437755
21526456
41412374
4591525
50201401
46948931
1500164
27767327
33307589
42436787
9047574
8747911
792561
46951583
14641188
34425303
55832507
52418187
52548850
52410959
34959538
58525340
11687822
62222982
60450939
60511779
53141533
61354712
12395100
35294340
35428123
24498464
17184079
29015301
36318909
56048684
26091887
63250762
54810265
8244291
11164065
62877337
17649544
54620491
40443224
31331901
22778343
6129178
24459932
20946422
64366240
63774792
12627852
51093864
32389373
31912312
16087308
13626187
18336022
8532852
39613473
12632636
53934819
51997806
56760174
19245788
63479861
50361847
1667383
50031010
35147076
36781618
2393706
527465
51633559
55004355
53091756
14175658
42050154
8700006
39539516
5720341
20555902
24582158
57258841
59600882
1000 200000000
69462392
43222005
33528737
31553820
91338479
92253329
78637093
60274410
49918707
31213777
94584686
17896620
71362031
31474837
88282842
55357457
16835527
51459075
28198800
11800337
46314521
52617790
88330722
891145
14621172
17235401
33765515
81017584
8532033
68549955
73205981
19169373
60121422
79082700
77396792
66681514
65021047
1201244
70507183
46551071
5804849
76125483
84251745
72708504
5402144
59834237
75262655
28216660
72150037
38692253
92290360
63863890
61269972
94549802
45914628
54631239
31955404
61393985
18491434
82999512
44711434
46454494
67750226
60470357
40270146
54685598
73040681
64348333
41306900
36993843
5051765
59193443
20203619
71374343
59445079
12662918
54568710
31554941
92072905
88670138
77656218
85670266
85156126
57399235
68082042
39254710
7205624
94827221
957094
28661792
52237467
47083090
47542187
761204
60013616
74143194
13637276
43992588
75415928
93210017
40663446
19899771
70874016
34622358
27859973
65981383
65406766
30168701
18407321
63473326
54915631
71491611
58973233
61707542
52438734
69073880
46915282
42483722
94954578
69758507
64100858
36370700
6514100
25334816
34723913
67748098
68278046
30630192
71021513
4389672
657065
53851840
21318159
11685083
44548110
42359006
26117312
57281568
77504104
62804222
24876194
83048969
35355530
22033357
25708185
91163679
67970132
15281023
94292314
39099157
77148082
60043617
27583979
78505062
16203530
13806490
45994998
52181455
55782582
66036198
42863475
28874364
23399552
20424532
15414916
12335852
4050655
17914670
58198964
77854312
28076307
15720816
21761030
90038537
67903100
51102654
28683756
32958851
29072553
45958860
10138578
24037743
23880119
22362247
25497266
45470218
52980804
67501364
92904174
64552450
66139197
9671387
8966544
94136647
20865845
33042223
90519978
46388564
3213667
31772605
61198741
6583564
60853340
55583519
67847107
57967411
15826000
67609892
18419196
45293727
90311681
17910167
72656216
70051259
82339072
88962206
156890
11471884
68036917
93415331
30139099
80072049
16793100
77454723
81104167
2085029
34709454
81333060
60774262
70354024
44331187
21616383
41849179
80044100
35083241
74612551
53550272
66222854
59729908
69368836
68920778
14016193
52809386
81145986
3383622
45974402
32063685
92445533
61231915
48589619
36248739
19826735
51269759
28918178
45644258
72980166
72467679
9384221
84025797
82836549
19275963
38724667
61607602
65966506
2930605
84964093
3428576
32739629
48303460
18500744
2005799
84411497
376739
64136388
67417441
52202564
26045359
72546358
11364857
15796892
16474432
55492053
87339169
2440728
75328452
20558881
12659346
35495180
65308631
35324465
77883952
14589955
88067040
86634041
68087476
55779010
5271709
69007475
16287681
90157553
25553031
31100138
75972856
44364855
10474327
88557297
38512722
80685103
42370159
85542605
5459657
75053332
21778757
12298194
11794428
89408706
499840
1963106
90359542
50645115
79601001
9856428
87733780
67479704
61634449
5281988
8522647
28933188
13399168
58713921
83894355
82761708
23962484
69378792
28875086
59541827
36287062
26188239
83706065
38263860
89270006
5402505
47648131
50500867
18999437
52073117
11016834
46008640
58960351
71687881
63634807
88703939
67237492
14526590
78835282
37671668
87997519
13534657
90080869
92643532
65751274
61643721
17210264
47480950
44640431
17349971
53120245
33431723
62494503
19162590
27741641
44076758
19811383
82605224
13150724
30459154
33399613
20340343
43801372
57310087
10367110
52485132
71243186
48953431
15320486
87957220
54873774
20310741
87706439
36975413
16226425
15755814
21790233
5304047
41849312
55073445
86451926
78770796
57194852
87881942
28367045
85828460
88520475
12044943
81237965
66323877
91128510
7568448
49399285
314514
32282318
3279749
35652785
65178652
3658951
83834980
35867789
21288215
7297603
46780325
12434044
64131296
78402823
41987271
15052453
89707177
94703037
7400830
20411194
38703596
23095685
47230910
65944086
65804740
91906104
81048136
59272388
52621210
67599993
6113352
31969863
58308651
2191410
33765249
14557104
66417984
46208216
44965502
82559168
77224405
91050857
94967175
37899972
60663967
84964739
68399532
1205405
4521779
82935178
15293582
93675745
77990599
35880500
35833437
73623240
71791754
35235868
25722245
27658269
86521257
8996716
88704946
54448136
26069793
70426775
36128659
19601053
36986148
20806071
89166494
20834096
11171304
88466857
45857115
32371276
15050363
34687091
87728498
7740094
53447045
5858942
13415337
33103441
58003264
55548065
32191403
66711477
41563913
18363982
89604938
41834872
58391966
66221125
54411257
79911936
12215164
61075260
20542921
80213998
87934990
59920288
41920961
23410591
68447184
41775326
45487812
84509499
49219678
3768600
35299803
42315287
57965397
51303712
68641212
11139251
2226047
65693628
10149712
90941113
79096361
81014297
39968749
52621438
92375043
74411721
91278800
19673690
27092259
76735402
52795193
18313309
86011354
50911039
3416986
5963062
94770468
33675246
79128262
92641936
30822453
22598227
16985057
87997234
86665144
77236641
83669566
3549169
81303686
28495561
16507568
39031517
2931498
76164110
82792469
46871563
90493207
52322055
86730618
22072098
8705009
988615
60617607
19297300
69455324
34144869
22726686
35764163
28791847
29910225
40728844
36393861
24843628
47508006
5072000
83522924
94162316
76888694
91895274
87476197
8503571
9589421
11849053
31191680
63403520
16499664
37248652
9219985
42330696
33519731
61215024
50062024
46924573
40611082
34841257
92397596
61987982
64406701
60425365
25242115
56580696
48823775
8322957
21375007
29060982
37156597
94795453
42498846
14316754
78698501
87411350
46080536
9625730
16760002
88541660
33145602
24019560
803042
85504567
13649341
64952400
7384319
78092933
5903364
22261699
52103080
63318381
26821281
59464896
48102155
51765165
30916427
62860025
88719158
74956356
26324051
70009877
33773324
31381680
8911425
25538686
4073151
39437433
69864983
28757020
67957668
39050384
3768391
29092522
13354746
53466197
67866278
16034012
11272137
64462656
32960409
23931001
74087752
41631876
55571017
16293913
26909669
73664869
31167968
75721714
84147815
16204252
15098338
56484727
59797529
21970353
16635666
70495327
9234900
83135267
94585560
58791346
67478526
14653415
5955367
37306203
2568750
64720619
31632043
36525455
19330702
66655161
46139949
61230775
91753667
80462024
26464708
69134528
89115251
40438790
28182631
32208313
17624369
12870056
26704944
72076355
88934599
68085500
72998843
46073050
49820192
86569878
94634333
88532825
47230283
15915243
20247110
46891532
6744969
82665340
24631664
51707063
81982955
8802099
68437950
52669242
62202283
67270324
62995818
57335908
59802868
86376097
90951848
1364967
88389204
92523452
52778587
72280073
1725264
49283005
11321195
77630074
83509035
15734154
81408452
56406694
56507394
24955975
82062717
82452255
89052304
50130177
39338177
76132437
93388560
82386477
68054036
1443019
29715000
30367023
75486532
21380536
46146010
55712795
54486649
59797396
4443537
6513720
91684735
79700561
34770463
19493494
77981631
94590481
90993648
35665895
91202002
39258396
73229560
6211354
20446097
76727004
36617130
20896796
63914506
7204294
5743745
86692827
23783428
214498
9949775
39473305
83384528
75469755
11647748
84496313
89934740
57808153
12192440
1228129
51589586
83850370
26376700
75762678
71758675
71247271
87355243
14858140
78287702
30236949
50980940
92214664
33299882
93630202
78294048
56632547
9920800
8291531
67095068
66947172
27023821
3613864
48621596
24012853
71357509
71457012
68397062
66776248
59982779
19331576
11187131
87355737
5142300
46477484
81259853
67347654
21839538
44747990
80475685
54262373
49646969
523191
56754318
85574259
21904157
20685421
52688394
77084850
73382111
66370750
88204980
14684917
56807119
86525874
7640914
80670473
75464758
61026810
52650280
9441848
94524418
32129976
87880783
22873879
32998599
85769180
47016362
41814067
3804263
37425010
39129538
3042800
53463708
72928828
24621651
4194048
2603292
92196937
60956016
7267811
67702726
22436347
31080663
12260460
22853359
8950090
66396153
53673449
73257129
44264003
24355879
55030524
22066284
14685050
30645221
49428013
48158281
29938079
26277596
87178581
22687014
72585061
82132903
32220226
71981013
72134818
36268271
93793564
61485831
27696611
34804720
66656795
59222684
32710293
58273653
65390749
42408064
37710314
40711060
41731683
3002843
12569286
34552476
57595752
75900808
71472763
85104959
36959130
65422004
26095728
78088677
9926899
44953361
88209578
41417442
43321033
34445202
42649592
63253819
17212962
27199305
10772570
32661900
31794759
92592422
23659377
64929543
50711653
8437166
7898098
76542229
55477917
52088355
76247178
79731721
51252621
41607689
40647638
62738786
91480827
93271482
3810970
67520231
23770850
55229530
7690409
93320483
52386978
1740407
78403925
88590813
69306706
55131547
2643116
74826282
4553148
37492004
26363894
7804105
70054964
75534830
87191862
87664164
93281058
84598153
16755803
34119865
33557313
5233614
88239750
17330648
79433003
18875614
60544590
51319805
63373367
1000 200000000
23579250
58932798
24140346
13700571
26763369
68695881
35719494
57064965
45523239
38614587
11848884
27814281
53207097
5813556
51472878
64266351
13550955
59813916
15158859
61444707
30410214
60172584
67190748
49897770
68476065
43080666
27417390
49383465
16331766
50460792
50204130
5355645
60081864
67071156
20691654
53917278
66123366
31607907
65332392
70802988
14292915
16402695
14859060
15916335
26066877
6450504
45406707
47183136
53055420
23241561
27734037
5683128
11337045
3260967
34360971
9288807
13538247
69984906
65692167
57335280
58242489
34303029
59535663
6317574
63159243
67618158
36340521
11363694
38388264
5595306
1178781
46406265
15693963
2825880
61935891
19383387
19810608
48047460
5330499
37051449
19891698
36417633
54532824
30994773
34588347
57254532
51422100
62632401
21003243
36687318
7434951
26705346
44891016
19530492
25907469
6413775
24408699
57848685
36836196
55969764
56673123
44793258
49755192
68974593
44050065
14741007
3697080
18303495
60712953
4785837
60066051
3640092
71332953
51610866
69099927
51950598
60027657
48513444
6650394
9749949
16726794
21801930
28654800
65278338
12831522
46304835
28943619
55262490
20229972
48938496
47293098
12814710
69028143
16897956
1242573
14949951
45459852
15806319
27556152
65895288
36201417
51111690
16411245
22962030
6238698
55352049
36054384
59732106
10939884
35729844
11592492
10110435
33583758
16544031
30032808
42597195
35411784
54375513
4176294
35407716
47740326
65430618
21868593
50409177
71876526
11099571
28360473
59905311
21309414
64094361
37871007
33877509
65502474
67796763
60559764
31696071
48189255
41827146
45615624
4334919
14180649
131442
15455094
60329202
4386507
22838136
13918119
70468818
61581282
52408833
71787759
895857
71259054
25485738
30556356
30378687
16170180
5189343
58254927
68900253
2159628
38098293
15244197
39608259
44006469
23934777
22065
29559066
4085826
14754777
53060226
680091
12566175
64658157
32554410
50037441
5523351
32099649
6051363
43195785
49714854
51776664
3695505
44894058
19341330
57549453
8033172
21061032
24956331
1984659
62187045
10266567
70148625
5579520
15829998
45643605
28124790
62175552
10240395
27876489
28055751
5011449
33486342
9766023
65940369
36018438
28637763
29791176
64369068
26496501
34802754
57929190
7569204
12042681
40161633
51027981
3560451
18312495
63785436
64015638
28674987
12259185
44994282
49011108
2536206
33877302
33422235
35865240
9128571
12523425
58355268
20057082
25778841
6066330
40425126
37853961
52388529
8956482
35736576
7625598
1631085
64926681
2746626
31231905
22080975
37250466
32829567
538809
20800131
16249551
62358450
22797159
57831333
68337096
68197029
60405468
19009257
62331972
61425600
1926762
31801731
12979518
44532015
31359642
45840417
7771344
30501825
39057315
52262205
22817400
58864506
12672942
22557714
998547
31535133
37450482
59757927
49920162
12335586
35531916
70591668
64234482
6883719
33273600
20933835
31112862
46619700
7684080
54411126
54909060
17704410
13471089
27842676
66715233
18842406
53531268
25077273
16587717
55310649
38241771
34158930
18768228
59869626
67406028
21019272
49115769
272922
39860952
34331748
14380908
54216339
43922076
41214777
2638239
53572398
66035706
4940376
26728917
26798919
12828597
3696774
15290781
3421482
36555207
64204863
5212824
50442729
52549233
13346925
2962320
62063511
19021056
20988636
67529337
30725610
16377189
34319544
1789278
7646010
49093701
63060144
36661929
52280808
28768488
44845629
48089544
438072
10577265
14613504
70307709
7533960
30979203
57165513
8577636
36258639
66803658
58519905
2244030
37228011
38743620
71421441
11069151
19211073
58905060
18882528
39885675
63161799
57089652
6772794
35964960
6801747
49446501
56129118
15446868
28107042
6107820
24956664
32132769
21016059
7927143
37921767
39866352
69369009
12978141
11489793
35306043
40848828
59236296
64560165
13454286
27391254
8552643
63258981
37738464
26191563
43269954
49779609
25069542
6063945
71266002
21893541
55737591
6052074
3024339
59885007
12394545
29383026
62161719
47472081
11818689
57861888
56989086
9104100
64031991
10261410
14319978
22271460
16096965
64735233
69596358
30507045
53490138
5544672
58651647
20383908
23749629
15654921
6884763
55235742
49430121
57725241
23340912
34611531
61632834
13659936
44196594
6659718
8206377
47451534
49652835
29367213
62409885
1144833
27876318
34779786
54408705
46621815
63188682
17534004
30903612
26054007
47163975
28278969
43299339
37105854
2844456
4098570
30473916
13326423
13728012
61052406
4248483
66527934
3250896
67703460
10606083
54545046
43271952
26083059
49472979
15686106
25462626
47615541
59563716
57406569
19954347
54350205
44139336
28000140
57121908
48392133
17111616
11004315
15948015
5717058
8019069
36028518
17863458
52581372
60123021
37831146
23388072
353634
62261106
62488572
67713882
30463206
51508068
66783102
69408429
32899965
28555710
26698722
45871890
63594780
63589677
64053258
41662329
61556037
38588442
39588261
36330918
24076410
10897179
41078139
44635749
63241881
60824868
16439883
71014902
25122705
44873862
9414087
53548260
31762527
56219721
15808938
34468044
61737054
71767365
55321206
36448953
30822486
70616067
27265164
15095022
6900846
12062085
10053888
13223796
65652468
38675418
16004886
11129622
5237826
45918141
31920711
40026111
65573502
62046924
14333865
52044207
30348933
57612858
57558831
27766338
47157360
15554589
40866216
25616994
15366453
52728540
28810887
32162514
32745048
39514803
54784923
42148194
47930811
57094260
45023811
46277565
39665841
41976429
42582453
65500431
33777492
2710977
38396094
43893870
63779820
49727760
1626441
10826187
15506925
27562119
17738682
22696116
45180951
62408166
47051907
58006149
20863689
38229297
33921069
45609081
27843855
54538008
42835416
27474108
26287242
3529743
16506726
43291716
27352194
66638103
32341488
61157904
12103908
8511090
57181056
2373792
35573658
70524699
52906830
56715252
23454708
23784045
11280534
48525594
44657448
14666856
68952102
18848490
27855429
10310307
7176516
71220084
61316457
12783696
55512195
48577884
45437289
35832048
41773371
47042475
69505989
6180081
47681799
2199255
22479720
15427581
30122691
24440163
20596038
17227221
54229551
61712259
54900906
3639498
68872902
40132032
26087901
48729039
17898855
33157122
58699806
70004643
52153818
40689357
54979026
71189673
52137897
8159433
54074967
13197489
22763949
26246805
4283898
31449075
37348368
2082093
51164538
40803684
44253861
35109420
70639926
40742043
12114528
65920587
19332060
36922938
20556879
49761006
59988705
1431654
446100
25863009
24304290
23964684
42400356
63791448
57612525
27145761
40026966
33209313
9107475
2853663
2218596
13409619
40905321
36171042
1450491
69957060
12315138
24954243
68066448
4686558
28790394
28264785
40137009
41824239
10995117
62324709
14974035
27969099
68596908
33933390
47535378
19569930
14132094
12946371
18083463
15953568
43556784
36400560
34795050
51325413
52168245
54219939
49789563
51786996
33023661
45467106
49402554
29127957
9268998
26404674
15392733
34046061
24525933
59852076
60519624
35613393
1988763
59200809
42095238
10432365
71201148
51477009
12201441
63547377
71031849
63005289
59822871
69221256
53699577
49670097
52129401
40164000
37178538
53894490
64552731
70015353
32377470
65794533
63376215
44779335
52768239
20848767
29740317
39424695
18233133
44974788
10440915
38524776
48715773
19288743
57327900
46833495
68087949
5830251
36437343
9011994
39696297
65497002
54002463
43292454
20405454
65680368
47237829
59054460
44672973
38711229
52173168
47940747
22523946
5549190
9031443
5010171
59550297
3416622
37298373
68374347
69916866
8391417
36540519
70120230
29307912
52016073
62614599
25168101
33036351
11003631
57482664
47901768
49759953
50895105
50456490
68198208
42196740
5692623
33182439
20430258
40656831
70891404
42985257
14157222
32218719
40568055
27042648
27724092
70046781
2849127
6472293
28625649
52091331
36487878
24432342
42079191
12215409
50383320
35953710
13803639
17051973
8870325
950343
54295818
30389739
49177113
8764161
52149624
60839223
20971005
11808411
65937750
22697142
64979547
2352183
1600773
26517201
56402790
49911027
48852573
59064558
68874603
51499851
44287143
32607384
64021605
10301829
43713105
31956531
26732427
68402238
54073383
31357095
2434038
59056332
42461016
56580423
64422042
62780505
50891658
35955906
56705586
37058226
28204926
17795130
53947095
25170837
47783328
36291534
17029401
24330282
41111493
25257732
71115963
65021415
1462587
48406011
54745845
53263563
62329389
63746151
41963019
69938034
58861437
17736981
57722325
3282027
12133572
51175590
41733222
11048685
25107603
51868554
40579800
27815802
43782999
59607915
14478594
19526910
13824051
3454683
35911095
44495790
71203542
31416207
33113373
7490625
50896923
21398595
62154672
18090933
26056266
14618634
54700692
62922588
58697718
46284027
26317590
1500279
45501198
27377115
40113510
2511366
37737762
17163510
26840661
5711865
12574293
55582791
35242899
20620680
17526588
19419783
62622573
48669927
64373469
1000 200000000
37033363
43427543
39140523
51957658
18628218
51428713
69528328
60628878
10382518
31411838
14191078
55704488
23909668
4093448
1492423
47741128
53302598
33862148
25282673
42915668
15197488
52203758
74275958
8626618
54772543
45444763
27727453
71990253
41725328
64691648
40260628
67967953
66737938
70404488
65189448
37470683
16528708
69896948
39300928
1505328
64829228
48505248
29019553
37719718
44814473
28214973
14485348
64358868
14798253
55758213
48976233
3106533
41307568
10700083
46832683
71514498
63858408
18202443
74313413
50147258
3831693
24091563
18411223
10792178
44766818
72652288
56609433
4320353
6277123
43017198
22654363
45262648
34190013
29496403
70301923
19252648
56594748
56703743
69485458
41467108
30624293
73005678
43276793
8421363
12048298
15563018
34386108
57692043
12963813
14625918
71695483
45483078
39885073
50938743
7435498
6371663
32085713
60102443
42724448
42097403
16951863
21408133
57526148
6659618
38789493
70376978
16703028
66889818
32218678
17977993
5419738
57519928
35410413
14095073
58344633
63287108
23728883
62852933
34289573
58811388
67261303
73858073
62621178
12344248
7481158
15415938
25686268
24902313
10326018
8669318
47334458
53492493
7046948
71830993
29331643
7779133
19625453
40820018
74204833
30572873
8529928
59019088
21091853
56401028
59639603
73538678
39507753
7354933
50582603
4566458
9423968
3299093
53980158
57149413
23847318
45242603
74444223
74513098
25848973
28300773
28854118
39251433
47924808
10645298
5889238
61257593
43923973
40812318
52601588
72538693
57214313
16493188
4315783
19023868
58930518
1927533
16882233
31260623
42020043
44412843
31255763
40500023
21373658
43284888
20825433
37837943
28655938
33779393
69334323
8161373
65564308
24878118
32514558
48670698
29088983
38376448
9534143
11647838
45883213
73040083
35883218
43061378
27266253
17712668
3526023
59705663
58042863
51784823
40548178
50892278
6074768
71798738
41518383
242388
25130398
2259693
25575533
28784088
32485708
42255468
35813678
22544293
52411173
9538693
44940273
37476278
43546293
43490858
58491348
32730343
19826693
39635798
55687163
67336468
71366038
30512783
19269383
72034598
67527613
4251428
11118363
25645578
4932663
32451548
13259093
50366493
43905083
50266463
54130688
70035668
3268353
38686268
21230018
36714328
70503698
37302448
27845558
12844793
38913138
74993958
48380183
37169698
35718678
66958188
41628463
67097868
55361893
60372773
332918
22730303
39422523
38492908
67181033
25764233
14626933
72391533
6268153
59858463
8047653
66935488
65500318
22764258
66644683
14751223
24731473
65495438
30890193
5231143
49684108
36736823
14067253
52118883
22337593
60789048
42658763
40188253
60209508
17789148
16854693
51584628
62236373
65603858
42668768
48834938
3604738
17887298
72443678
50301323
16915518
4255058
23304913
19514898
59465248
21586183
13701653
43374158
56681898
36569043
8461553
800618
65864868
25958693
21647583
46459203
9660058
65532518
21350238
21390173
6648628
24398178
25549718
35790018
14824843
32857153
50984123
33410108
46451108
4714783
47487063
33245253
22163948
6128053
18102713
71736078
41069368
63995163
60511943
47003593
59286478
46020133
18320433
47551138
66777788
46906513
45367678
61050478
6627908
5044603
45276343
27532863
63543328
12730718
48056103
27688053
34306483
61742953
20801458
70423008
46147473
56644493
57448653
47443378
43049658
38278323
42188063
70977263
26794528
53977733
44442823
70594438
34318443
12664168
22483228
6009413
60929313
42838518
25433963
16859163
40774418
3034523
69320013
12145443
48384958
5986793
59282718
51967103
24741818
73652428
32118858
45770193
73655673
41722468
66011048
34418623
30915238
13806443
57984908
60420158
29985003
26585738
15786318
9218
29250553
13164723
55629783
28066648
62998223
31780388
52056883
21939048
47456698
29548738
28658178
4190943
73948978
60553038
60424508
13821848
44877308
3921428
47735708
60838988
25816833
63347953
49671258
2697223
59244858
36295273
5740263
48519468
55930178
34186608
47329813
6198838
46313683
6993978
52663568
22430478
44545873
44924303
68859258
8531673
15661748
36856558
66870483
74805293
44123873
49223203
24803493
9568593
31241658
236448
45276288
36746323
31505768
7936803
42280023
16334738
18284743
22073198
60610538
47646543
22127763
19540168
26944308
21731478
52507023
36142678
39488598
34596288
53133448
27844033
46171743
43662138
52558453
33390528
4154543
4206563
27804138
14418333
15329663
61414188
34128863
7781663
54211113
65729258
66852873
25573658
39475123
57365628
56107473
39993183
71669428
1372993
54165868
44418233
31207198
17859753
60968323
17001623
61493148
73253078
24649793
15712868
38293678
50286873
25183003
42184648
41263483
45087063
45230238
25093068
46999273
11822998
69571953
58350508
8015248
1674038
2900933
3155353
18044993
19566053
55729748
57388178
29091528
64840088
66227123
22126508
38426018
54872333
11978043
40978768
8837693
67484528
18780378
54589433
70786608
24018403
38148668
16224698
65898778
51293773
41401578
70321888
51054918
68360388
34043133
52067463
71227413
38200693
8778048
15991253
21611033
53655763
17131228
20130178
46306453
55445273
70374938
38256968
55295483
34787993
19762853
8335958
42509818
48068958
67855113
45630163
7225068
46682093
57384958
68854143
29271448
28250213
4529443
41927308
14579528
12442118
67952978
72631758
34412458
43160418
41305493
1623773
65549578
1172598
13138398
45871698
4192698
56074263
53379553
64734918
71588753
34532813
63948758
16504573
15352973
5245188
43347068
32564568
5819703
36857528
60105003
7351948
55113193
46079768
11320033
64600873
136748
57599878
57868348
32978353
34766078
31287533
19401048
28952553
29626543
8409083
37719573
28961483
54972888
21495078
11745403
56971668
54767738
21290558
46734193
12532813
8922673
2800018
60565088
51108683
34340843
63968078
23441348
66488603
35655143
59313293
56783253
18082703
74163013
71715158
10053178
67591433
43589268
71387743
11618998
52123463
28857978
35199263
32754508
24732693
21439928
24852883
35999258
47199918
30602048
9052048
9590178
58002963
53395213
19995373
46392853
21669093
44413618
47997643
64203418
8787433
6061728
68679318
5722778
61125043
30205698
70689298
25983023
61417213
40236408
56855693
22067393
48437108
46355238
47680558
24759168
46273338
11152773
18464968
57219658
50034113
74170368
68103753
37588643
3202183
42128873
11107613
48702428
7757388
56669723
20561958
8031408
37416298
52204953
57434078
11894608
19009418
4699193
72716373
74657688
57752468
57737878
24047568
48013328
24291263
56750998
13191013
48583973
67905508
9008478
48439423
24822978
30433668
39185928
63476708
32342868
32728428
32265403
61647483
32711883
32810648
46030023
1339918
46544113
44173398
37179853
19195548
22518568
43001068
67072158
67811483
55150658
54578788
10654073
32261658
36038923
40400723
65722183
19454503
2500488
648273
39152188
45572843
37506303
50525078
62345403
59017178
13364943
15137693
46463398
41113498
10965598
6091648
74895998
14919578
49300843
12120413
24524873
36385453
64185678
49965593
22103458
67620288
70493253
56878938
7863433
17704258
14666763
9535283
54999653
15894623
41866733
62544933
36427943
61433958
74645333
54618273
52822088
28950773
5545098
47692033
2587788
24844228
1875198
37361833
28362613
9808378
35646218
37336943
40206423
20618198
58538283
60626938
4798683
59240083
57355898
25692713
62577443
16556318
20304363
32426298
13864568
71147603
4176408
66621588
40308813
56618153
9130698
793203
28019258
74959828
66516178
25583763
27683838
60591193
15044198
18927453
31306393
40753713
13601993
51049963
50554453
36897448
64639173
74313628
71093918
57371438
40627618
17589798
22566738
74331948
3449443
31236503
20223698
45861268
3835223
38304303
42195383
14136043
38987953
56077788
74811503
57968008
74112203
55082528
69804588
29695613
9454398
41422288
3717943
19650398
61364953
38002988
41140463
5569843
13863258
26745708
11011648
59045498
37631418
73695518
58482633
69315038
68558538
74540498
56112173
11639338
37696578
69352723
43872278
45595358
66901223
65969243
61350583
54337358
72787223
50149238
66693938
68640213
63171283
38416958
29444468
35870243
34865658
41566328
74152448
17471028
34447138
9604998
67181473
35485683
39699278
15669943
53376403
69625888
43870858
34037433
58635338
5027288
58597848
59574523
49351948
67032078
28888273
63530718
58062913
23777073
62361553
11168443
58076178
4485158
11915733
61090028
34713313
43181978
74072398
19771533
25718633
49934068
63530878
73243923
69285288
35898383
11739208
39227103
18492453
47610793
60686823
5696303
32792178
68172133
18247763
72307813
6472943
8834398
48238863
5046713
7366438
61008718
21756493
8876498
5844368
19093128
25137428
8920788
46096228
26823523
6675678
18361818
44665158
8323988
4338938
23841058
32728713
211133
11175388
62591168
50354638
61376213
57545168
44652633
12494898
20059828
68022533
34898148
47278093
41652908
69901153
7117188
57095683
22900583
52151428
26178403
55281373
52712468
73825878
27183723
39614383
42403088
65692693
65416568
64019348
74489053
1000 200000000
35028950
65145918
31429032
4871739
39733734
14216963
55883406
30333406
17000247
53110223
10639914
33748685
19527065
19201621
40289275
18989458
68060263
68416213
51227692
63904853
58780251
62309917
52646550
22446415
69422743
68742098
47971705
14225118
53348447
7402876
63612421
40657377
68593250
32618374
42900464
60960023
36664885
65479517
44426380
43430833
56636046
42524487
56604266
12817761
11954150
53371491
44432841
51246179
25652590
18204800
57102491
20260924
46161680
39714281
20051841
27081801
57103695
68419909
6139558
37795770
18390650
54249361
31343093
65300457
69862427
61345912
35146928
35013844
23274907
35097480
43891524
37282068
29110870
24271476
15866331
11312768
46392337
24573043
58950988
35205322
1354449
11235803
8929555
13765099
39268087
17839547
67499689
42679005
23626097
35262834
62458674
52769071
57314241
57934294
51551288
28708202
26535703
18391532
48297436
48791237
58520957
43929702
69314726
38674998
7416113
21462152
33481670
10985546
64163741
54599039
54702898
19322511
58585112
49167312
44273507
36560529
58926173
34955408
26013510
48593718
23245577
21204762
61444024
65346769
8283294
33581588
25584277
11610135
2207574
58697336
7743160
35191266
69222494
50848607
66343338
46634152
62356523
4829480
50387594
51832338
27013782
58082204
43008369
49343740
59325509
14132508
46002409
64452106
29758846
29413256
286795
8093923
43517892
39359675
39887006
52256825
60675375
37918025
50933258
49726514
39221012
37394089
42630124
12450996
53787557
61563136
68151193
64112410
60421331
44529721
53243930
38161730
63282378
13307481
47972972
49928254
29599547
62533896
66055960
46257909
47131376
32067761
30840374
49344881
54375284
55604666
55066422
51427654
40013076
68029533
28876622
2757592
62992816
66742779
59814473
17287282
41290583
34856190
48206394
45394137
51123007
13648864
65092270
53135360
12788340
4871277
56344160
51930275
2911697
528225
3524911
217390
6150016
19016863
31978315
20988784
49324322
29736824
3923211
53618640
66478753
58769765
64278639
16435312
3979099
29164504
45943105
30482520
16900112
24445895
27682345
41717744
33261107
9639880
50642660
50413935
61725571
2746497
37164923
20169623
11651050
34237040
39247444
52840513
45021639
31778066
48681323
5909545
2037152
67101585
40354599
13364727
47714427
21116674
63770040
24474224
38861702
35231320
37908659
49695812
37581969
37960837
49740164
23736123
40516887
44169676
63527665
32093794
66489904
22141348
53405385
16938843
47245469
35122134
68774319
13358315
53467776
55672797
32616890
46557859
7628962
67397503
5833126
7941050
50771551
22047275
27113651
43254860
66647334
67750485
30886378
49659405
64810639
62932378
45120080
31495574
45950245
51770885
68853272
23444132
50758846
18922461
53883716
47080962
31611662
41839208
30501658
41482502
12477064
19616140
33184744
62925245
22441403
48447677
41737589
30342100
41586886
54655074
23086663
68791483
7627142
65767609
54095942
13539979
23081665
46795348
45302787
56194395
17244120
50694565
4365331
57387307
68634284
35708440
8978632
57347631
18859349
68347466
51705141
39235089
23221826
20982617
63568769
19775460
22582411
50776703
38049723
23485530
24571685
41147902
30751376
15990189
25183527
8477558
60860154
38984230
42571716
39915839
58554501
12381969
49634870
27588713
37202002
42579780
54856821
26917602
35863210
51188989
26547750
45938849
11385757
31650211
41084951
4728253
61409199
49623306
59083715
6398670
2806466
52115089
9834648
5807135
11081355
41644930
25674507
46351856
49238411
68686637
39413652
67993952
14474696
53538182
20728860
62966125
9939207
57480162
21274769
46208321
51843230
1629010
60783693
38664729
49229682
4709612
36092271
28302202
50099040
49736398
58498487
43945536
68699097
31418252
3577222
64083136
4413820
13482880
56460402
3002585
47267456
54286181
55017065
31614378
48368920
2445147
16643471
36822735
63143169
56139473
39648628
53795824
37670869
55201095
2585714
48656207
16667278
36721704
39021575
67414835
25387556
4955158
35420642
35662996
17308086
782836
56856175
46927396
47197687
34289183
20730575
43899952
25584011
26283381
5612108
65709313
26206934
15945886
12365085
60720189
15681636
64339056
18178284
36428201
62473969
22023405
51929316
44370996
50481177
47178521
14651775
18202714
63640680
27020208
43597090
18187363
25247171
29296706
9829762
28338329
3697769
47293923
66887301
58079005
25066781
43879043
35326310
12617554
44653768
69265152
14406432
7743426
13191491
68821604
31459993
464630
33999495
34426684
4012132
50758391
44408754
23551617
38145840
62069334
15365425
60616414
43481618
47041489
46876828
17027456
65272548
10999490
3253395
42181060
27415225
57206861
12720783
65604726
21778965
44981270
3906509
41828421
61565208
56912987
52848486
7780946
37994997
67339515
18049057
17784408
62328467
25641348
7589279
47203875
8946376
68893816
22525676
46850949
32124237
35173794
55839089
34901102
62438612
17765452
57568005
60303738
33240107
56906253
22275531
15981978
1406018
4870108
68146328
20770433
41064679
57897775
31971756
31546926
15040667
43898944
45837888
36865785
63338287
21970884
5122899
6888495
58851602
47471877
64566171
63896733
50491243
42274937
17450053
40540106
68419314
39845097
45660725
40361424
41836296
44526837
55361241
47162771
198483
66007891
23178524
64844701
48787541
36633259
55045478
39605088
42214884
20454516
1175781
32775244
10073054
69397795
58546206
50082527
9542006
67755868
4403628
27836177
55525125
31582850
55578241
16612888
2496590
57191643
22712044
35428762
18104245
65550595
37845540
12677712
53356217
24703572
41524502
60254584
19070000
6535212
37945948
28716791
7945390
6409534
68848652
39477681
51541397
38058767
23241174
39648306
48827385
9548516
515373
38645381
1310307
29273095
39662131
8065202
64553270
43149181
37828957
45499123
2548264
52546800
24968690
18857221
5876799
27091699
42523129
44832527
54303149
26541758
63428734
65699590
60764814
11237511
3107879
57302712
16390883
61938595
67970411
63574565
29944346
58706198
65356828
25755567
20454656
41459759
64389232
53386170
38282088
62402268
24596612
18184101
39155002
49092762
59344297
5327397
68087199
3736969
43810317
7320948
34139719
64192952
55438192
3534893
68711277
34735293
27546300
29575775
58104387
31056471
65401495
41107715
36137554
53320860
69379476
30497507
49684885
16386970
34704850
55747228
1880758
31622799
64354393
21796227
45243371
49456629
12418005
4372828
60619466
16082722
8152667
5294091
21871890
10475729
55308489
60505611
48413384
22109085
46951364
6412026
10385618
43489458
59141241
1445001
9239942
15401286
26455595
41725080
38060594
32861344
68482629
45285490
50287928
2554781
25529768
24387893
32463184
62832999
60453741
46770967
33440132
47853496
15265605
32237462
26326235
27247092
16746399
41896391
9131120
54726411
55615810
39789069
63921632
59988318
4952617
63563176
17448548
63108372
49821322
47132958
47027678
37470424
69937243
28391984
13273349
1432093
6916257
65231143
18399561
58892615
3606475
10502889
24904129
18548997
18094571
51135432
41317078
2205383
8643633
15884895
17222546
57485020
60716990
9299736
11712636
9971190
39256061
10039209
56770040
4084323
29003623
55122709
54709268
55084524
59680472
32864592
50147571
21766421
45671393
23339349
37122650
27883840
11286385
62292613
66502672
40436044
22138065
14533741
52949517
34368234
201857
263394
1620897
11554422
14494912
50669197
24403447
20482565
43783297
30892832
34753794
65130175
60441750
5857080
49889628
48874649
36744433
27555624
21608998
32299083
640372
26085939
34410507
56542239
66677007
21691227
41757602
43966109
53347894
54166397
12108430
9052307
56698010
50147249
16381790
54520800
26174062
34453767
8499496
25687373
3668803
39473880
10696943
47453726
25458144
41613759
7673181
49164540
4620334
43058440
6396773
691059
66380361
20609636
2761267
12818286
36663233
67619809
46449184
1321381
31025608
479414
65936225
3145805
29797220
39958308
50511249
59288269
3861618
63792839
39051696
17223785
42440011
20579298
50409049
61206990
60611283
31660977
30074735
54796327
63458785
60977033
387511
31077667
17451579
51029445
63422133
52331074
15612693
25169961
41569351
37602311
11716710
34277423
69460662
19838719
15804087
35982560
13097929
44943120
61894005
36093419
1168858
55624056
56290393
52350842
39431019
22903935
7636186
26565453
42553005
51798738
17638920
31236665
65912348
53454707
3310753
62705067
45858300
28221975
54437584
4923483
56235177
17559526
5060592
44492544
11289563
33361977
51328247
14209767
59730816
32615882
39089874
32739691
60622189
21405375
62846222
702728
21446213
23950960
4544041
38966464
25158677
39279749
33457548
14905308
11474104
26607971
52887483
51762863
46786346
11449814
59322982
64431407
14990281
59029017
57413634
48112853
44141802
68853321
11059004
25439377
29827810
13012802
3136978
48446032
5159166
32896624
49524466
64876705
69151633
43212986
46444536
54284991
19808759
40610505
39811021
42873766
15797395
23608471
24236084
12055090
49273194
11045823
60021183
19859026
42463587
1293451
57007151
17743759
0 0
