3
6 6 3
19 7 4
21 8 1
6
5 4 2 11
12 4 2 11
11 9 2 11
14 3 20 5
17 9 20 5
20 10 20 5
7
0 0 2
0 0 4
0 0 6
0 0 8
0 0 10
0 0 12
0 0 14
12
0 0 1 0
0 0 3 0
0 0 5 0
0 0 7 0
0 0 9 0
0 0 11 0
0 0 13 0
0 0 15 0
0 0 1 1
0 0 2 2
1 0 0 1
1 0 3 0
2
0 0 3
0 -2 1
4
0 0 -4 0
0 0 1 0
0 0 -2 0
0 0 0 -2
100
178 77 13
93 41 37
193 165 51
180 65 34
137 123 10
251 30 1
231 81 11
228 46 12
129 223 19
31 221 27
24 93 9
21 4 1
108 189 11
219 228 6
4 194 3
89 156 26
81 98 9
240 204 6
193 151 11
24 41 11
248 85 4
135 124 20
16 65 2
44 151 9
110 30 13
62 192 11
86 54 9
34 224 11
138 20 1
166 195 5
4 128 3
110 243 2
194 19 9
7 135 1
252 228 2
21 202 2
224 182 11
177 237 10
3 87 1
155 238 1
19 19 2
231 12 7
2 25 1
245 20 2
36 166 4
6 140 3
29 175 19
228 48 6
197 231 3
249 173 4
200 174 12
189 5 3
29 102 27
214 10 6
88 104 25
247 66 8
178 68 27
185 3 1
177 171 7
222 232 22
206 2 1
16 117 7
74 2 1
5 39 2
153 3 1
198 254 1
254 136 1
53 64 4
176 242 3
6 68 4
204 130 3
39 14 8
229 113 6
173 19 3
6 2 1
11 146 1
61 103 2
172 14 12
5 145 1
2 229 1
167 220 7
89 10 3
83 146 1
181 127 7
89 239 10
154 252 2
216 2 1
8 55 4
146 247 7
234 160 2
5 161 4
124 245 3
237 18 16
207 234 4
246 134 7
88 242 3
139 54 3
235 119 2
65 250 5
73 30 7
100
133 29 140 209
249 48 177 154
83 86 178 82
42 170 56 122
165 214 139 8
74 66 165 185
216 55 215 40
78 152 53 133
111 217 107 179
198 235 149 115
42 174 108 77
249 116 11 106
51 141 164 26
190 32 213 192
114 160 169 239
122 140 78 98
49 22 164 22
218 8 62 130
71 181 114 219
129 211 247 186
213 72 219 77
84 197 71 245
33 142 166 202
60 61 249 91
184 210 186 184
213 14 52 141
57 66 7 130
59 123 49 46
43 141 115 197
164 250 12 194
110 40 197 55
167 220 148 40
30 143 42 106
32 100 147 235
249 69 186 127
253 12 84 14
102 228 201 151
7 230 234 20
55 139 88 117
29 65 68 126
47 73 185 176
45 48 157 191
250 149 75 181
115 3 114 252
249 183 244 91
176 0 245 63
210 24 18 97
231 44 72 248
216 243 6 83
183 33 23 246
91 64 176 179
101 152 248 159
48 187 106 18
142 30 195 248
253 30 78 236
121 185 98 20
16 197 94 115
89 45 5 169
25 7 86 7
202 213 189 192
158 40 91 140
8 159 231 120
36 228 107 247
64 181 152 16
151 9 15 59
58 132 250 67
26 254 132 77
228 155 26 168
142 105 66 34
178 246 221 232
73 232 226 87
14 7 71 150
13 14 1 235
140 208 253 109
94 250 42 130
167 225 48 12
68 4 236 60
131 194 184 139
128 171 27 39
107 207 48 47
163 153 247 83
121 182 7 203
222 190 65 8
55 76 61 20
180 62 140 5
71 29 147 86
38 155 38 68
15 124 15 98
4 172 251 153
181 205 22 32
53 0 212 20
143 127 127 55
13 127 147 132
204 110 182 235
225 199 40 251
69 90 121 251
5 44 11 82
114 70 118 132
93 7 157 243
159 22 7 87
100
20 132 4
134 176 29
15 95 11
163 139 79
19 173 4
210 157 18
206 2 1
222 178 5
39 137 3
51 17 3
90 33 8
10 210 9
6 180 2
123 89 11
243 56 11
201 245 1
56 134 4
170 235 6
12 223 1
84 13 12
19 192 9
164 27 12
212 157 5
106 120 17
109 224 7
87 191 10
16 236 9
242 201 10
175 152 1
167 249 3
217 165 3
5 213 1
249 200 2
234 73 1
9 41 8
148 119 5
124 33 12
26 38 6
36 192 6
80 9 4
19 241 1
187 203 5
204 126 1
148 197 1
58 203 14
235 138 1
4 141 1
151 253 1
138 175 20
76 195 1
112 235 4
221 250 3
3 26 2
209 64 5
49 226 10
220 122 1
194 10 1
242 253 1
166 223 5
228 240 6
253 206 2
60 244 5
57 84 26
247 72 5
239 209 1
24 17 5
252 193 1
173 135 22
77 254 1
235 10 2
202 22 2
85 10 1
6 222 1
43 225 1
143 13 3
14 180 3
224 6 1
44 8 3
155 227 3
251 15 3
219 205 1
187 30 4
9 142 1
102 18 6
8 125 3
92 209 7
177 100 9
118 233 21
127 63 3
253 5 2
186 6 5
7 195 2
23 253 1
253 94 2
196 3 1
183 247 5
58 79 17
151 120 1
117 11 4
130 12 3
100
3 117 35 235
126 159 52 39
140 215 146 76
21 129 40 237
19 125 194 234
251 85 2 153
216 237 84 2
81 201 150 39
254 18 104 139
136 231 127 222
223 16 176 8
148 92 126 221
181 69 43 126
89 134 29 220
156 48 146 150
247 19 84 0
4 119 210 230
91 8 195 7
175 163 209 67
35 116 211 195
221 81 116 169
16 150 105 83
136 136 246 48
7 15 53 222
167 125 164 141
91 123 193 0
235 11 31 196
214 33 95 176
120 110 62 237
95 207 88 35
239 85 82 135
97 101 15 182
228 98 118 48
73 13 212 46
162 108 208 158
248 49 160 73
246 169 99 148
6 140 116 186
171 23 27 35
56 51 60 159
205 83 142 87
190 250 250 79
196 110 55 66
65 44 100 183
231 14 181 104
89 33 50 192
54 73 182 202
181 160 30 80
142 216 47 26
130 31 100 66
116 191 209 52
160 37 153 96
1 136 115 84
48 13 31 159
181 4 51 53
225 54 231 23
49 88 140 238
85 133 95 90
79 61 49 0
231 58 72 227
185 129 107 239
66 150 129 128
47 151 123 243
58 239 80 209
255 131 233 115
60 45 168 20
222 165 96 71
216 77 111 22
206 194 237 171
175 82 210 38
134 74 186 183
75 117 77 134
170 199 101 33
184 115 35 79
135 41 83 80
200 252 196 88
154 208 219 123
172 246 77 59
223 245 249 180
162 53 124 76
219 104 124 16
164 254 95 196
224 235 27 70
134 185 225 152
162 163 57 173
247 122 240 111
111 246 100 121
117 158 231 201
118 11 121 93
10 190 79 200
9 154 240 1
40 144 6 62
175 54 92 0
241 218 194 160
95 1 182 10
186 200 33 233
110 114 237 108
185 228 4 134
48 58 15 170
40 32 85 0
100
176 85 31
28 179 8
151 12 10
69 245 7
239 242 2
197 2 1
215 228 9
117 130 111
5 67 2
14 181 2
156 6 2
147 177 43
6 54 2
237 205 17
66 254 1
238 96 10
119 213 2
11 18 4
212 16 8
2 175 1
2 73 1
228 53 1
191 120 7
239 249 2
14 253 1
109 92 20
37 142 9
17 232 5
180 251 3
36 246 5
249 116 5
7 8 6
83 216 10
246 232 6
57 77 20
143 160 17
24 88 5
183 246 2
6 95 4
176 199 3
246 176 4
34 8 4
78 185 16
44 116 12
120 38 12
244 139 1
233 56 3
54 239 2
54 171 3
243 230 2
2 184 1
242 3 1
157 74 4
163 210 1
73 175 29
249 204 2
8 43 5
193 42 5
80 254 1
150 121 13
143 186 5
9 212 1
102 248 4
22 14 2
58 226 1
184 233 7
249 243 3
147 13 1
137 248 1
245 36 9
73 182 8
235 8 7
76 91 2
120 197 1
55 9 5
92 253 2
152 19 1
118 253 1
250 133 1
95 72 1
251 254 1
245 37 1
197 14 4
63 7 3
38 237 2
225 251 4
47 18 2
245 251 1
248 66 4
6 87 3
172 124 2
242 111 2
99 38 1
82 91 2
131 6 4
178 247 1
6 235 1
177 163 6
201 209 4
61 122 3
100
241 42 178 102
200 164 249 48
43 136 17 214
77 130 159 230
134 91 91 177
53 118 25 27
253 97 110 186
98 169 113 244
107 98 174 24
0 131 239 124
36 99 77 140
254 15 89 229
23 115 158 47
215 249 205 250
164 43 162 113
1 176 9 224
26 79 127 226
141 40 137 96
195 66 233 61
35 107 148 60
2 180 62 168
255 253 188 31
204 115 8 96
49 255 184 58
161 52 170 21
194 34 170 153
57 30 69 175
154 19 121 193
166 233 52 180
184 144 178 235
81 243 217 95
158 26 151 9
181 21 231 120
236 9 34 115
10 81 209 18
66 104 178 167
218 152 119 91
175 161 203 246
243 82 86 79
53 224 110 183
3 7 143 165
61 35 118 55
33 202 250 76
253 110 122 125
64 2 134 109
199 203 226 126
200 181 124 138
164 128 161 32
54 239 214 214
2 248 82 210
203 52 156 55
46 163 58 158
4 51 44 114
119 2 32 37
174 50 54 158
94 249 133 88
123 65 164 176
154 102 161 190
21 121 157 19
82 16 168 205
63 122 29 152
230 49 23 241
169 32 56 75
51 200 215 68
36 156 87 175
73 16 47 125
181 88 105 110
64 197 7 155
137 13 104 109
184 22 194 34
202 24 164 208
54 0 131 101
229 3 37 69
50 49 200 252
158 102 112 105
234 50 86 138
182 101 100 116
191 112 72 103
185 182 220 153
78 200 133 238
43 219 158 136
184 40 49 82
143 190 190 114
83 119 30 49
67 110 37 55
28 243 183 86
161 45 187 42
86 107 158 158
114 61 231 52
25 142 128 10
134 124 2 248
8 176 127 252
97 221 157 152
62 45 180 61
145 90 125 1
208 19 157 184
249 84 105 71
130 235 6 101
44 105 242 218
118 255 192 64
100
21 198 19
214 148 17
131 167 45
67 216 1
200 13 2
242 140 8
242 30 6
84 51 44
226 57 14
57 161 22
153 235 5
112 14 1
132 195 16
131 232 17
14 82 8
246 47 1
157 63 27
171 220 14
154 166 17
145 92 2
197 61 12
222 219 33
52 233 20
237 89 17
90 41 16
45 253 1
40 112 28
99 222 9
106 241 2
38 68 5
244 253 1
84 124 3
59 234 12
199 108 9
79 253 2
174 243 8
251 57 2
24 46 3
16 93 1
161 4 2
103 180 12
184 29 2
49 16 4
160 54 11
8 127 4
246 165 2
250 117 2
232 196 2
59 207 1
152 248 1
35 201 4
243 28 11
188 11 3
187 248 1
55 3 2
82 228 3
220 5 1
229 108 2
100 72 4
81 166 2
219 150 4
129 232 8
192 254 1
170 3 2
9 126 1
11 232 6
243 169 8
16 47 1
128 99 14
205 36 13
244 11 6
178 23 4
34 7 5
5 72 4
121 36 4
13 5 4
249 152 4
226 55 8
215 218 19
221 8 2
162 207 1
185 191 6
111 252 2
2 126 1
244 222 7
220 240 2
227 246 3
220 225 4
59 74 8
247 220 1
109 8 3
10 53 2
254 236 1
40 166 4
38 216 1
123 10 1
252 177 3
114 155 7
204 253 2
11 34 7
100
65 129 38 200
111 36 190 109
1 55 40 64
89 143 165 176
176 79 78 149
111 83 203 138
54 188 187 134
161 181 165 215
206 243 124 176
225 100 54 36
2 9 242 178
78 118 74 11
127 217 216 243
162 177 99 160
12 183 159 190
201 252 246 229
21 72 110 250
61 176 205 31
247 69 147 125
115 59 219 124
127 82 167 233
162 184 141 163
162 166 252 219
66 60 40 210
119 254 140 154
248 209 200 6
90 207 157 129
191 88 173 41
14 151 124 199
228 44 150 92
211 8 64 199
175 16 184 246
81 236 36 121
255 112 155 196
55 112 66 147
68 204 43 93
110 218 121 195
85 255 13 203
57 237 203 240
42 30 80 113
99 211 225 244
205 220 48 220
106 116 2 219
34 21 212 39
195 89 148 78
208 41 38 55
171 172 67 239
211 30 230 138
2 92 188 77
14 11 84 97
17 123 242 209
130 235 67 218
82 31 151 111
198 221 20 43
227 177 131 83
242 129 187 0
154 225 105 134
97 217 68 240
34 140 164 255
107 13 135 246
241 118 104 51
149 55 118 193
96 197 172 199
192 110 216 27
76 70 79 14
8 67 117 136
147 87 67 55
144 210 77 242
119 114 205 173
120 144 54 144
116 13 211 143
41 123 240 1
72 150 50 55
34 95 255 73
204 214 88 41
196 83 169 82
254 87 238 253
130 244 19 56
86 114 242 8
12 130 248 113
152 54 67 114
74 102 231 29
196 36 109 224
250 54 213 244
185 118 35 28
84 246 234 49
193 191 218 39
193 6 46 43
0 221 164 136
17 208 173 88
18 118 163 178
114 23 151 228
101 48 83 232
16 232 33 16
181 244 249 222
240 39 124 168
161 43 53 17
116 83 14 162
208 118 0 61
170 208 247 191
100
104 56 34
79 177 61
222 153 33
231 252 3
49 66 20
233 164 14
2 49 1
38 245 8
234 40 3
185 235 4
206 146 5
237 247 2
24 13 1
193 79 23
126 247 7
13 54 11
76 190 47
43 17 14
11 6 4
253 184 2
105 7 6
249 42 5
144 104 15
176 130 13
2 201 1
180 205 1
247 206 4
17 86 9
233 8 3
18 121 17
63 8 5
251 223 3
240 65 7
158 17 13
228 202 5
106 43 13
91 179 28
224 114 5
46 72 10
43 146 5
2 102 1
71 132 11
8 190 7
193 220 2
155 10 5
245 132 1
194 97 3
151 129 8
111 3 1
237 238 3
178 46 6
10 206 5
4 247 3
15 222 6
252 231 1
72 131 2
52 38 5
170 228 7
154 178 14
93 6 1
151 248 3
114 146 4
236 232 11
186 187 5
89 66 13
251 50 1
26 42 4
85 16 9
74 241 2
253 87 1
78 227 7
241 97 10
236 79 3
191 226 2
248 19 7
13 145 3
64 94 10
235 128 4
191 59 1
130 92 3
218 2 1
111 135 3
137 238 1
206 232 11
243 49 4
75 179 10
17 231 2
206 250 1
253 189 2
21 238 2
177 9 5
5 31 1
199 75 6
2 233 1
133 106 2
233 220 1
170 130 4
29 6 1
15 54 6
102 244 8
100
30 47 34 97
192 46 204 251
110 8 81 134
209 184 122 91
240 250 56 68
148 57 185 247
133 235 62 187
13 15 202 212
8 242 234 13
200 200 81 179
43 5 30 132
25 137 135 66
173 94 195 60
210 118 44 15
124 71 252 201
89 186 91 164
236 32 139 164
82 29 226 198
207 56 111 239
87 206 133 157
84 220 180 153
210 92 83 101
251 23 77 189
211 150 96 188
11 95 104 156
33 198 247 252
121 222 166 195
247 74 103 74
110 110 237 11
183 234 190 165
155 136 4 12
101 105 146 151
21 63 111 210
106 188 144 66
48 165 207 231
141 134 35 160
19 234 196 11
127 125 56 98
89 236 169 41
42 124 169 79
145 105 144 194
31 151 163 230
141 175 88 151
73 5 99 49
185 45 59 240
215 7 138 38
82 179 233 97
235 93 106 148
79 133 68 136
24 66 112 176
242 166 126 152
254 249 244 156
157 202 116 130
195 142 214 167
158 18 236 80
98 146 23 171
46 158 123 51
225 117 51 165
184 153 72 248
8 224 191 130
176 166 119 13
180 230 16 60
36 206 48 41
78 214 173 77
11 77 230 193
181 129 251 134
242 98 175 86
89 55 242 168
131 196 221 11
231 32 47 98
64 64 75 87
109 233 88 121
242 156 101 110
178 84 12 224
54 12 47 147
132 235 192 9
220 246 252 31
27 69 119 245
20 121 35 97
176 74 217 82
62 113 224 121
76 6 58 144
61 10 237 47
105 206 215 202
116 64 142 244
63 161 232 120
186 65 180 39
67 85 226 36
85 58 48 245
218 84 248 46
178 1 106 97
6 130 51 84
215 177 153 80
219 249 161 87
75 84 228 13
238 203 245 250
166 11 60 37
88 158 66 133
195 139 27 113
198 225 231 145
0
