5
1 2 3 4 5
20
239 31 143 63 47 95 207 127 111 159 15 191 175 223 79 255 239 31 143 63
8
251 246 241 236 231 226 221 216
33
241 166 47 220 61 34 155 248 201 222 71 84 149 218 51 240 161 22 95 204 237 146 203 232 121 78 119 68 69 74 99 224 81
26
230 138 26 90 90 90 90 90 90 90 90 90 90 90 90 90 90 90 90 90 90 90 90 90 90 90
44
148 169 228 89 52 9 132 185 212 105 36 25 116 201 196 121 20 41 100 217 180 137 4 57 84 233 164 153 244 73 68 249 148 169 228 89 52 9 132 185 212 105 36 25
12
57 83 217 179 121 19 25 115 185 211 89 51
42
54 35 6 83 214 131 166 179 118 227 70 19 22 67 230 115 182 163 134 211 86 3 38 51 246 99 198 147 150 195 102 243 54 35 6 83 214 131 166 179 118 227
38
158 166 214 246 182 54 54 54 54 54 54 54 54 54 54 54 54 54 54 54 54 54 54 54 54 54 54 54 54 54 54 54 54 54 54 54 54 54
34
151 202 199 154 247 106 39 58 87 10 135 218 183 170 231 122 23 74 71 26 119 234 167 186 215 138 7 90 55 42 103 250 151 202
13
164 202 174 6 22 118 182 54 54 54 54 54 54
5
7 7 7 7 7
33
209 53 197 5 5 5 5 5 5 5 5 5 5 5 5 5 5 5 5 5 5 5 5 5 5 5 5 5 5 5 5 5 5
14
151 119 23 247 151 119 23 247 151 119 23 247 151 119
33
230 161 32 147 106 85 68 103 46 73 168 123 50 125 76 207 118 241 48 99 250 165 84 55 190 153 184 75 194 205 92 159 6
32
103 6 87 22 71 38 55 54 39 70 23 86 7 102 247 118 231 134 215 150 199 166 183 182 167 198 151 214 135 230 119 246
241
94 52 211 29 66 12 108 153 90 109 133 79 28 242 26 171 57 210 79 16 9 81 208 138 255 76 134 47 70 111 135 214 35 112 168 163 46 225 47 57 8 158 148 100 187 160 231 235 219 234 120 148 200 171 23 62 119 83 29 151 177 199 166 215 153 154 46 78 17 108 94 93 12 72 205 160 224 120 47 247 196 120 11 14 201 218 5 11 190 170 94 203 185 120 151 35 91 46 162 35 205 75 139 141 86 159 221 162 110 42 53 179 248 172 69 110 46 200 34 185 13 120 246 240 60 17 167 249 80 18 23 114 103 174 145 113 79 216 8 16 195 40 76 26 159 8 183 161 133 68 187 78 35 145 37 169 78 27 50 55 107 208 163 179 102 227 25 34 200 23 73 108 85 158 239 73 121 182 224 52 91 160 149 77 124 218 79 131 166 114 251 45 241 167 123 154 202 153 157 247 153 228 128 179 252 205 115 186 12 5 235 126 176 67 92 188 102 123 213 114 234 62 92 220 184 25 120 231 15 104 100 92 83 188 30 95 108 64 213 29 29
132
24 173 176 184 74 107 122 94 196 239 121 10 203 10 237 95 129 98 195 10 239 44 154 28 224 53 106 98 27 88 225 216 73 84 65 191 130 0 242 116 189 26 31 114 61 204 217 75 98 141 41 221 106 22 159 170 24 105 34 234 216 47 117 201 66 230 226 216 173 77 107 85 176 130 60 242 229 235 39 24 139 146 117 28 139 121 57 221 243 158 59 173 61 9 18 118 6 177 91 204 73 101 117 160 221 244 220 86 189 177 45 165 54 222 18 84 120 88 35 190 85 45 24 66 76 101 136 185 232 189 189 176
70
248 151 175 159 234 67 60 126 155 175 158 120 246 123 153 20 192 213 46 178 84 200 17 160 106 116 77 188 51 55 235 231 117 41 22 126 5 99 65 93 112 175 22 189 0 38 250 85 66 132 60 123 167 41 47 79 36 187 145 186 170 52 178 6 115 147 109 12 40 201
159
45 59 179 6 36 125 1 168 11 235 191 7 139 99 189 165 101 220 197 107 126 242 81 133 127 216 106 235 11 152 120 36 86 175 18 62 84 191 248 104 163 62 48 174 35 16 171 141 121 35 248 227 191 206 164 45 4 79 243 77 87 196 56 9 38 105 189 69 38 143 28 183 92 190 252 206 233 250 120 139 213 245 243 230 36 42 207 170 49 119 128 135 37 17 211 175 247 157 17 160 205 137 201 46 130 109 66 6 123 255 236 38 197 137 17 182 197 60 104 174 235 98 53 195 252 67 196 70 182 165 33 11 210 173 105 169 23 226 67 23 253 50 171 127 107 63 161 137 220 39 47 10 119 212 171 50 2 253 215
251
59 246 8 30 142 167 69 160 121 86 157 254 55 207 251 226 192 61 107 211 17 132 153 156 208 199 241 35 12 210 57 39 1 252 184 221 122 74 228 70 127 58 56 171 194 15 64 179 32 39 237 188 253 112 44 58 176 178 118 235 254 107 125 229 173 82 204 182 245 189 125 227 148 215 71 186 177 64 166 64 245 131 224 73 77 127 34 22 212 27 72 24 232 68 13 179 253 237 215 108 236 230 0 230 70 108 239 195 78 198 124 225 251 60 119 170 19 50 238 40 250 235 66 116 122 124 142 128 126 161 189 115 240 128 33 61 206 84 15 172 87 92 192 9 152 208 231 58 189 89 1 13 23 2 144 81 53 61 180 77 174 144 129 48 51 107 6 94 23 180 167 143 80 62 94 161 216 160 168 173 53 238 112 225 70 152 23 166 238 53 13 178 229 253 32 175 232 178 249 157 178 38 99 174 80 152 158 74 114 227 251 229 172 224 217 164 238 223 66 117 22 168 50 120 165 1 225 64 154 197 175 46 85 243 199 241 225 213 67 252 120 194 53 250 142 94 44 136 168 106 174
210
174 210 166 106 94 194 214 218 14 178 6 74 190 162 54 186 110 146 102 42 30 130 150 154 206 114 198 10 126 98 246 122 46 82 38 234 222 66 86 90 142 50 134 202 62 34 182 58 238 18 230 170 158 2 22 26 78 242 70 138 254 226 118 250 174 210 166 106 94 194 214 218 14 178 6 74 190 162 54 186 110 146 102 42 30 130 150 154 206 114 198 10 126 98 246 122 46 82 38 234 222 66 86 90 142 50 134 202 62 34 182 58 238 18 230 170 158 2 22 26 78 242 70 138 254 226 118 250 174 210 166 106 94 194 214 218 14 178 6 74 190 162 54 186 110 146 102 42 30 130 150 154 206 114 198 10 126 98 246 122 46 82 38 234 222 66 86 90 142 50 134 202 62 34 182 58 238 18 230 170 158 2 22 26 78 242 70 138 254 226 118 250 174 210 166 106 94 194 214 218 14 178 6 74 190 162 54 186 110 146
10
247 223 151 191 55 159 215 127 119 95
228
221 35 199 159 175 15 79 207 207 207 207 207 207 207 207 207 207 207 207 207 207 207 207 207 207 207 207 207 207 207 207 207 207 207 207 207 207 207 207 207 207 207 207 207 207 207 207 207 207 207 207 207 207 207 207 207 207 207 207 207 207 207 207 207 207 207 207 207 207 207 207 207 207 207 207 207 207 207 207 207 207 207 207 207 207 207 207 207 207 207 207 207 207 207 207 207 207 207 207 207 207 207 207 207 207 207 207 207 207 207 207 207 207 207 207 207 207 207 207 207 207 207 207 207 207 207 207 207 207 207 207 207 207 207 207 207 207 207 207 207 207 207 207 207 207 207 207 207 207 207 207 207 207 207 207 207 207 207 207 207 207 207 207 207 207 207 207 207 207 207 207 207 207 207 207 207 207 207 207 207 207 207 207 207 207 207 207 207 207 207 207 207 207 207 207 207 207 207 207 207 207 207 207 207 207 207 207 207 207 207 207 207 207 207 207 207 207 207 207 207 207 207 207 207 207 207 207 207
112
225 191 107 35 83 51 243 115 115 115 115 115 115 115 115 115 115 115 115 115 115 115 115 115 115 115 115 115 115 115 115 115 115 115 115 115 115 115 115 115 115 115 115 115 115 115 115 115 115 115 115 115 115 115 115 115 115 115 115 115 115 115 115 115 115 115 115 115 115 115 115 115 115 115 115 115 115 115 115 115 115 115 115 115 115 115 115 115 115 115 115 115 115 115 115 115 115 115 115 115 115 115 115 115 115 115 115 115 115 115 115 115
246
172 0 244 136 188 144 4 24 204 32 20 168 220 176 36 56 236 64 52 200 252 208 68 88 12 96 84 232 28 240 100 120 44 128 116 8 60 16 132 152 76 160 148 40 92 48 164 184 108 192 180 72 124 80 196 216 140 224 212 104 156 112 228 248 172 0 244 136 188 144 4 24 204 32 20 168 220 176 36 56 236 64 52 200 252 208 68 88 12 96 84 232 28 240 100 120 44 128 116 8 60 16 132 152 76 160 148 40 92 48 164 184 108 192 180 72 124 80 196 216 140 224 212 104 156 112 228 248 172 0 244 136 188 144 4 24 204 32 20 168 220 176 36 56 236 64 52 200 252 208 68 88 12 96 84 232 28 240 100 120 44 128 116 8 60 16 132 152 76 160 148 40 92 48 164 184 108 192 180 72 124 80 196 216 140 224 212 104 156 112 228 248 172 0 244 136 188 144 4 24 204 32 20 168 220 176 36 56 236 64 52 200 252 208 68 88 12 96 84 232 28 240 100 120 44 128 116 8 60 16 132 152 76 160 148 40 92 48 164 184 108 192 180 72 124 80
178
248 232 200 136 8 8 8 8 8 8 8 8 8 8 8 8 8 8 8 8 8 8 8 8 8 8 8 8 8 8 8 8 8 8 8 8 8 8 8 8 8 8 8 8 8 8 8 8 8 8 8 8 8 8 8 8 8 8 8 8 8 8 8 8 8 8 8 8 8 8 8 8 8 8 8 8 8 8 8 8 8 8 8 8 8 8 8 8 8 8 8 8 8 8 8 8 8 8 8 8 8 8 8 8 8 8 8 8 8 8 8 8 8 8 8 8 8 8 8 8 8 8 8 8 8 8 8 8 8 8 8 8 8 8 8 8 8 8 8 8 8 8 8 8 8 8 8 8 8 8 8 8 8 8 8 8 8 8 8 8 8 8 8 8 8 8 8 8 8 8 8 8 8 8 8 8 8 8
245
234 3 22 231 226 171 78 79 90 211 6 55 82 123 62 159 202 163 246 135 194 75 46 239 58 115 230 215 50 27 30 63 170 67 214 39 162 235 14 143 26 19 198 119 18 187 254 223 138 227 182 199 130 139 238 47 250 179 166 23 242 91 222 127 106 131 150 103 98 43 206 207 218 83 134 183 210 251 190 31 74 35 118 7 66 203 174 111 186 243 102 87 178 155 158 191 42 195 86 167 34 107 142 15 154 147 70 247 146 59 126 95 10 99 54 71 2 11 110 175 122 51 38 151 114 219 94 255 234 3 22 231 226 171 78 79 90 211 6 55 82 123 62 159 202 163 246 135 194 75 46 239 58 115 230 215 50 27 30 63 170 67 214 39 162 235 14 143 26 19 198 119 18 187 254 223 138 227 182 199 130 139 238 47 250 179 166 23 242 91 222 127 106 131 150 103 98 43 206 207 218 83 134 183 210 251 190 31 74 35 118 7 66 203 174 111 186 243 102 87 178 155 158 191 42 195 86 167 34 107 142 15 154 147 70 247 146 59 126 95 10 99 54 71 2
206
133 158 127 104 153 82 211 92 45 134 167 208 65 58 251 196 213 110 207 56 233 34 35 44 125 86 247 160 145 10 75 148 37 62 31 8 57 242 115 252 205 38 71 112 225 218 155 100 117 14 111 216 137 194 195 204 29 246 151 64 49 170 235 52 197 222 191 168 217 146 19 156 109 198 231 16 129 122 59 4 21 174 15 120 41 98 99 108 189 150 55 224 209 74 139 212 101 126 95 72 121 50 179 60 13 102 135 176 33 26 219 164 181 78 175 24 201 2 3 12 93 54 215 128 113 234 43 116 5 30 255 232 25 210 83 220 173 6 39 80 193 186 123 68 85 238 79 184 105 162 163 172 253 214 119 32 17 138 203 20 165 190 159 136 185 114 243 124 77 166 199 240 97 90 27 228 245 142 239 88 9 66 67 76 157 118 23 192 177 42 107 180 69 94 63 40 89 18 147 28 237 70 103 144 1 250
151
105 123 65 195 89 203 177 147 73 27 33 99 57 107 145 51 41 187 1 3 25 11 113 211 9 91 225 163 249 171 81 115 233 251 193 67 217 75 49 19 201 155 161 227 185 235 17 179 169 59 129 131 153 139 241 83 137 219 97 35 121 43 209 243 105 123 65 195 89 203 177 147 73 27 33 99 57 107 145 51 41 187 1 3 25 11 113 211 9 91 225 163 249 171 81 115 233 251 193 67 217 75 49 19 201 155 161 227 185 235 17 179 169 59 129 131 153 139 241 83 137 219 97 35 121 43 209 243 105 123 65 195 89 203 177 147 73 27 33 99 57 107 145 51 41 187 1 3 25 11 113
70
214 248 196 140 60 92 28 156 156 156 156 156 156 156 156 156 156 156 156 156 156 156 156 156 156 156 156 156 156 156 156 156 156 156 156 156 156 156 156 156 156 156 156 156 156 156 156 156 156 156 156 156 156 156 156 156 156 156 156 156 156 156 156 156 156 156 156 156 156 156
106
177 239 21 3 25 55 189 139 1 255 229 147 105 71 141 27 81 15 181 35 185 87 93 171 161 31 133 179 9 103 45 59 241 47 85 67 89 119 253 203 65 63 37 211 169 135 205 91 145 79 245 99 249 151 157 235 225 95 197 243 73 167 109 123 49 111 149 131 153 183 61 11 129 127 101 19 233 199 13 155 209 143 53 163 57 215 221 43 33 159 5 51 137 231 173 187 113 175 213 195 217 247 125 75 193 191
213
190 31 74 35 118 7 66 203 174 111 186 243 102 87 178 155 158 191 42 195 86 167 34 107 142 15 154 147 70 247 146 59 126 95 10 99 54 71 2 11 110 175 122 51 38 151 114 219 94 255 234 3 22 231 226 171 78 79 90 211 6 55 82 123 62 159 202 163 246 135 194 75 46 239 58 115 230 215 50 27 30 63 170 67 214 39 162 235 14 143 26 19 198 119 18 187 254 223 138 227 182 199 130 139 238 47 250 179 166 23 242 91 222 127 106 131 150 103 98 43 206 207 218 83 134 183 210 251 190 31 74 35 118 7 66 203 174 111 186 243 102 87 178 155 158 191 42 195 86 167 34 107 142 15 154 147 70 247 146 59 126 95 10 99 54 71 2 11 110 175 122 51 38 151 114 219 94 255 234 3 22 231 226 171 78 79 90 211 6 55 82 123 62 159 202 163 246 135 194 75 46 239 58 115 230 215 50 27 30 63 170 67 214
16
50 239 85 147 4 163 70 111 174 29 19 208 67 119 87 42
150
255 246 165 204 43 130 145 24 215 142 253 228 3 26 233 48 175 38 85 252 219 178 65 72 135 190 173 20 179 74 153 96 95 86 5 44 139 226 241 120 55 238 93 68 99 122 73 144 15 134 181 92 59 18 161 168 231 30 13 116 19 170 249 192 191 182 101 140 235 66 81 216 151 78 189 164 195 218 169 240 111 230 21 188 155 114 1 8 71 126 109 212 115 10 89 32 31 22 197 236 75 162 177 56 247 174 29 4 35 58 9 80 207 70 117 28 251 210 97 104 167 222 205 52 211 106 185 128 127 118 37 76 171 2 17 152 87 14 125 100 131 154 105 176 47 166 213 124 91 50
234
113 176 227 122 37 212 183 62 25 56 203 66 77 220 31 134 193 192 179 10 117 228 135 206 105 72 155 210 157 236 239 22 17 208 131 154 197 244 87 94 185 88 107 98 237 252 191 166 97 224 83 42 21 4 39 238 9 104 59 242 61 12 143 54 177 240 35 186 101 20 247 126 89 120 11 130 141 28 95 198 1 0 243 74 181 36 199 14 169 136 219 18 221 44 47 86 81 16 195 218 5 52 151 158 249 152 171 162 45 60 255 230 161 32 147 106 85 68 103 46 73 168 123 50 125 76 207 118 241 48 99 250 165 84 55 190 153 184 75 194 205 92 159 6 65 64 51 138 245 100 7 78 233 200 27 82 29 108 111 150 145 80 3 26 69 116 215 222 57 216 235 226 109 124 63 38 225 96 211 170 149 132 167 110 137 232 187 114 189 140 15 182 49 112 163 58 229 148 119 254 217 248 139 2 13 156 223 70 129 128 115 202 53 164 71 142 41 8 91 146 93 172 175 214 209 144 67 90 133 180 23 30 121 24
229
243 126 97 92 47 154 93 56 235 54 217 148 39 82 213 112 227 238 81 204 31 10 77 168 219 166 201 4 23 194 197 224 211 94 65 60 15 122 61 24 203 22 185 116 7 50 181 80 195 206 49 172 255 234 45 136 187 134 169 228 247 162 165 192 179 62 33 28 239 90 29 248 171 246 153 84 231 18 149 48 163 174 17 140 223 202 13 104 155 102 137 196 215 130 133 160 147 30 1 252 207 58 253 216 139 214 121 52 199 242 117 16 131 142 241 108 191 170 237 72 123 70 105 164 183 98 101 128 115 254 225 220 175 26 221 184 107 182 89 20 167 210 85 240 99 110 209 76 159 138 205 40 91 38 73 132 151 66 69 96 83 222 193 188 143 250 189 152 75 150 57 244 135 178 53 208 67 78 177 44 127 106 173 8 59 6 41 100 119 34 37 64 51 190 161 156 111 218 157 120 43 118 25 212 103 146 21 176 35 46 145 12 95 74 141 232 27 230 9 68 87 2 5 32 19 158 129 124 79
195
247 238 229 220 211 202 193 184 175 166 157 148 139 130 121 112 103 94 85 76 67 58 49 40 31 22 13 4 251 242 233 224 215 206 197 188 179 170 161 152 143 134 125 116 107 98 89 80 71 62 53 44 35 26 17 8 255 246 237 228 219 210 201 192 183 174 165 156 147 138 129 120 111 102 93 84 75 66 57 48 39 30 21 12 3 250 241 232 223 214 205 196 187 178 169 160 151 142 133 124 115 106 97 88 79 70 61 52 43 34 25 16 7 254 245 236 227 218 209 200 191 182 173 164 155 146 137 128 119 110 101 92 83 74 65 56 47 38 29 20 11 2 249 240 231 222 213 204 195 186 177 168 159 150 141 132 123 114 105 96 87 78 69 60 51 42 33 24 15 6 253 244 235 226 217 208 199 190 181 172 163 154 145 136 127 118 109 100 91 82 73 64 55 46 37
15
54 233 41 234 125 88 88 248 186 32 4 202 166 198 149
37
131 89 173 93 141 8 50 188 222 16 207 44 175 39 154 168 153 238 135 102 175 189 177 29 151 47 195 140 204 161 91 52 41 61 108 139 73
21
214 103 11 42 17 2 204 8 237 19 50 173 183 213 217 60 107 29 182 42 151
49
98 42 219 206 244 191 171 47 41 205 247 234 230 71 21 107 243 229 203 103 200 41 148 138 253 23 36 237 211 30 129 94 235 4 110 120 96 27 236 205 93 2 212 3 254 108 226 124 209
7
251 196 103 104 115 236 31
0
