2
4
6
8
10
12
14
16
85740074032
100
1000
10000
100000
1000000
10000000
1234567890
999999999992
999999999994
999999999996
999999999998
1000000000000
47296
36018
6056
21752
33206
34446
28362
28754
5930
4136
9506
37384
36512
14922
41474
7786
48312
54640
14852
19002
52072
30634
31752
28738
64430
2024
21916
10354
51920
42710
1796
47214
13066
19772
24234
62896
16334
63434
13332
12568
44412
47222
39526
17418
52372
34136
49742
22274
24690
7418
900
31152
45448
55344
1470
42122
35600
49532
33068
15336
23624
51670
36460
44190
13616
29456
65026
14864
54960
51110
44884
38348
36454
63516
24350
22690
5582
30166
58732
62776
11520
58212
23314
15400
10474
45680
7844
2456
11520
50944
12522
13388
18562
63580
57566
22084
12066
51040
16164
34508
0
