8
32
64
96
136
168
216
248
2312736
1721976
246368
996056
1576776
1640784
1328928
1348816
240744
161856
403912
1792888
1747696
660840
2006488
324520
2366464
2703344
657512
859840
2566224
1444848
1502016
1348176
3230432
73424
1004264
443376
2558288
2071112
64288
2308512
571672
897888
1120184
3147344
729288
3176440
584400
547936
2160752
2308944
1904520
782112
2582368
1624760
2442512
1022272
1143120
307784
29680
1471272
2215160
2741096
51392
2040496
1700288
2431264
1569736
680784
1089640
2544920
1745024
2148840
598008
1384576
3262744
657960
2720544
2515216
2185552
1843016
1744640
3181064
1126024
1042984
225272
1420840
2922800
3140784
498016
2894840
1074112
683840
448984
2227328
327224
91024
498016
2506256
545744
587008
838200
3184344
2860320
1012768
524160
2511296
720928
1644016
