2
2 1 2 2
0 0 1 0
0 1 0 2
1
2 1 2 2
0 0 1 0
1
2 1 2 2
1 0 2 0
1
0 0 100 100
1 0 0 1
1
0 1 2 1
1 0 1 2
1
23 3 83 12
3 0 0 20
1
77 3 17 12
97 0 100 20
1
23 97 83 88
3 100 0 80
1
77 97 17 88
97 100 100 80
1
83 12 23 3
3 0 0 20
1
17 12 77 3
97 0 100 20
1
83 88 23 97
3 100 0 80
1
17 88 77 97
97 100 100 80
1
3 0 83 12
23 3 20 23
1
97 0 17 12
77 3 80 23
1
3 100 83 88
23 97 20 77
1
97 100 17 88
77 97 80 77
1
83 12 3 0
23 3 20 23
1
17 12 97 0
77 3 80 23
1
83 88 3 100
23 97 20 77
1
17 88 97 100
77 97 80 77
1
3 0 23 3
83 12 80 32
1
97 0 77 3
17 12 20 32
1
3 100 23 97
83 88 80 68
1
97 100 77 97
17 88 20 68
1
23 3 3 0
83 12 80 32
1
77 3 97 0
17 12 20 32
1
23 97 3 100
83 88 80 68
1
77 97 97 100
17 88 20 68
1
20 23 80 32
0 20 3 0
1
80 23 20 32
100 20 97 0
1
20 77 80 68
0 80 3 100
1
80 77 20 68
100 80 97 100
1
80 32 20 23
0 20 3 0
1
20 32 80 23
100 20 97 0
1
80 68 20 77
0 80 3 100
1
20 68 80 77
100 80 97 100
1
0 20 80 32
20 23 23 3
1
100 20 20 32
80 23 77 3
1
0 80 80 68
20 77 23 97
1
100 80 20 68
80 77 77 97
1
80 32 0 20
20 23 23 3
1
20 32 100 20
80 23 77 3
1
80 68 0 80
20 77 23 97
1
20 68 100 80
80 77 77 97
1
0 20 20 23
80 32 83 12
1
100 20 80 23
20 32 17 12
1
0 80 20 77
80 68 83 88
1
100 80 80 77
20 68 17 88
1
20 23 0 20
80 32 83 12
1
80 23 100 20
20 32 17 12
1
20 77 0 80
80 68 83 88
1
80 77 100 80
20 68 17 88
1
19 18 23 90
18 0 0 1
1
81 18 77 90
82 0 100 1
1
19 82 23 10
18 100 0 99
1
81 82 77 10
82 100 100 99
1
23 90 19 18
18 0 0 1
1
77 90 81 18
82 0 100 1
1
23 10 19 82
18 100 0 99
1
77 10 81 82
82 100 100 99
1
18 0 23 90
19 18 1 19
1
82 0 77 90
81 18 99 19
1
18 100 23 10
19 82 1 81
1
82 100 77 10
81 82 99 81
1
23 90 18 0
19 18 1 19
1
77 90 82 0
81 18 99 19
1
23 10 18 100
19 82 1 81
1
77 10 82 100
81 82 99 81
1
18 0 19 18
23 90 5 91
1
82 0 81 18
77 90 95 91
1
18 100 19 82
23 10 5 9
1
82 100 81 82
77 10 95 9
1
19 18 18 0
23 90 5 91
1
81 18 82 0
77 90 95 91
1
19 82 18 100
23 10 5 9
1
81 82 82 100
77 10 95 9
1
1 19 5 91
0 1 18 0
1
99 19 95 91
100 1 82 0
1
1 81 5 9
0 99 18 100
1
99 81 95 9
100 99 82 100
1
5 91 1 19
0 1 18 0
1
95 91 99 19
100 1 82 0
1
5 9 1 81
0 99 18 100
1
95 9 99 81
100 99 82 100
1
0 1 5 91
1 19 19 18
1
100 1 95 91
99 19 81 18
1
0 99 5 9
1 81 19 82
1
100 99 95 9
99 81 81 82
1
5 91 0 1
1 19 19 18
1
95 91 100 1
99 19 81 18
1
5 9 0 99
1 81 19 82
1
95 9 100 99
99 81 81 82
1
0 1 1 19
5 91 23 90
1
100 1 99 19
95 91 77 90
1
0 99 1 81
5 9 23 10
1
100 99 99 81
95 9 77 10
1
1 19 0 1
5 91 23 90
1
99 19 100 1
95 91 77 90
1
1 81 0 99
5 9 23 10
1
99 81 100 99
95 9 77 10
1
11 7 59 91
7 0 0 4
1
89 7 41 91
93 0 100 4
1
11 93 59 9
7 100 0 96
1
89 93 41 9
93 100 100 96
1
59 91 11 7
7 0 0 4
1
41 91 89 7
93 0 100 4
1
59 9 11 93
7 100 0 96
1
41 9 89 93
93 100 100 96
1
7 0 59 91
11 7 4 11
1
93 0 41 91
89 7 96 11
1
7 100 59 9
11 93 4 89
1
93 100 41 9
89 93 96 89
1
59 91 7 0
11 7 4 11
1
41 91 93 0
89 7 96 11
1
59 9 7 100
11 93 4 89
1
41 9 93 100
89 93 96 89
1
7 0 11 7
59 91 52 95
1
93 0 89 7
41 91 48 95
1
7 100 11 93
59 9 52 5
1
93 100 89 93
41 9 48 5
1
11 7 7 0
59 91 52 95
1
89 7 93 0
41 91 48 95
1
11 93 7 100
59 9 52 5
1
89 93 93 100
41 9 48 5
1
4 11 52 95
0 4 7 0
1
96 11 48 95
100 4 93 0
1
4 89 52 5
0 96 7 100
1
96 89 48 5
100 96 93 100
1
52 95 4 11
0 4 7 0
1
48 95 96 11
100 4 93 0
1
52 5 4 89
0 96 7 100
1
48 5 96 89
100 96 93 100
1
0 4 52 95
4 11 11 7
1
100 4 48 95
96 11 89 7
1
0 96 52 5
4 89 11 93
1
100 96 48 5
96 89 89 93
1
52 95 0 4
4 11 11 7
1
48 95 100 4
96 11 89 7
1
52 5 0 96
4 89 11 93
1
48 5 100 96
96 89 89 93
1
0 4 4 11
52 95 59 91
1
100 4 96 11
48 95 41 91
1
0 96 4 89
52 5 59 9
1
100 96 96 89
48 5 41 9
1
4 11 0 4
52 95 59 91
1
96 11 100 4
48 95 41 91
1
4 89 0 96
52 5 59 9
1
96 89 100 96
48 5 41 9
1
31 11 91 44
11 0 0 20
1
69 11 9 44
89 0 100 20
1
31 89 91 56
11 100 0 80
1
69 89 9 56
89 100 100 80
1
91 44 31 11
11 0 0 20
1
9 44 69 11
89 0 100 20
1
91 56 31 89
11 100 0 80
1
9 56 69 89
89 100 100 80
1
11 0 91 44
31 11 20 31
1
89 0 9 44
69 11 80 31
1
11 100 91 56
31 89 20 69
1
89 100 9 56
69 89 80 69
1
91 44 11 0
31 11 20 31
1
9 44 89 0
69 11 80 31
1
91 56 11 100
31 89 20 69
1
9 56 89 100
69 89 80 69
1
11 0 31 11
91 44 80 64
1
89 0 69 11
9 44 20 64
1
11 100 31 89
91 56 80 36
1
89 100 69 89
9 56 20 36
1
31 11 11 0
91 44 80 64
1
69 11 89 0
9 44 20 64
1
31 89 11 100
91 56 80 36
1
69 89 89 100
9 56 20 36
1
20 31 80 64
0 20 11 0
1
80 31 20 64
100 20 89 0
1
20 69 80 36
0 80 11 100
1
80 69 20 36
100 80 89 100
1
80 64 20 31
0 20 11 0
1
20 64 80 31
100 20 89 0
1
80 36 20 69
0 80 11 100
1
20 36 80 69
100 80 89 100
1
0 20 80 64
20 31 31 11
1
100 20 20 64
80 31 69 11
1
0 80 80 36
20 69 31 89
1
100 80 20 36
80 69 69 89
1
80 64 0 20
20 31 31 11
1
20 64 100 20
80 31 69 11
1
80 36 0 80
20 69 31 89
1
20 36 100 80
80 69 69 89
1
0 20 20 31
80 64 91 44
1
100 20 80 31
20 64 9 44
1
0 80 20 69
80 36 91 56
1
100 80 80 69
20 36 9 56
1
20 31 0 20
80 64 91 44
1
80 31 100 20
20 64 9 44
1
20 69 0 80
80 36 91 56
1
80 69 100 80
20 36 9 56
1
33 25 49 75
25 0 0 8
1
67 25 51 75
75 0 100 8
1
33 75 49 25
25 100 0 92
1
67 75 51 25
75 100 100 92
1
49 75 33 25
25 0 0 8
1
51 75 67 25
75 0 100 8
1
49 25 33 75
25 100 0 92
1
51 25 67 75
75 100 100 92
1
25 0 49 75
33 25 8 33
1
75 0 51 75
67 25 92 33
1
25 100 49 25
33 75 8 67
1
75 100 51 25
67 75 92 67
1
49 75 25 0
33 25 8 33
1
51 75 75 0
67 25 92 33
1
49 25 25 100
33 75 8 67
1
51 25 75 100
67 75 92 67
1
25 0 33 25
49 75 24 83
1
75 0 67 25
51 75 76 83
1
25 100 33 75
49 25 24 17
1
75 100 67 75
51 25 76 17
1
33 25 25 0
49 75 24 83
1
67 25 75 0
51 75 76 83
1
33 75 25 100
49 25 24 17
1
67 75 75 100
51 25 76 17
1
8 33 24 83
0 8 25 0
1
92 33 76 83
100 8 75 0
1
8 67 24 17
0 92 25 100
1
92 67 76 17
100 92 75 100
1
24 83 8 33
0 8 25 0
1
76 83 92 33
100 8 75 0
1
24 17 8 67
0 92 25 100
1
76 17 92 67
100 92 75 100
1
0 8 24 83
8 33 33 25
1
100 8 76 83
92 33 67 25
1
0 92 24 17
8 67 33 75
1
100 92 76 17
92 67 67 75
1
24 83 0 8
8 33 33 25
1
76 83 100 8
92 33 67 25
1
24 17 0 92
8 67 33 75
1
76 17 100 92
92 67 67 75
1
0 8 8 33
24 83 49 75
1
100 8 92 33
76 83 51 75
1
0 92 8 67
24 17 49 25
1
100 92 92 67
76 17 51 25
1
8 33 0 8
24 83 49 75
1
92 33 100 8
76 83 51 75
1
8 67 0 92
24 17 49 25
1
92 67 100 92
76 17 51 25
1
35 13 89 61
95 1 51 57
1
11 45 6 52
20 48 61 77
1
96 41 99 56
66 56 67 29
1
4 71 69 57
7 32 97 8
1
53 84 78 50
77 90 56 33
1
12 47 95 50
99 78 10 27
1
72 43 23 72
91 44 5 52
1
54 52 2 44
17 92 60 100
1
33 90 89 53
89 21 35 84
1
23 51 40 30
95 28 76 73
9
12 36 3 17
71 13 37 22
17 97 12 52
32 67 22 54
59 25 48 77
24 79 30 69
39 31 24 39
85 6 53 96
28 38 78 10
19 10 4 87
2
72 65 19 37
59 54 80 20
88 15 40 88
1
84 82 56 53
36 10 44 93
3
92 74 97 52
32 63 13 28
39 80 2 62
96 88 8 100
6
8 22 96 1
45 86 84 46
42 12 40 39
39 80 1 87
25 62 21 50
76 37 33 62
57 46 85 32
7
88 94 33 49
14 13 15 63
29 34 89 0
42 73 30 86
72 41 51 55
11 50 18 88
20 21 47 16
50 38 45 48
6
21 43 41 45
71 41 58 35
98 7 33 40
57 34 77 76
20 11 69 13
73 88 90 68
17 99 34 81
1
29 71 15 27
25 79 39 86
1
72 94 33 33
66 47 53 80
1
48 33 1 11
95 6 94 26
53
5 59 8 79
74 74 19 65
80 39 28 61
99 96 9 85
12 42 5 67
48 29 10 17
40 69 23 72
7 19 3 48
87 35 89 16
78 90 94 43
28 13 100 5
76 22 18 39
61 80 22 86
43 100 36 93
34 3 72 1
96 83 100 84
32 41 54 31
70 44 57 67
20 72 1 73
19 66 10 72
73 85 66 87
54 49 42 45
11 7 25 2
24 59 13 69
100 51 95 24
83 0 88 6
14 88 18 96
35 21 3 13
63 1 44 2
76 65 79 74
59 27 78 35
71 60 81 52
1 85 54 76
84 61 76 90
74 27 85 21
48 80 11 85
44 31 28 33
78 49 72 55
88 38 90 18
52 40 20 42
80 60 69 70
13 31 10 43
77 11 38 14
53 16 58 25
95 16 90 16
90 45 78 29
64 37 52 44
12 9 81 0
56 55 65 47
47 28 33 13
46 41 27 56
31 71 14 77
80 38 60 43
85 14 84 21
96
5 32 31 99
1 34 94 84
5 66 0 47
43 68 6 100
37 64 81 82
76 59 92 35
79 23 39 10
36 53 15 48
66 51 52 25
36 13 63 21
30 2 28 7
53 92 46 100
33 53 16 79
44 88 82 91
52 27 17 16
90 34 71 47
93 98 85 83
65 31 87 24
84 66 97 41
22 93 57 82
83 7 83 10
77 8 72 14
100 14 75 25
5 23 23 41
49 40 91 72
55 10 35 3
17 24 2 13
2 86 3 77
23 90 47 77
63 1 70 5
24 30 72 59
35 51 47 52
51 0 79 8
59 58 57 52
46 36 32 25
14 25 30 44
8 9 29 38
29 48 38 43
36 11 33 15
81 11 78 14
13 87 23 71
0 40 12 93
75 30 61 32
91 7 92 1
93 81 99 45
58 44 20 23
89 55 93 32
100 4 82 12
6 98 1 89
78 98 52 97
41 100 44 90
15 92 13 91
14 76 12 84
73 70 51 58
6 39 5 47
45 77 40 79
97 93 94 77
86 89 49 88
23 13 29 4
82 39 95 21
8 88 7 97
88 40 95 24
90 99 85 97
97 24 94 30
32 19 30 14
78 42 85 31
12 58 15 42
34 72 35 60
41 66 47 71
38 15 37 14
25 0 57 5
91 26 79 29
23 53 12 80
8 75 5 50
61 41 77 34
59 66 48 65
91 73 70 60
12 32 11 31
66 23 44 24
52 10 59 13
72 71 91 76
76 71 69 70
55 20 46 16
57 88 56 87
19 62 8 64
70 46 67 51
50 46 60 52
55 89 85 95
29 83 38 80
66 12 65 13
45 11 79 18
59 22 49 21
49 62 45 66
35 94 44 89
64 79 41 82
26 21 56 36
89 100 84 97
68
56 80 76 76
24 18 3 49
25 5 87 45
84 78 59 78
91 58 12 40
20 53 29 51
53 25 34 22
81 7 87 19
44 83 18 60
55 40 16 38
80 48 52 25
55 96 37 52
40 73 40 65
35 49 38 65
96 37 88 93
16 96 16 43
91 53 57 39
83 23 97 11
36 48 90 66
24 94 29 74
18 79 17 42
43 59 56 58
56 19 64 12
74 33 89 30
72 91 88 90
93 100 3 97
99 41 99 21
49 13 65 10
95 12 78 0
73 14 53 2
80 0 95 3
36 72 27 44
60 79 57 94
77 65 50 71
99 88 96 52
31 9 69 35
20 1 23 14
85 29 60 16
90 22 97 32
36 52 39 68
39 26 22 30
82 18 78 4
97 33 90 81
16 20 5 4
65 90 85 86
24 63 26 55
65 17 71 16
20 0 57 21
83 97 84 92
48 92 47 89
22 66 26 78
43 64 54 86
26 0 47 14
97 67 92 99
76 50 36 44
68 31 82 39
9 14 0 8
10 96 0 40
79 55 66 52
100 59 100 33
68 70 77 70
77 74 89 80
97 15 97 25
29 34 30 37
0 57 8 97
18 32 35 12
41 28 26 31
97 51 100 67
61 32 57 29
88
98 63 73 64
42 16 10 90
13 91 59 18
70 1 44 95
84 15 77 54
67 98 55 72
22 35 45 5
89 18 95 45
8 19 8 26
56 73 77 33
4 52 22 60
25 36 43 10
54 2 59 3
59 76 71 97
87 0 64 55
91 25 98 16
18 47 16 20
45 69 56 37
76 53 83 79
90 52 94 52
3 61 0 79
40 46 31 42
60 49 50 74
65 31 72 5
70 53 76 66
3 65 5 99
36 31 43 35
74 26 55 66
20 43 16 2
89 85 86 48
98 9 99 51
31 2 32 16
96 70 81 33
28 82 36 76
23 79 38 66
41 68 52 39
15 96 40 79
4 33 15 53
1 16 2 16
47 97 48 84
84 0 64 45
100 64 94 31
52 83 63 93
25 44 50 1
16 47 6 28
53 22 37 30
12 75 7 62
45 86 40 96
30 43 17 48
62 13 63 3
61 27 20 81
7 91 13 79
86 95 83 74
49 15 52 19
46 17 42 21
66 35 65 35
82 17 79 28
65 66 70 68
64 1 63 22
81 84 71 57
80 20 90 2
32 54 6 98
27 81 42 69
71 96 72 70
100 31 100 44
94 93 80 99
3 46 2 49
40 80 43 82
8 0 5 7
15 1 6 7
29 14 25 2
15 24 12 32
86 100 34 98
73 41 61 77
42 5 20 32
73 50 75 44
87 100 56 97
89 31 84 30
96 9 98 4
57 70 82 7
97 42 98 17
89 11 91 16
57 53 77 1
97 1 95 10
3 40 4 55
91 94 93 86
60 23 25 73
14 99 9 97
84 40 89 33
53
93 40 54 56
61 86 78 70
27 45 31 42
9 4 75 29
40 35 50 61
86 49 3 86
74 52 82 40
61 2 81 9
90 45 99 11
48 36 46 28
19 31 5 10
43 64 26 30
72 93 66 100
85 54 77 55
75 88 88 50
1 63 3 53
18 31 25 51
18 50 14 51
85 34 42 39
64 82 74 67
40 37 35 32
27 52 5 61
68 75 57 72
5 11 9 20
77 86 78 81
10 93 69 65
29 22 57 27
8 81 0 73
94 13 31 9
21 47 0 30
38 64 27 59
33 24 33 38
48 35 56 34
50 21 62 25
32 97 48 85
34 95 36 82
81 83 88 81
29 99 60 79
9 73 22 62
94 69 94 75
63 77 49 87
89 32 46 38
31 23 43 28
35 74 21 80
64 1 68 2
48 40 57 55
63 98 70 90
93 60 84 100
17 3 64 6
88 89 97 78
90 0 80 0
2 41 8 57
80 36 91 36
90 66 90 60
7
48 32 75 13
6 77 39 62
91 22 10 91
96 16 48 33
5 89 9 77
82 88 49 97
32 7 49 51
66 6 26 4
41
60 34 94 58
80 25 76 11
85 58 18 11
26 6 95 56
32 40 66 46
2 45 96 100
90 61 81 78
25 21 16 37
99 43 83 6
22 6 50 25
54 71 1 31
37 3 89 6
24 46 28 21
29 100 48 96
61 61 73 66
44 58 68 49
60 57 93 61
6 52 22 87
38 83 51 95
88 96 61 85
90 51 96 51
66 26 66 5
14 89 0 66
30 79 84 100
11 24 21 3
61 79 80 70
33 54 2 27
34 91 23 80
2 1 43 2
19 80 36 96
19 60 29 77
26 12 21 6
74 68 61 71
91 26 83 20
6 51 58 86
54 52 40 55
70 33 78 25
67 67 45 61
43 83 53 84
85 72 90 90
38 13 55 27
71 8 81 8
4
27 48 97 66
56 21 79 86
53 72 28 40
78 14 85 65
24 53 14 66
15
51 1 90 50
76 98 56 100
21 48 27 35
90 57 35 92
51 15 21 98
37 4 100 14
94 80 77 67
98 93 93 32
37 41 27 23
41 76 85 22
58 46 60 8
5 3 32 14
18 49 31 65
22 25 6 56
98 100 91 57
20 60 26 61
61
93 43 5 14
8 44 78 100
13 33 28 14
56 70 47 70
92 98 80 79
35 94 57 87
89 16 17 36
43 45 98 11
44 48 97 74
9 45 32 79
70 1 95 8
63 53 99 54
15 19 13 27
32 49 89 81
24 68 10 89
23 16 0 54
27 93 46 99
25 23 24 34
63 3 42 12
29 38 44 49
93 87 87 81
100 49 89 52
69 85 63 70
17 5 16 27
57 11 42 22
31 86 55 82
78 23 65 24
71 25 51 27
32 53 25 34
77 59 99 68
6 93 13 70
84 8 87 11
51 94 49 91
46 77 28 84
2 32 1 45
38 5 39 21
51 56 91 73
86 51 75 40
45 98 43 98
88 30 50 47
32 82 43 77
56 41 90 16
29 57 22 52
78 83 88 99
98 6 88 13
60 16 60 24
59 18 50 18
99 32 98 20
11 50 2 93
91 3 70 0
48 30 46 38
74 15 93 13
73 18 71 9
77 86 63 69
81 98 62 87
50 96 54 96
12 100 0 94
96 27 85 48
97 85 67 65
90 81 98 94
39 45 38 42
62 16 70 4
0
