100
50 50 10
50 100 10
50 150 10
50 200 10
50 250 10
50 300 10
50 350 10
50 400 10
50 450 10
50 500 10
100 50 10
100 100 10
100 150 10
100 200 10
100 250 10
100 300 10
100 350 10
100 400 10
100 450 10
100 500 10
150 50 10
150 100 10
150 150 10
150 200 10
150 250 10
150 300 10
150 350 10
150 400 10
150 450 10
150 500 10
200 50 10
200 100 10
200 150 10
200 200 10
200 250 10
200 300 10
200 350 10
200 400 10
200 450 10
200 500 10
250 50 10
250 100 10
250 150 10
250 200 10
250 250 10
250 300 10
250 350 10
250 400 10
250 450 10
250 500 10
300 50 10
300 100 10
300 150 10
300 200 10
300 250 10
300 300 10
300 350 10
300 400 10
300 450 10
300 500 10
350 50 10
350 100 10
350 150 10
350 200 10
350 250 10
350 300 10
350 350 10
350 400 10
350 450 10
350 500 10
400 50 10
400 100 10
400 150 10
400 200 10
400 250 10
400 300 10
400 350 10
400 400 10
400 450 10
400 500 10
450 50 10
450 100 10
450 150 10
450 200 10
450 250 10
450 300 10
450 350 10
450 400 10
450 450 10
450 500 10
500 50 10
500 100 10
500 150 10
500 200 10
500 250 10
500 300 10
500 350 10
500 400 10
500 450 10
500 500 10
275 275
