2
100 100 100
50 50 20
100 100
4
150 100 90
100 210 80
250 250 120
130 320 90
160 210
5
150 100 90
100 210 90
250 250 160
130 320 90
240 300 100
160 210
4
100 210 90
240 300 100
250 380 100
180 140 100
200 220
4
100 210 90
240 300 100
250 380 100
180 140 100
200 260
8
100 210 90
240 300 100
250 380 100
180 140 100
310 340 80
310 120 120
320 120 30
380 250 100
200 260
8
100 210 90
240 300 100
250 380 100
180 140 100
310 340 80
310 120 120
320 120 30
380 250 100
310 280
8
100 210 90
240 300 100
250 380 100
180 140 100
310 340 80
310 120 120
320 120 30
380 250 100
310 160
13
100 80 80
120 250 50
180 350 100
250 250 200
210 200 80
180  100 80
300 150 40
280 310 80
70 80 40
55 255 55
220 200 10
250 200 10
235 210 20
180 200
0



