2
50 50 50
100 100 50
75 75
2
50 50 50
100 100 50
50 50
2
100 100 100
50 50 20
100 100
4
150 100 90
100 210 80
250 250 120
130 320 90
160 210
5
150 100 90
100 210 90
250 250 160
130 320 90
240 300 100
160 210
4
100 210 90
240 300 100
250 380 100
180 140 100
200 220
4
100 210 90
240 300 100
250 380 100
180 140 100
200 260
8
100 210 90
240 300 100
250 380 100
180 140 100
310 340 80
310 120 120
320 120 30
380 250 100
200 260
8
100 210 90
240 300 100
250 380 100
180 140 100
310 340 80
310 120 120
320 120 30
380 250 100
310 280
8
100 210 90
240 300 100
250 380 100
180 140 100
310 340 80
310 120 120
320 120 30
380 250 100
310 160
13
100 80 80
120 250 50
180 350 100
250 250 200
210 200 80
180  100 80
300 150 40
280 310 80
70 80 40
55 255 55
220 200 10
250 200 10
235 210 20
180 200
100
50 50 10
50 100 10
50 150 10
50 200 10
50 250 10
50 300 10
50 350 10
50 400 10
50 450 10
50 500 10
100 50 10
100 100 10
100 150 10
100 200 10
100 250 10
100 300 10
100 350 10
100 400 10
100 450 10
100 500 10
150 50 10
150 100 10
150 150 10
150 200 10
150 250 10
150 300 10
150 350 10
150 400 10
150 450 10
150 500 10
200 50 10
200 100 10
200 150 10
200 200 10
200 250 10
200 300 10
200 350 10
200 400 10
200 450 10
200 500 10
250 50 10
250 100 10
250 150 10
250 200 10
250 250 10
250 300 10
250 350 10
250 400 10
250 450 10
250 500 10
300 50 10
300 100 10
300 150 10
300 200 10
300 250 10
300 300 10
300 350 10
300 400 10
300 450 10
300 500 10
350 50 10
350 100 10
350 150 10
350 200 10
350 250 10
350 300 10
350 350 10
350 400 10
350 450 10
350 500 10
400 50 10
400 100 10
400 150 10
400 200 10
400 250 10
400 300 10
400 350 10
400 400 10
400 450 10
400 500 10
450 50 10
450 100 10
450 150 10
450 200 10
450 250 10
450 300 10
450 350 10
450 400 10
450 450 10
450 500 10
500 50 10
500 100 10
500 150 10
500 200 10
500 250 10
500 300 10
500 350 10
500 400 10
500 450 10
500 500 10
250 250
100
50 50 10
50 100 10
50 150 10
50 200 10
50 250 10
50 300 10
50 350 10
50 400 10
50 450 10
50 500 10
100 50 10
100 100 10
100 150 10
100 200 10
100 250 10
100 300 10
100 350 10
100 400 10
100 450 10
100 500 10
150 50 10
150 100 10
150 150 10
150 200 10
150 250 10
150 300 10
150 350 10
150 400 10
150 450 10
150 500 10
200 50 10
200 100 10
200 150 10
200 200 10
200 250 10
200 300 10
200 350 10
200 400 10
200 450 10
200 500 10
250 50 10
250 100 10
250 150 10
250 200 10
250 250 10
250 300 10
250 350 10
250 400 10
250 450 10
250 500 10
300 50 10
300 100 10
300 150 10
300 200 10
300 250 10
300 300 10
300 350 10
300 400 10
300 450 10
300 500 10
350 50 10
350 100 10
350 150 10
350 200 10
350 250 10
350 300 10
350 350 10
350 400 10
350 450 10
350 500 10
400 50 10
400 100 10
400 150 10
400 200 10
400 250 10
400 300 10
400 350 10
400 400 10
400 450 10
400 500 10
450 50 10
450 100 10
450 150 10
450 200 10
450 250 10
450 300 10
450 350 10
450 400 10
450 450 10
450 500 10
500 50 10
500 100 10
500 150 10
500 200 10
500 250 10
500 300 10
500 350 10
500 400 10
500 450 10
500 500 10
275 275
100
50 50 10
50 100 10
50 150 10
50 200 10
50 250 10
50 300 10
50 350 10
50 400 10
50 450 10
50 500 10
100 50 10
100 100 10
100 150 10
100 200 10
100 250 10
100 300 10
100 350 10
100 400 10
100 450 10
100 500 10
150 50 10
150 100 10
150 150 10
150 200 10
150 250 10
150 300 10
150 350 10
150 400 10
150 450 10
150 500 10
200 50 10
200 100 10
200 150 10
200 200 10
200 250 10
200 300 10
200 350 10
200 400 10
200 450 10
200 500 10
250 50 10
250 100 10
250 150 10
250 200 10
250 250 10
250 300 10
250 350 10
250 400 10
250 450 10
250 500 10
300 50 10
300 100 10
300 150 10
300 200 10
300 250 10
300 300 10
300 350 10
300 400 10
300 450 10
300 500 10
350 50 10
350 100 10
350 150 10
350 200 10
350 250 10
350 300 10
350 350 10
350 400 10
350 450 10
350 500 10
400 50 10
400 100 10
400 150 10
400 200 10
400 250 10
400 300 10
400 350 10
400 400 10
400 450 10
400 500 10
450 50 10
450 100 10
450 150 10
450 200 10
450 250 10
450 300 10
450 350 10
450 400 10
450 450 10
450 500 10
500 50 10
500 100 10
500 150 10
500 200 10
500 250 10
500 300 10
500 350 10
500 400 10
500 450 10
275 275 94
275 275
100
50 50 10
50 100 10
50 150 10
50 200 10
50 250 10
50 300 10
50 350 50
50 400 10
50 450 10
50 500 10
100 50 10
100 100 10
100 150 10
100 200 10
100 250 10
100 300 10
100 350 10
100 400 10
100 450 10
100 500 10
150 50 10
150 100 10
150 150 30
150 200 10
150 250 10
150 300 10
150 350 10
150 400 50
150 450 10
150 500 10
200 50 10
200 100 10
200 150 10
200 200 10
200 250 10
200 300 10
200 350 10
200 400 10
200 450 10
200 500 10
250 50 10
250 100 10
250 150 10
250 200 10
250 250 10
250 300 10
250 350 10
250 400 10
250 450 10
250 500 10
300 50 10
300 100 10
300 150 10
300 200 10
300 250 10
300 300 10
300 350 10
300 400 10
300 450 10
300 500 10
350 50 10
350 100 10
350 150 10
350 200 10
350 250 10
350 300 10
350 350 10
350 400 10
350 450 10
350 500 10
400 50 10
400 100 10
400 150 10
400 200 10
400 250 10
400 300 10
400 350 10
400 400 10
400 450 10
400 500 10
450 50 10
450 100 10
450 150 10
450 200 10
450 250 50
450 300 10
450 350 10
450 400 10
450 450 10
450 500 10
500 50 10
500 100 10
500 150 10
500 200 10
500 250 10
500 300 10
500 350 10
500 400 10
500 450 10
275 275 94
275 275
5
100 100 100
200 200 100
150 150 20
170 130 20
130 170 20
100 100
5
100 100 100
200 200 100
150 150 20
170 130 20
130 170 20
150 150
5
100 100 100
200 200 100
150 150 20
170 130 20
130 170 20
160 140
5
100 100 100
200 200 100
150 150 20
170 130 20
130 170 20
190 110
27
250 250 250
250 250 248
250 250 246
250 250 244
250 250 242
250 250 240
250 250 238
250 250 236
250 250 234
250 250 232
250 250 230
250 250 228
250 250 226
250 250 224
250 250 222
250 250 220
250 250 218
250 250 216
250 250 214
250 250 212
250 250 200
250 250 100
280 260 30
250 260 40
280 210 15
280 230 20
280 240 40
250 100
30
250 250 250
250 250 248
250 250 246
250 250 244
250 250 242
250 250 240
250 250 238
250 250 236
250 250 234
250 250 232
250 250 230
250 250 228
250 250 226
250 250 224
250 250 222
250 250 220
250 250 218
250 250 216
250 250 214
250 250 212
250 250 200
250 250 100
280 260 30
250 260 40
280 210 15
280 230 20
280 240 40
100 250 10
400 250 10
250 400 10
250 100


