99
999
0
0
0
0
0
0
0
0
0
0
1
0
1
0
0
117
0
0
0
0
0
0
0
0
0
0
0
0
0
0
0
0
0
0
0
0
0
0
0
0
0
0
0
0
0
0
0
0
0
0
0
0
0
0
0
0
0
0
0
0
0
0
0
0
0
156
0
0
0
0
0
0
0
0
0
104
86
0
22
0
36
0
0
0
191
0
0
0
0
0
0
45
0
0
0
0
0
0
90
0
0
0
108
0
0
0
0
0
0
171
0
0
0
0
0
0
0
0
0
0
0
0
0
0
0
0
27
0
0
0
0
0
0
177
0
0
0
0
0
0
0
0
0
0
144
0
0
0
0
0
0
0
0
0
0
0
0
0
0
0
0
0
0
0
0
0
0
0
0
0
0
0
0
0
0
0
0
0
0
0
0
0
0
0
0
0
0
0
0
25
0
0
0
0
0
0
0
0
0
0
0
0
0
0
0
0
0
0
0
0
0
0
0
0
0
0
0
0
0
0
0
0
0
0
0
0
0
0
0
0
50
158
0
0
0
72
0
0
0
0
0
0
0
0
0
0
0
0
36
0
0
16
0
0
0
0
0
0
134
0
0
0
0
0
0
0
0
191
0
0
0
0
0
0
0
0
0
0
0
0
0
0
0
0
0
0
0
0
0
145
0
0
0
0
0
0
0
0
189
0
0
0
0
0
0
0
81
0
0
0
152
0
0
0
142
0
0
0
0
132
0
0
0
0
0
0
0
0
0
0
0
0
0
0
0
0
0
0
0
0
35
0
0
0
0
0
191
0
0
0
0
0
0
0
0
0
0
0
0
0
0
0
0
0
0
166
0
0
0
0
0
196
0
0
0
89
0
0
0
0
0
0
0
0
0
0
0
0
0
0
52
0
98
0
0
0
0
0
176
0
0
0
0
0
0
0
0
0
0
0
0
0
0
0
0
0
0
0
0
0
0
0
5
0
0
0
0
0
160
0
0
0
0
0
0
0
0
0
0
0
28
0
0
0
0
0
0
0
0
0
0
0
152
187
0
0
0
0
0
0
23
0
0
0
182
0
0
189
0
2
0
0
0
0
0
0
156
0
0
0
0
0
0
0
0
0
81
0
0
0
0
0
0
0
0
99
0
0
0
0
0
0
0
0
0
0
0
0
157
0
0
0
0
0
0
0
0
0
0
0
0
192
0
0
0
0
0
0
0
0
174
0
0
0
0
0
0
0
0
0
37
0
0
0
0
0
0
0
90
175
0
0
0
0
0
0
0
0
0
0
0
0
32
0
0
0
0
0
0
0
0
0
0
0
0
137
146
0
0
0
0
0
0
0
0
0
0
0
0
0
88
0
1
29
0
0
0
0
0
0
0
0
97
0
0
0
0
0
0
0
0
0
0
0
0
0
0
0
0
0
0
0
0
0
0
0
0
78
0
0
0
0
0
0
0
0
0
0
0
171
0
0
0
0
0
0
0
0
0
0
0
0
0
0
0
0
0
0
0
0
0
0
0
0
0
0
0
0
0
0
0
0
0
0
0
85
0
0
0
162
0
0
0
0
0
0
0
161
0
0
0
0
126
0
0
0
0
0
23
0
0
0
0
0
0
0
0
0
0
0
0
0
0
0
16
0
0
63
0
0
0
0
0
0
0
0
0
0
0
0
0
0
0
0
0
0
0
0
0
0
0
163
0
0
0
0
142
0
0
0
0
0
0
167
0
0
0
191
0
0
0
0
0
0
0
121
0
0
0
0
0
0
0
0
0
0
0
3
0
0
0
0
0
0
0
0
0
0
0
0
0
51
0
0
0
0
0
0
0
0
0
0
0
0
0
0
0
0
0
0
0
94
0
0
0
0
0
0
0
0
0
0
0
0
0
0
28
0
35
0
0
155
0
0
0
0
22
0
0
0
0
0
0
0
0
0
0
0
0
0
0
0
0
0
0
23
0
0
0
0
0
0
0
0
0
0
24
0
0
0
169
22
0
0
0
0
0
0
0
0
0
102
0
141
0
0
0
0
0
0
0
0
0
0
0
0
0
0
0
0
0
0
0
0
0
0
0
0
0
0
0
0
0
91
0
0
0
0
0
0
0
10
0
0
0
0
123
0
0
0
0
0
0
140
92
0
0
108
0
31
0
115
0
0
0
0
0
0
0
185
0
0
0
0
0
0
0
0
0
0
0
0
0
0
0
0
0
0
0
0
0
0
101
0
0
0
0
98
0
0
0
0
0
0
0
0
0
0
125
0
0
0
0
0
0
0
0
0
0
0
