1 24
2 16
1 30
1 59
1 121
3 21
4 33
1 26
1 39
5 17
4 15
2 23
1 18
1 63
3 20
1 60
3 14
3 12
2 23
1 68
3 30
1 53
1 38
1 21
1 47
1 22
1 42
1 48
1 33
1 20
1 74
1 22
1 70
1 63
1 59
2 21
3 26
1 18
5 31
1 47
1 67
1 71
1 45
5 28
1 29
4 15
1 18
1 24
2 24
1 56
4 62
4 20
5 17
1 32
5 16
1 44
1 38
3 18
1 57
1 28
1 107
1 59
2 23
2 31
1 64
1 13
1 27
5 17
1 47
1 36
1 23
1 44
5 25
5 16
2 66
1 22
1 60
5 17
3 22
1 174
1 75
1 180
1 75
1 166
1 125
1 116
1 99
1 42
1 178
1 45
1 114
1 121
1 146
1 150
1 97
1 124
1 84
1 121
1 156
2 219
1 361
1 231
1 637
1 382
1 917
1 729
5 326
1 841
1 466
2 246
1 353
1 1117
1 621
2 778
3 518
2 353
1 616
1 958
1 477
1 693
1 852
1 43
1 50
1 98
1 59
1 66
1 58
1 51
1 98
1 71
1 42
