2 9999
2 8119
2 8118
2 3363
2 3362
2 2
3 9999
3 8733
3 8732
3 5042
23 1151
29 3774
41 9021
47 4607
113 9999
173 9114
179 9999
181 9283
181 9282
181 14
197 9999
199 2510
227 6795
229 1710
233 4793
241 8026
251 9999
251 16
271 2386
277 2613
283 1043
293 18
347 801
359 360
379 9999
449 9387
499 4490
541 6187
547 1567
577 1153
601 25
607 8696
613 25
641 5493
641 6051
653 1661
659 9909
673 26
727 9436
757 7070
797 5250
821 1404
823 9999
853 30
881 7272
907 4397
929 9661
947 31
983 9999
1031 7353
1039 5383
1049 9999
1049 2753
1051 4409
1061 8924
1061 2898
1069 752
1109 2098
1109 8059
1117 9999
1259 3016
1259 7061
1259 36
1277 6611
1279 1358
1283 4154
1297 7815
1373 9999
1399 2318
1427 9935
1451 39
1459 7371
1471 3144
1481 1193
1487 9999
1499 2052
1531 4891
1559 8725
1567 1622
1579 9656
1583 2427
1597 9999
1693 42
1697 6138
1741 3797
1753 9252
1777 9822
1823 9990
1847 9197
1861 8671
1861 5262
1871 4239
1879 5114
1889 9999
1973 6262
1979 4759
2003 6936
2003 45
2039 9999
2063 3133
2087 9822
2089 9999
2203 9999
2203 47
2207 2207
2221 7021
2287 9999
2293 48
2309 8313
2339 9720
2341 5419
2357 2476
2371 9999
2423 9451
2437 9999
2503 5003
2543 9999
2609 8479
2659 9999
2677 3777
2711 5415
2719 6152
2753 5928
2767 4628
2797 9999
2803 2806
2833 9999
2833 54
2837 8894
2843 1333
2861 2299
2897 915
2953 2227
3019 7032
3037 8597
3049 6847
3067 5095
3083 7829
3119 6981
3167 9172
3191 2542
3203 6848
3217 9472
3253 9999
3271 6233
3329 9999
3347 6306
3347 4339
3359 58
3371 6734
3407 9999
3413 59
3433 9902
3433 9901
3463 7709
3499 9999
3539 9999
3583 8021
3607 6186
3691 8627
3761 9750
3803 9867
3851 9999
3863 9999
3863 63
3877 7035
3929 9841
3989 6379
4051 9999
4129 9999
4129 8739
4157 6383
4201 7713
4241 9999
4289 6810
4289 3471
4327 66
4337 66
4349 66
4391 67
4451 9999
4451 67
4463 67
4481 4484
4513 8263
4513 8262
4547 68
4561 7698
4583 68
4597 9899
4637 9999
4643 2929
4651 7569
4721 8038
4751 8546
4783 70
4817 70
4943 9632
4957 9999
4967 7682
5003 6860
5023 4465
5039 9999
5051 9097
5081 72
5153 8326
5179 2086
5261 8848
5279 4867
5333 5330
5519 75
5521 6613
5531 6618
5591 8897
5743 76
5851 9999
5857 77
5861 5359
5939 8323
5939 5933
5987 9672
6053 388
6073 6624
6101 3592
6143 79
6199 79
6211 9999
6229 6235
6257 9999
6263 80
6269 8947
6277 1742
6277 80
6287 9276
6287 6818
6311 3415
6329 9999
6329 9467
6359 9010
6379 7906
6481 9999
6481 8774
6563 6643
6563 82
6619 1138
6733 9999
6781 83
6823 9746
6823 83
6827 9501
6829 9999
6829 4792
6841 83
6967 9999
6967 2670
6971 5593
6983 8439
6991 4096
7001 84
7019 4943
7039 9999
7121 85
7187 5680
7187 6442
7193 4495
7243 9999
7243 8851
7247 7236
7297 9908
7297 6065
7307 9999
7331 86
7477 5706
7481 6141
7549 9818
7549 7558
7561 7565
7583 7575
7591 9999
7603 88
7621 4975
7727 2724
7741 5103
7789 89
7793 8563
7841 6286
7853 7177
7867 9999
7879 4881
7907 7914
7937 9999
7993 9744
8009 90
8011 179
8017 90
8039 9773
8053 9999
8089 7375
8117 4774
8263 9180
8317 92
8329 1734
8461 9999
8513 93
8527 7294
8543 9520
8573 93
8681 5962
8693 9999
8693 5128
8713 94
8731 8502
8761 9640
8807 1220
8837 95
8839 5923
8849 9500
8863 659
8923 8785
9011 95
9041 9032
9049 9797
9059 9042
9091 9999
9091 7150
9091 4671
9109 3244
9137 9272
9137 96
9151 5356
9173 4693
9181 9999
9209 96
9221 7394
9239 8843
9257 97
9283 6359
9419 3785
9431 5147
9431 9420
9461 5447
9473 8273
9473 98
9491 8085
9539 9766
9539 98
9679 5410
9689 6594
9697 9158
9739 5032
9767 6324
9791 9999
9803 9802
9851 9826
9857 9999
9967 599
9967 9684
0 0
