162
210
21
229
226
92
177
213
217
29
3066
204
92
123
74
210
53
517
206
123
177
240
162
136
196
1
226
310
253
481
58
236
77
131
136
170
158
164
167
227
244
52
1
153
12
72
400
262
95
2150
116
133
346
70
71
244
194
221
246
99
185
230
456
149
213
173
172
161
125
119
91
106
209
96
30
325
176
135
232
239
53
85
113
1425
33
110
194
201
254
172
1
260
76
224
183
52
167
112
164
185
116
1
85
275
5083
76
217
63
63
212
72
62
341
127
192
45
22
261
491
420
230
245
480
159
245
97
20
202
216
162
231
122
67
2084
488
139
218
246
1
202
371
161
136
100
139
164
45
180
83
321
