170
68
89
209
58
1
93
439
183
254
188
226
233
164
69
110
123
369
32
436
199
347
77
150
198
113
374
315
13
92
256
37
123
455
182
1
135
72
955
21
226
214
82
148
44
233
156
60
223
120
212
44
222
122
85
235
1
60
250
498
62
91
98
468
105
168
185
3030
104
228
269
151
148
167
27
100
119
6
160
2692
88
442
224
244
54
50
245
180
65
136
247
228
243
98
1
61
209
287
505
72
158
463
3602
121
55
142
13
210
255
95
146
213
352
209
175
261
117
75
173
99
169
117
364
96
131
161
181
145
21
223
1
118
223
200
267
184
4985
96
233
176
77
149
108
77
174
59
52
149
237
16
