58
253
616
193
241
155
216
232
79
188
112
192
1
193
146
72
42
798
59
13
186
226
210
147
233
128
198
425
79
1
83
27
70
28
140
214
1
193
220
66
71
329
244
187
124
1
69
220
242
114
51
158
96
108
263
334
221
236
192
176
161
173
18
145
238
199
239
242
66
132
250
134
193
158
244
36
186
4903
146
155
53
230
68
15
176
229
248
179
128
126
139
153
423
89
165
219
46
514
5064
124
178
113
342
356
1
179
446
267
367
374
269
27
175
182
162
198
79
153
63
154
4940
190
33
273
188
121
437
161
110
258
194
219
43
140
130
203
69
108
93
249
229
370
148
146
60
201
45
80
236
247
