5025
216
112
68
121
66
43
44
113
1068
77
249
145
72
427
374
345
148
233
4013
132
254
149
254
127
124
152
49
109
151
88
129
159
110
245
184
231
2724
262
1
155
255
66
234
97
213
117
165
101
88
81
162
133
248
243
178
208
156
516
244
244
191
228
90
164
169
113
93
238
191
169
74
237
147
223
83
201
187
203
103
252
469
235
215
191
158
98
192
179
36
45
1
192
441
72
17
425
147
100
85
200
2887
80
59
123
55
454
206
79
497
149
90
143
59
172
234
196
375
97
18
340
211
101
120
244
226
106
113
99
150
175
92
82
1
157
477
187
66
41
1
1
226
142
150
483
420
239
217
110
235
