50
0 0.6 0 -0.2
50
-0.4 0.4 0.1 -0.1
50
0.2 0.2 0.1 0.1
50
-0.8 0 0.2 0
50
-0.6 -0.4 0.3 0.2
50
0.1 -0.3 0.1 -0.3
50
0 -0.5 0 0.9
0.5
-0.4 0.4 0.1 -0.1
1.5
0.2 0.2 0.1 0.1
0.799999
-0.8 0 0.2 0
0.72
-0.6 -0.4 0.3 0.2
1.6
0.1 -0.3 0.1 -0.3
50
0.1 0 0.1 0.1
50
0.4 -0.1 0 0.2
50
0.5 0 0.3 0.1
50
-0.2 -0.5 0 0.2
50
0.2 -0 -0.2 0.4
50
0.01 0.6 0 -0.2
50
-0.4 0.4 0.1 0
50
0.22 0.2 0.1 0.1
50
-0.8 0.2 0.2 0
50
-0.6 -0.42 0.3 0.2
50
0.1 -0.3 0.1 -0.33
50
0.1 -0.5 0 0.9
0.6
0.01 0.6 0 -0.2
0.5
-0.41 0.4 0.1 -0.1
1.5
0.2 0.22 0.1 0.1
0.799999
-0.8 0.01 0.2 0
0.72
-0.6 -0.43 0.3 0.2
1.6
0.1 -0.3 0.13 -0.3
0.5
0 -0.5 0.01 0.9
0
