50.0
0.4 0.4 -0.2 -0.2
50.0
-0.4 -0.4 0.2 0.2
50.0
0.2 -0.2 0.2 -0.2
50.0
-0.2 0.2 -0.2 0.2
50.0
-0.2 0.0 0.3 0.0
50.0
0.0 -0.1 0.0 0.3
50.0
-0.1 -0.1 0.2 0.2
50.0
0.5 0.0 0.5 0.0
50.0
-0.5 0.0 -0.5 0.0
50.0
0.0 0.5 0.0 0.5
50.0
0.0 -0.5 0.0 -0.5
50.0
0.401 0.4 -0.2 -0.2
50.0
-0.4 -0.4 0.201 0.2
50.0
0.2 -0.2 0.2 -0.201
50.0
-0.2 0.2 -0.2 0.203
50.0
-0.202 0.0 0.3 0.01
50.0
0.0 -0.101 0.001 0.301
50.0
-0.101 -0.1 0.2 0.2
50.0
0.5 0.0 0.5 0.001
50.0
-0.5 0.0 -0.5 0.001
50.0
0.001 0.5 0.0 0.5
50.0
0.001 -0.5 0.0 -0.5
0
