6 1
2 1 1 1 1 3
7 6
2 1 0 1 0 3 0
0 0 0 1 0 1 0
0 0 0 0 0 0 0
0 0 0 0 0 0 0
0 0 1 0 1 0 1
1 0 1 0 1 0 0
13 1
2 0 0 1 1 1 1 1 1 1 1 1 3
13 1
2 0 1 1 1 1 1 1 1 1 1 3 0
13 1
2 0 1 1 1 1 1 1 1 1 1 3 1
14 1
2 0 0 1 1 1 1 1 1 1 1 1 1 3
14 1
2 0 1 1 1 1 1 1 1 1 1 1 3 0
14 1
2 0 1 1 1 1 1 1 1 1 1 1 3 1
19 19
0 0 0 0 0 0 0 0 1 0 0 0 0 0 0 0 0 1 1
0 0 1 1 0 0 0 1 1 0 0 0 0 1 0 0 1 0 0
0 1 0 0 0 0 0 0 0 0 0 0 0 1 0 0 0 0 0
0 0 1 0 0 0 1 0 0 0 0 1 0 0 0 0 0 0 0
0 1 0 1 0 0 1 1 1 1 0 1 1 0 0 0 0 1 0
0 0 0 1 1 1 1 0 0 0 0 0 0 1 0 1 0 0 0
0 0 0 0 0 1 0 1 0 1 1 0 0 0 0 1 1 0 0
0 1 1 0 0 0 0 0 1 0 0 1 0 0 0 0 0 0 0
0 0 0 0 0 0 0 0 0 0 0 1 1 0 0 0 0 0 0
0 0 0 0 0 1 2 0 0 1 0 1 1 0 1 1 0 0 0
0 0 0 0 1 0 0 0 1 0 0 0 0 1 0 0 0 1 0
0 0 0 0 0 0 1 0 0 0 0 0 1 0 0 0 1 0 1
0 0 0 0 0 0 0 0 0 0 0 0 0 0 0 0 0 1 0
0 0 1 0 1 0 0 1 0 1 0 0 1 1 0 1 0 1 1
0 0 0 0 0 0 0 0 0 0 0 0 1 0 0 0 0 1 1
1 0 0 0 0 0 0 1 0 1 0 0 0 1 0 0 0 1 0
1 1 0 1 0 0 0 1 0 0 0 0 0 0 0 1 0 0 1
0 0 0 1 0 1 0 0 1 0 0 1 1 0 0 0 0 1 0
0 1 1 0 1 1 1 3 0 1 0 0 0 0 0 0 0 0 0
15 15
1 0 0 0 0 0 0 0 0 0 0 0 0 1 0
0 1 0 0 0 3 0 0 1 1 0 0 0 0 1
0 0 0 0 0 0 0 0 0 0 0 0 0 0 0
0 0 0 1 0 0 0 0 0 0 0 1 0 0 0
0 0 0 0 0 1 0 0 0 0 0 0 0 0 0
0 0 0 0 0 0 1 0 0 0 0 0 0 0 0
0 0 0 0 0 0 0 0 1 0 0 0 1 0 0
1 0 0 0 0 0 0 0 0 0 0 0 0 0 0
1 0 0 0 0 0 0 0 0 2 0 0 0 0 0
0 1 0 0 0 0 0 0 1 0 0 0 0 0 0
1 0 0 0 0 0 0 0 0 0 0 1 0 0 1
0 1 1 0 0 0 0 0 0 0 0 1 0 0 0
0 0 0 0 1 0 0 0 0 0 0 0 0 0 0
0 0 0 0 0 0 0 0 0 0 0 0 0 1 0
0 1 0 0 0 1 0 1 0 0 0 0 1 1 0
10 10
0 1 1 1 1 0 1 0 0 1
1 0 0 0 1 1 0 0 0 1
1 0 0 0 1 0 0 1 1 0
0 0 1 1 1 0 1 1 0 1
1 1 0 0 1 1 1 1 1 1
0 0 2 1 1 1 0 0 1 1
3 0 0 1 1 0 0 0 1 1
0 0 0 1 0 1 1 1 0 0
1 1 0 0 0 1 0 1 0 1
1 1 1 1 1 1 1 0 1 0
12 12
0 0 0 0 0 0 0 0 1 0 0 0
0 1 0 0 1 1 0 0 0 1 0 0
0 1 0 0 0 0 0 0 0 0 3 0
0 0 0 0 0 0 0 0 0 1 0 0
0 0 0 0 0 0 0 0 0 0 0 0
0 0 0 0 0 1 0 0 0 0 0 0
0 0 0 0 0 0 0 0 0 0 0 0
1 0 0 0 0 0 0 0 0 0 1 0
0 1 0 0 0 0 0 0 0 0 0 0
0 0 0 1 0 0 0 0 0 0 0 0
0 1 0 0 0 0 1 1 2 0 0 0
0 0 0 0 0 0 1 0 0 0 0 0
9 17
1 1 0 0 1 0 1 0 1
0 1 0 0 0 0 1 0 1
0 0 0 1 1 0 1 1 0
1 0 1 1 0 1 0 1 1
0 0 0 1 0 0 0 0 1
0 0 1 0 0 0 0 0 0
1 1 1 0 0 2 0 0 1
0 1 0 0 0 1 0 1 0
1 1 0 1 0 0 1 0 0
0 0 0 1 0 0 0 0 0
1 0 1 0 0 1 0 3 1
0 0 0 0 1 1 1 1 1
1 1 1 0 0 1 1 1 0
1 0 1 0 0 1 0 0 0
0 1 1 0 0 1 0 0 1
0 1 1 0 0 1 0 1 0
0 0 0 0 0 0 1 0 0
14 14
1 1 1 1 1 1 1 1 1 1 1 1 1 1
1 1 1 1 1 1 1 1 0 1 1 1 1 1
1 1 1 1 1 0 1 1 1 1 0 1 1 1
1 1 1 1 1 1 1 1 1 1 1 1 1 1
1 1 1 1 1 1 1 1 1 1 1 0 1 1
1 1 1 1 1 1 1 1 1 1 2 1 1 0
1 1 1 1 1 1 1 1 1 1 0 0 1 1
1 1 1 1 1 1 1 1 1 0 1 0 1 1
1 1 1 1 1 1 1 1 1 1 1 1 1 1
1 1 1 1 1 1 1 1 1 1 1 1 1 1
1 1 1 1 1 1 1 1 0 1 1 1 3 1
1 1 1 1 1 1 1 1 0 0 1 0 1 1
1 1 1 1 1 1 0 1 1 1 1 1 1 1
1 1 1 1 1 0 1 1 1 1 1 1 1 0
13 13
1 0 1 1 1 0 1 1 1 1 1 0 0
1 0 0 1 1 1 1 1 1 0 1 0 1
1 1 1 1 1 0 1 0 1 1 1 1 1
1 1 0 1 1 1 1 0 0 1 1 1 1
1 0 0 0 0 1 1 0 0 0 1 0 1
1 0 0 1 0 0 0 1 1 0 1 0 1
1 1 0 0 0 0 0 2 0 1 1 1 1
1 1 1 0 0 0 0 0 1 1 1 0 1
1 0 0 0 1 1 1 1 1 1 0 1 0
0 0 1 1 0 0 1 1 1 1 1 1 3
0 1 1 0 1 1 1 1 1 0 1 1 1
1 1 1 0 1 0 1 1 1 1 1 0 0
0 1 1 1 0 0 1 1 1 1 1 0 1
7 7
0 1 0 0 0 1 1
1 1 1 1 0 1 0
1 1 1 1 1 0 1
1 1 0 1 1 1 1
1 0 1 0 0 2 1
1 0 0 0 1 1 3
1 1 0 1 1 1 0
12 12
1 0 1 0 0 0 1 0 1 0 1 1
1 1 1 1 1 1 0 1 0 0 1 1
1 0 0 1 0 0 0 1 1 0 1 1
0 1 1 1 1 1 1 0 0 1 0 1
1 1 0 0 0 1 0 0 1 1 0 0
1 0 1 0 0 1 0 0 0 2 0 1
1 1 1 1 0 1 0 0 1 0 1 0
3 1 0 1 0 0 1 1 0 1 1 1
0 0 1 1 0 1 0 0 0 0 0 1
0 0 1 1 1 1 1 1 0 0 1 1
1 0 0 1 0 0 1 0 1 1 0 1
1 0 1 0 0 1 1 1 1 1 1 0
18 18
0 1 1 1 1 1 1 1 1 1 1 1 1 1 1 1 0 1
0 1 1 1 1 0 0 0 1 1 1 1 0 1 0 1 1 1
1 1 1 1 0 1 1 1 1 1 1 1 0 1 0 1 1 0
0 1 1 0 1 0 1 1 1 1 1 1 1 0 1 1 1 1
1 0 1 1 1 1 0 1 1 1 1 0 1 1 1 0 0 1
0 1 1 1 1 1 1 0 0 1 1 0 1 1 1 1 1 1
1 1 1 1 0 1 1 1 1 1 1 0 1 0 0 1 0 1
0 1 1 0 1 0 2 1 0 3 0 1 0 1 1 1 1 1
1 1 1 1 1 1 0 0 1 1 1 0 1 1 1 1 1 1
1 1 0 1 1 1 1 1 1 0 1 1 1 1 1 1 1 1
1 1 1 1 1 1 1 1 1 1 0 1 0 1 0 0 1 0
1 1 1 1 0 1 1 1 1 1 1 1 1 1 0 1 0 0
1 0 1 1 1 1 1 1 0 1 1 1 1 1 1 1 1 1
0 0 1 1 1 1 1 1 0 1 0 0 1 1 1 1 0 1
1 0 1 1 1 1 0 1 1 0 1 1 1 0 1 1 1 1
1 0 0 1 1 1 1 1 1 1 0 1 1 1 1 1 1 1
1 1 1 1 1 1 1 0 1 1 0 1 0 1 0 0 0 1
1 0 1 1 1 1 1 1 1 1 1 1 1 1 0 0 0 0
11 11
1 0 0 1 0 1 0 0 0 0 0
1 0 0 0 0 0 1 1 0 0 0
0 0 0 0 0 0 0 0 1 0 0
1 0 1 0 0 0 0 1 1 0 0
1 0 0 1 1 2 0 0 0 0 0
0 0 1 0 0 1 0 0 0 0 0
0 1 1 0 0 0 0 0 0 0 3
1 1 0 1 0 0 0 1 0 1 0
1 1 0 0 0 1 0 0 1 0 0
0 1 0 0 0 0 0 0 0 1 0
0 1 0 0 1 1 0 0 0 1 0
19 19
0 0 1 0 0 3 1 1 1 0 0 0 0 1 1 0 0 0 0
0 1 0 1 1 0 1 0 0 0 0 0 0 1 0 1 1 0 0
0 0 0 0 1 0 0 0 0 0 0 0 1 0 0 1 0 1 0
0 0 0 0 1 1 0 2 0 0 1 0 0 0 1 0 0 0 1
0 0 0 0 1 0 1 0 0 1 1 0 0 0 0 1 0 0 0
0 0 1 0 0 0 0 0 1 0 0 0 0 1 1 0 1 0 0
0 0 1 0 0 0 0 0 0 0 0 0 0 0 0 0 0 1 0
0 0 0 0 0 1 0 0 0 0 0 1 0 0 0 0 0 1 0
1 1 0 0 0 0 1 0 1 1 0 0 0 0 1 0 1 0 0
0 0 0 0 1 0 1 0 0 0 1 0 0 0 0 1 1 0 1
0 0 1 1 1 0 0 1 0 1 0 0 1 0 0 0 1 0 1
0 0 0 0 0 0 0 1 0 0 0 1 0 0 1 1 0 0 0
0 1 0 1 0 1 1 0 0 0 0 0 0 0 1 0 1 1 0
0 0 0 0 0 0 0 0 0 0 0 1 0 0 0 0 0 1 0
0 0 1 0 0 1 1 0 0 0 0 0 0 0 0 0 1 1 1
1 1 0 0 0 0 0 1 1 0 0 0 0 0 0 0 0 1 1
0 0 0 1 0 0 1 0 0 0 0 0 0 0 1 1 0 0 0
1 0 1 0 0 0 0 0 1 0 1 1 1 0 0 0 0 1 1
0 1 0 1 1 0 0 1 1 0 0 1 1 0 0 0 1 0 0
17 17
0 0 0 0 0 1 0 0 0 0 0 0 0 0 0 0 0
0 0 0 0 0 0 0 0 0 0 1 0 0 0 0 0 0
0 0 0 0 0 0 0 0 0 0 0 0 0 0 1 0 0
1 0 0 0 0 0 0 1 0 0 0 0 1 0 0 0 0
0 0 0 0 0 0 1 0 0 0 0 0 0 0 0 0 0
0 0 2 1 1 0 0 0 0 0 0 0 0 0 1 0 0
0 0 0 0 0 0 0 0 0 1 0 0 0 0 0 1 0
0 0 0 1 0 0 0 0 0 0 0 0 0 0 0 0 1
0 0 1 0 0 0 0 0 0 0 0 0 0 0 0 0 0
0 0 0 0 0 0 0 0 0 0 0 0 0 0 0 0 0
0 0 0 0 0 0 0 0 0 0 0 0 0 0 0 0 0
0 0 0 0 0 0 0 0 0 0 0 0 0 0 0 0 0
0 0 0 0 0 0 0 0 0 0 0 0 0 0 0 0 0
0 0 0 0 0 0 3 1 0 0 0 0 0 1 0 0 0
0 0 1 0 0 0 0 0 0 1 0 0 0 0 0 0 0
0 0 0 0 0 0 0 0 0 0 0 0 0 0 0 0 0
0 0 0 0 0 1 0 0 1 0 0 0 0 0 0 0 0
16 16
1 0 1 0 0 1 0 1 1 1 1 1 0 0 1 1
1 1 0 1 1 0 0 1 1 0 0 1 3 1 1 1
1 1 0 1 1 0 0 0 1 1 1 1 1 1 1 0
1 1 1 0 1 0 1 1 0 1 1 1 1 0 1 1
1 0 0 1 1 1 1 0 0 2 0 1 1 0 1 1
1 1 0 1 1 0 0 0 1 1 0 0 0 0 0 1
1 1 0 1 1 1 0 0 0 1 0 0 1 0 1 0
0 0 1 1 1 1 0 1 1 0 0 1 0 1 1 0
1 1 1 1 0 1 1 1 0 0 0 1 0 1 0 1
0 1 1 1 0 0 1 1 0 0 1 1 1 1 0 1
1 0 0 1 0 0 0 1 0 0 1 1 0 1 0 0
0 1 0 1 1 0 0 0 1 0 0 1 1 1 0 0
1 1 1 1 1 0 1 0 0 0 0 1 1 1 1 0
0 0 1 1 1 1 1 1 0 0 1 0 0 1 0 0
0 1 1 1 1 1 1 1 1 1 1 1 1 1 0 1
1 1 1 0 1 0 0 0 1 1 1 1 1 0 1 1
17 17
0 1 0 1 0 0 0 1 0 0 0 1 1 1 0 1 1
0 0 0 1 0 0 1 0 1 1 0 1 1 0 0 0 1
1 1 0 1 0 0 1 1 1 1 1 0 0 0 1 0 1
0 1 1 1 1 1 1 1 1 0 0 0 1 1 0 1 1
1 0 0 0 0 0 1 0 1 1 1 0 1 0 0 0 0
1 0 1 1 1 0 1 0 0 1 0 0 0 0 0 0 0
1 1 1 1 1 0 1 0 0 1 0 0 0 1 0 0 0
0 1 0 0 0 1 0 0 1 1 0 0 0 1 0 1 0
0 1 0 1 0 0 0 1 0 0 1 1 0 1 1 0 0
0 0 1 1 1 1 0 1 0 0 0 1 1 0 1 1 0
1 1 1 1 2 0 1 0 1 1 0 0 0 0 1 1 0
0 0 1 1 0 0 0 0 0 0 1 0 1 1 0 0 1
0 0 0 1 1 0 1 0 0 1 1 1 1 0 1 0 1
0 0 0 0 0 0 1 0 0 0 1 0 0 1 1 1 1
0 1 1 0 0 0 0 0 1 1 0 1 0 0 0 1 0
3 0 1 1 0 1 1 0 0 0 0 0 0 1 0 1 1
1 0 0 0 1 1 0 0 1 0 1 0 1 1 0 1 1
13 13
0 0 1 0 0 0 1 0 0 0 1 1 0
0 0 0 0 0 0 0 0 0 0 0 0 3
1 0 0 1 1 0 0 0 1 1 0 0 0
0 0 0 0 1 0 1 0 0 0 0 0 1
1 0 0 1 0 0 0 0 1 1 0 0 0
1 1 2 0 0 0 0 1 0 0 0 1 0
1 0 0 1 0 0 1 0 1 0 1 0 1
0 0 0 0 0 0 0 1 0 0 1 0 0
0 0 0 0 1 1 0 0 0 0 0 0 1
0 0 1 0 1 1 0 0 1 0 1 0 0
1 1 0 1 1 1 0 0 0 0 0 1 0
0 1 1 1 0 0 1 0 0 0 0 0 0
0 1 0 0 0 0 1 0 0 1 1 1 0
20 20
0 0 0 0 0 0 0 0 0 0 0 0 0 0 0 0 0 0 1 0
0 0 1 0 0 0 0 0 0 0 1 1 0 0 0 0 0 0 0 0
1 0 1 0 0 0 1 0 0 0 0 0 0 0 0 0 0 0 1 0
0 0 0 0 0 0 0 0 1 0 0 0 0 0 0 0 0 1 0 0
0 0 0 0 0 0 0 0 0 0 0 0 0 0 0 0 0 0 1 0
0 1 0 0 0 1 0 0 0 0 1 1 0 0 0 0 0 0 0 0
0 0 0 1 0 1 0 0 0 0 0 0 0 0 0 0 0 0 0 0
0 0 0 0 0 0 0 0 0 0 0 0 0 0 0 0 0 0 0 1
0 0 0 0 0 0 0 0 0 0 0 0 0 0 0 0 0 0 0 0
0 1 0 0 0 0 0 0 0 0 2 1 0 0 0 0 0 1 1 0
0 0 1 0 0 0 0 0 0 0 0 0 0 0 0 0 0 0 3 1
0 0 0 0 0 0 0 0 0 0 0 1 0 0 0 0 0 0 0 0
0 1 0 0 1 0 0 0 0 0 1 0 0 1 0 0 0 0 0 0
0 0 0 0 0 1 0 0 1 0 0 0 1 1 0 0 0 0 1 0
0 1 0 0 0 0 0 1 1 0 0 0 1 0 0 0 0 0 0 1
0 0 1 0 0 0 0 0 0 0 0 0 0 0 0 0 0 0 1 0
0 0 0 0 0 0 0 0 0 0 0 0 0 0 0 0 0 1 0 0
1 1 0 1 0 0 0 0 0 0 0 0 0 0 0 0 0 0 0 0
0 0 0 0 0 1 1 0 0 0 1 1 0 0 0 0 0 0 0 0
0 1 0 1 0 0 0 0 1 0 0 1 0 0 1 0 0 0 0 0
9 17
1 1 1 1 1 0 0 1 1
1 1 1 1 1 0 0 0 0
0 1 1 1 0 0 1 1 0
1 2 0 1 1 1 1 1 1
0 1 1 0 0 0 1 1 1
1 0 1 0 1 1 1 0 3
1 1 1 1 1 0 0 1 1
1 0 0 1 0 1 1 1 1
0 1 0 1 1 1 1 1 1
1 1 0 0 1 0 1 0 0
0 1 1 0 1 1 1 1 0
1 1 1 0 1 1 1 1 1
0 1 1 1 1 1 0 1 0
0 1 1 1 0 0 0 0 1
1 1 0 0 0 1 1 1 1
1 0 1 0 1 1 1 1 1
1 0 0 1 0 1 0 1 0
7 7
1 0 0 0 1 1 0
3 1 1 1 0 0 0
1 0 0 0 1 1 0
0 1 0 0 1 0 1
1 0 0 1 1 0 0
1 0 1 0 0 0 1
1 2 0 1 1 0 0
12 12
0 0 1 0 1 0 0 0 0 3 0 0
1 0 1 0 0 0 1 0 1 0 0 0
0 0 0 2 0 0 0 0 0 0 0 0
1 0 0 0 0 0 1 0 0 0 1 0
1 0 0 0 0 0 0 0 0 0 0 0
0 0 0 0 0 0 0 1 0 0 0 0
1 1 0 0 0 0 0 1 0 0 1 0
0 1 0 0 1 0 0 1 0 0 0 0
0 0 0 1 0 0 0 0 0 0 0 0
0 0 0 0 0 0 0 0 0 0 0 0
0 0 0 0 0 0 0 0 0 0 1 0
0 1 0 0 0 0 0 1 0 0 0 0
11 11
0 0 1 0 0 0 1 1 1 1 0
0 1 0 0 0 0 0 2 1 1 0
1 0 0 0 0 0 0 1 1 0 0
0 0 0 0 0 1 0 0 0 1 0
0 0 1 0 0 1 1 0 0 0 1
1 1 0 0 0 1 0 1 0 0 0
1 0 1 0 0 0 0 0 0 1 0
0 0 0 0 0 0 1 0 1 0 0
0 0 1 0 0 0 1 0 0 0 1
1 0 1 0 1 0 0 1 0 0 0
0 1 0 0 0 1 0 0 3 1 1
17 17
1 1 1 1 1 1 1 1 1 1 1 1 1 1 1 1 1
0 0 1 1 1 1 1 1 1 1 1 3 1 1 1 1 0
1 1 0 1 1 1 0 1 0 1 1 1 1 1 1 1 1
1 1 1 1 1 0 1 1 1 1 1 1 1 1 1 1 1
1 1 1 1 1 1 0 1 1 1 1 1 0 1 1 1 1
1 1 1 1 1 1 1 2 1 0 1 1 1 0 1 1 1
1 1 1 1 1 1 0 0 1 1 1 1 0 1 1 1 1
1 1 1 1 1 1 0 1 1 1 1 1 1 1 0 1 1
1 0 1 1 1 1 1 1 1 1 0 1 1 1 0 0 1
1 1 1 1 1 1 0 1 1 1 1 1 0 1 1 1 1
1 0 1 0 1 1 1 1 1 1 1 1 0 0 1 1 1
1 1 1 1 1 1 1 1 1 1 1 0 1 1 1 0 1
1 1 1 1 1 1 1 1 0 1 0 1 1 1 1 1 1
1 1 0 1 1 1 1 0 1 1 1 1 1 1 1 0 1
1 1 0 1 1 1 1 0 1 1 1 1 1 1 1 1 1
0 1 1 0 1 1 1 1 0 1 1 1 0 0 1 0 0
0 1 1 1 1 0 1 1 1 1 0 0 1 0 1 1 0
9 17
1 0 0 0 0 0 0 2 0
0 0 0 0 0 0 0 0 0
0 0 0 0 0 0 0 0 0
0 0 0 0 0 0 0 0 0
0 0 0 0 0 0 0 0 0
0 0 0 0 0 1 0 0 0
0 0 0 0 0 0 0 0 0
0 0 0 1 1 0 1 0 0
0 0 0 0 0 0 0 0 1
0 0 0 0 0 0 0 0 0
0 0 0 0 0 0 0 0 0
0 0 0 0 0 0 1 0 0
0 0 0 0 0 0 0 0 0
0 3 0 1 0 0 0 0 0
0 0 0 0 1 0 0 0 0
0 1 0 0 0 1 0 0 0
1 0 0 0 0 0 0 0 0
10 10
0 1 0 1 0 0 1 1 0 0
0 0 1 1 0 0 0 0 1 0
0 0 1 0 0 0 1 0 1 1
1 1 1 0 2 0 0 0 0 1
1 1 0 0 1 0 0 1 1 1
1 1 1 0 1 0 0 1 0 1
1 0 0 0 1 0 0 0 0 1
3 0 0 1 0 1 0 0 1 1
0 0 0 0 1 0 0 1 1 0
1 1 0 0 1 0 1 0 1 0
15 15
1 1 0 1 1 0 1 1 1 0 1 1 1 1 1
1 0 0 0 0 1 1 0 1 1 1 0 1 0 0
0 0 0 0 0 1 1 1 0 1 0 0 1 0 0
0 0 1 0 0 1 1 1 1 0 0 0 0 0 1
0 0 1 0 0 1 0 0 1 0 0 1 0 1 0
1 0 1 1 0 0 0 0 1 1 0 0 0 1 1
3 1 1 0 0 1 1 0 1 1 0 1 1 1 1
0 0 0 0 0 1 0 0 1 0 1 1 1 1 0
1 0 1 1 0 0 0 0 0 1 0 0 0 1 0
0 0 0 1 0 0 0 1 0 0 0 1 1 1 0
1 0 1 0 0 0 2 0 0 0 1 0 0 1 0
1 1 0 0 0 1 0 1 0 1 0 0 1 0 1
0 0 1 1 0 0 1 0 0 0 1 0 0 0 1
0 0 1 0 1 0 1 0 0 1 0 0 0 0 0
0 0 0 0 0 1 0 1 0 1 0 1 1 1 1
20 20
0 1 0 0 0 0 0 0 0 0 0 0 0 0 0 0 0 0 0 0
0 0 0 0 0 0 0 0 0 0 0 1 0 1 0 0 0 0 0 0
0 0 0 0 0 0 0 0 0 0 0 0 0 0 0 0 0 0 0 0
0 0 0 0 0 0 2 0 0 0 0 0 0 0 0 0 0 1 0 0
3 0 0 1 0 0 0 0 0 0 0 0 0 0 0 0 0 0 0 0
1 0 0 0 0 0 0 0 0 0 0 0 0 0 0 0 0 0 0 0
0 1 0 1 0 0 0 0 1 0 1 0 0 0 0 0 0 0 0 0
0 0 0 0 0 0 0 0 0 0 0 0 0 1 0 0 1 0 0 0
0 0 0 0 1 0 0 0 0 0 0 1 0 0 0 1 1 0 0 0
1 0 0 0 0 0 0 0 0 0 0 0 0 0 0 0 0 0 0 0
0 0 1 0 0 0 0 0 0 0 0 0 0 1 0 0 0 0 0 0
0 0 0 0 0 0 1 0 0 0 0 0 0 0 0 0 0 0 0 0
0 0 1 0 0 1 0 0 0 0 0 0 0 0 0 0 0 0 0 0
0 0 1 0 0 0 0 0 0 0 0 0 0 0 0 0 0 0 1 0
0 0 0 0 1 0 0 0 0 0 0 1 0 0 1 0 0 0 0 1
0 1 0 0 0 1 0 0 0 0 0 0 0 0 0 1 0 0 0 0
0 1 0 0 0 0 0 0 0 0 0 0 0 0 0 0 0 0 0 1
0 0 0 1 0 0 0 0 1 0 0 0 1 1 1 0 0 0 0 0
0 0 0 0 1 0 0 0 0 0 0 0 0 0 0 0 0 0 0 1
0 0 0 0 0 0 0 1 0 0 1 0 0 0 0 0 0 0 0 0
11 11
1 0 0 0 0 0 3 0 0 1 1
1 1 0 0 0 0 0 1 0 0 1
1 1 0 0 1 1 0 1 0 1 0
1 1 0 0 1 0 0 1 0 0 0
0 1 1 1 0 1 0 1 0 1 0
0 0 1 0 0 0 0 1 0 1 1
0 1 0 1 1 0 1 0 0 0 0
0 1 1 1 0 0 0 0 1 0 0
0 0 1 0 0 1 0 0 0 1 0
0 1 0 0 0 1 2 1 1 0 1
1 0 1 0 1 0 1 1 1 0 0
8 8
0 1 0 1 1 0 1 0
1 0 0 0 1 0 1 0
3 0 0 1 0 0 0 0
1 2 0 0 1 0 1 0
0 0 1 0 0 0 1 0
1 0 0 0 0 1 1 1
0 1 0 0 0 1 0 0
0 1 1 0 0 1 0 0
13 13
0 0 0 0 0 1 0 1 0 0 1 0 0
1 0 0 0 0 0 0 0 0 0 0 0 0
0 0 0 0 0 0 0 0 0 0 0 0 1
0 0 0 0 0 0 0 0 0 0 0 0 0
0 0 0 0 0 0 0 0 1 0 1 0 0
0 0 0 0 1 0 1 0 0 0 0 0 1
0 0 0 0 0 0 0 0 0 0 0 1 0
0 0 0 0 0 0 0 0 0 0 0 0 0
0 0 0 0 0 0 0 1 0 1 0 0 0
2 0 0 0 0 0 0 1 0 1 0 0 0
0 0 0 0 0 0 0 0 1 0 0 0 0
0 0 0 1 0 0 0 0 0 0 0 0 0
0 1 3 0 0 0 1 0 0 0 0 0 0
13 13
0 0 1 0 1 1 0 1 0 0 0 0 1
1 0 0 0 0 0 0 0 0 0 0 0 0
0 0 1 0 0 1 0 0 1 0 0 1 0
1 1 1 0 1 0 1 0 1 0 1 0 1
0 0 1 1 0 1 1 0 0 0 0 1 0
0 0 0 0 0 0 1 1 1 1 0 1 1
0 0 0 0 0 0 0 0 0 0 0 3 1
0 0 1 0 0 0 0 0 1 0 1 0 0
1 0 0 0 0 0 0 0 0 1 1 0 0
1 0 0 0 0 0 0 0 0 1 1 0 0
0 0 0 0 2 1 1 0 0 0 0 0 0
0 0 0 0 1 0 0 0 0 1 1 0 0
1 1 0 0 0 0 1 0 1 0 1 0 0
7 7
0 0 1 0 1 1 0
2 1 0 3 1 0 0
0 0 0 1 1 0 0
0 0 0 0 0 0 1
1 0 0 0 0 1 0
0 0 1 0 0 0 0
0 0 0 1 0 1 0
15 15
0 0 0 0 1 0 0 0 0 0 0 0 0 0 0
0 1 0 1 0 0 0 0 0 0 0 0 0 0 0
0 0 0 1 1 1 0 0 0 0 0 0 0 0 0
1 0 0 0 0 0 0 0 1 1 0 0 0 0 0
0 0 0 0 0 0 0 0 0 1 0 0 1 0 0
0 0 0 1 0 1 1 0 0 3 0 1 0 0 0
1 1 0 1 0 0 1 0 0 0 0 0 0 0 1
0 0 0 0 0 0 1 0 0 0 0 0 0 1 1
0 1 0 1 0 0 0 0 0 0 0 0 1 0 0
0 0 1 0 0 0 0 0 0 0 1 0 1 0 0
0 1 0 0 0 1 0 0 0 0 0 0 0 0 0
1 0 1 0 0 0 0 0 0 0 0 0 0 0 0
1 1 0 1 0 1 0 0 0 0 0 0 1 0 0
0 0 0 0 1 0 1 0 0 0 0 1 0 0 0
2 0 0 0 0 0 0 0 0 0 1 1 0 0 0
9 9
0 1 1 0 0 3 0 0 0
0 1 1 0 0 1 0 1 0
0 1 1 0 0 0 1 0 0
1 0 1 1 0 0 0 0 0
0 0 0 1 0 0 0 0 0
0 1 0 0 0 0 0 1 1
1 1 0 0 0 0 0 0 1
0 0 1 1 0 0 0 1 0
0 0 0 1 0 1 1 0 2
20 20
1 1 0 1 0 0 0 1 0 0 1 1 0 0 1 0 0 1 0 1
0 0 0 1 0 0 0 1 0 0 0 0 0 0 0 0 0 0 2 0
0 1 0 0 0 0 0 0 0 0 0 1 0 0 0 0 0 0 0 0
0 0 0 1 0 0 0 1 0 1 0 0 0 1 0 0 0 0 0 0
1 0 0 1 1 0 0 1 0 0 0 0 0 0 0 0 1 0 1 0
0 1 0 0 0 0 0 0 0 0 0 0 1 0 0 0 0 0 0 0
0 1 0 0 0 0 1 0 0 0 0 0 0 0 0 1 0 0 1 1
0 0 0 0 0 0 0 0 0 0 0 0 0 0 1 0 0 0 0 0
0 0 0 0 0 1 0 1 0 0 0 0 0 0 0 0 0 1 0 0
0 1 0 0 0 0 0 0 0 1 0 0 0 0 0 0 1 0 1 0
0 0 0 1 0 0 0 1 0 0 0 0 0 0 1 0 0 0 1 0
0 3 0 0 0 0 0 0 0 0 0 0 0 0 0 1 0 0 0 0
0 0 0 0 0 0 0 0 1 1 1 1 0 0 0 0 0 0 0 0
0 0 0 0 0 0 0 1 0 0 0 0 1 0 0 0 0 0 1 1
0 0 1 0 0 0 1 0 0 0 0 0 0 0 0 0 0 0 0 0
0 0 1 0 0 0 0 0 0 0 1 1 0 0 0 0 0 0 0 0
0 0 0 0 0 1 0 0 0 0 0 0 0 0 0 1 1 0 0 0
0 0 0 1 0 0 0 0 1 0 0 0 0 1 0 0 0 0 0 0
0 0 1 0 0 0 0 1 1 0 1 0 0 0 0 0 0 0 0 0
0 1 0 0 0 1 0 0 1 0 0 0 0 0 0 0 0 1 0 0
0 0
