8
7 20
27 1
14 30
6 9
13 17
2 4
7 17
9 8
8
20 24
1 4
30 17
9 25
17 18
4 29
17 24
8 22
12
2 5
4 5
6 5
8 5
10 5
29 5
4 20
23 22
25 26
2 16
26 13
29 19
30
13 28
15 28
17 28
19 28
21 28
23 28
25 28
27 28
29 28
11 17
13 17
15 17
17 17
19 17
21 17
23 17
25 17
27 17
29 17
9 23
13 15
29 2
2 22
3 9
11 1
30 24
22 15
18 10
8 28
12 12
37
1 6
3 6
5 6
7 6
9 6
11 6
13 6
15 6
17 6
19 6
21 6
23 6
25 6
27 6
29 6
13 29
15 29
17 29
19 29
21 29
23 29
25 29
27 29
29 29
23 1
3 21
7 27
6 3
24 22
5 21
18 19
4 27
17 12
4 3
24 14
10 21
17 4
12
5 5
5 19
19 5
19 19
5 3
5 17
19 3
19 17
3 2
3 16
17 2
17 16
30
6 6
6 20
20 6
20 20
1 5
1 19
15 5
15 19
4 5
4 19
18 5
18 19
6 1
6 15
20 1
20 15
4 3
4 17
18 3
18 17
2 3
2 17
16 3
16 17
4 1
4 15
18 1
18 15
16 26
14 7
37
6 4
6 18
20 4
20 18
4 2
4 16
18 2
18 16
5 6
5 20
19 6
19 20
1 6
1 20
15 6
15 20
2 2
2 16
16 2
16 16
3 6
3 20
17 6
17 20
1 4
1 18
15 4
15 18
4 4
4 18
18 4
18 18
6 1
6 15
20 1
20 15
21 11
12
1 2
1 16
16 2
15 17
8 9
2 4
2 18
17 4
16 19
9 11
26 13
29 19
30
1 1
1 15
16 1
15 16
8 8
1 6
1 20
16 6
15 21
8 13
6 5
6 19
21 5
20 20
13 12
2 4
2 18
17 4
16 19
9 11
4 5
4 19
19 5
18 20
11 12
27 15
8 23
4 24
11 2
24 12
37
5 5
5 19
20 5
19 20
12 12
1 5
1 19
16 5
15 20
8 12
3 5
3 19
18 5
17 20
10 12
4 3
4 17
19 3
18 18
11 10
5 1
5 15
20 1
19 16
12 8
2 1
2 15
17 1
16 16
9 8
1 8
22 1
16 14
2 25
26 9
20 8
9 30
12
7 7
7 9
7 11
9 7
9 9
9 11
11 7
11 9
11 11
26 13
29 19
14 18
30
3 3
3 5
3 7
3 9
3 11
5 3
5 5
5 7
5 9
5 12
7 4
7 6
7 8
7 10
8 12
10 4
10 6
10 8
10 10
10 12
12 4
12 6
12 8
12 10
12 12
29 20
17 26
22 20
27 22
4 19
37
7 7
7 9
7 11
7 13
7 15
7 17
9 7
9 9
9 11
9 13
9 15
9 17
11 7
11 9
11 11
11 13
11 15
11 17
13 7
13 9
13 11
13 13
13 15
13 17
15 7
15 9
15 11
15 13
15 15
15 17
17 7
17 9
17 11
17 13
17 15
17 17
11 22
12
1 5
3 5
5 5
1 7
3 7
5 7
1 9
3 9
5 9
26 13
29 19
14 18
30
1 2
3 2
5 2
7 2
9 2
1 4
3 7
5 7
7 7
9 7
1 9
3 12
5 12
7 12
9 12
1 14
3 14
5 14
7 14
9 14
1 16
3 16
5 16
7 16
9 16
29 24
21 3
24 6
11 22
13 2
37
2 1
4 1
6 1
8 1
10 1
12 1
2 3
4 3
6 3
8 3
10 6
12 6
2 8
4 8
6 8
8 11
10 11
12 11
2 13
4 13
6 13
8 13
10 13
12 13
2 15
4 15
6 15
8 15
10 15
12 15
2 17
4 17
6 17
8 17
10 17
12 17
29 24
12
1 5
3 5
5 5
4 7
6 7
8 7
4 9
6 9
11 9
26 13
29 19
14 18
30
3 1
5 1
7 1
12 1
17 1
9 3
11 3
13 3
15 3
17 3
9 5
11 8
13 11
15 11
17 11
9 13
11 13
13 13
15 13
17 13
9 15
11 15
13 15
15 15
17 15
1 25
6 22
5 13
23 5
3 19
37
2 1
4 1
6 1
8 1
13 1
15 1
5 3
7 3
9 3
11 3
13 6
18 6
8 8
10 8
12 8
14 11
16 11
18 11
8 13
10 13
12 13
14 13
16 13
18 13
8 15
10 15
12 15
14 15
16 15
18 15
8 17
10 17
12 17
14 17
16 17
18 17
29 24
12
1 2
3 2
5 2
7 2
3 4
5 4
7 4
5 6
7 6
7 8
19 1
16 11
30
1 2
3 2
5 2
7 2
9 2
11 2
13 2
3 4
5 4
7 4
9 4
11 4
13 4
5 6
7 6
9 6
11 6
13 6
7 8
9 8
11 8
13 8
9 10
11 10
13 10
11 12
13 12
13 14
19 1
16 11
37
1 2
3 2
5 2
7 2
9 2
11 2
13 2
15 2
3 4
5 4
7 4
9 4
11 4
13 4
15 4
5 6
7 6
9 6
11 6
13 6
15 6
7 8
9 8
11 8
13 8
15 8
9 10
11 10
13 10
15 10
11 12
13 12
15 12
13 14
15 14
15 16
19 1
12
20 10
26 10
20 16
26 16
6 15
3 18
6 21
9 18
29 29
5 5
17 15
27 2
12
1 7
1 12
7 2
6 16
12 6
11 11
3 7
3 12
9 2
8 16
14 6
13 11
37
1 7
2 12
6 2
7 17
11 7
12 13
3 7
4 12
8 2
9 17
13 7
14 13
5 7
6 12
10 2
11 17
15 7
16 13
7 8
8 13
12 3
13 18
17 8
18 14
9 9
10 14
14 4
15 19
19 9
20 15
11 10
12 15
16 5
17 20
21 10
22 16
23 22
12
4 1
6 1
8 1
10 1
12 3
14 3
16 3
18 5
20 5
22 5
24 5
26 7
30
4 1
6 1
8 1
10 1
12 3
14 3
16 3
18 5
20 5
22 5
24 5
26 7
28 7
30 7
1 5
3 5
5 5
7 5
9 7
11 7
13 7
15 9
17 9
19 9
21 9
23 11
25 11
27 11
3 10
5 10
37
4 1
6 1
8 1
10 1
12 3
14 3
16 3
18 5
20 5
22 5
24 5
26 7
28 7
30 7
1 5
3 5
5 5
7 5
9 7
11 7
13 7
15 9
17 9
19 9
21 9
23 11
25 11
27 11
3 10
5 10
7 10
9 10
11 12
13 12
15 12
17 14
19 14
3
19 2
25 8
17 2
3
5 12
7 12
3 18
3
15 5
13 5
13 2
4
5 12
7 12
3 18
10 14
4
12 13
18 25
10 13
7 30
4
23 29
15 6
21 23
19 24
5
12 6
12 4
12 24
15 2
8 7
5
12 3
13 21
19 2
25 8
17 2
5
16 12
11 2
28 13
5 12
7 12
6
25 27
7 1
2 4
28 27
27 29
9 4
6
6 14
10 16
16 4
19 12
8 19
5 19
6
9 17
11 10
29 13
3 3
11 12
14 4
7
25 27
7 1
2 4
28 27
27 29
9 4
26 14
7
18 14
19 25
6 14
10 16
16 4
19 12
8 19
7
3 3
11 12
14 4
1 8
18 5
25 8
5 4
8
17 15
27 2
26 9
11 19
5 9
23 8
29 8
22 23
8
8 28
14 3
29 24
21 3
24 6
11 22
6 7
24 27
8
27 28
25 27
7 1
2 4
9 4
26 14
7 16
7 19
9
2 16
26 13
29 19
14 18
6 18
29 29
5 5
17 15
27 2
9
9 18
7 6
27 5
26 2
2 12
8 28
14 3
29 24
21 3
9
24 6
11 22
13 2
6 7
24 27
27 28
7 1
2 4
9 4
10
7 26
19 1
16 11
13 17
2 5
29 5
4 20
23 22
25 26
2 16
10
26 13
29 19
14 18
6 18
29 29
5 5
17 15
27 2
26 9
11 19
10
5 9
23 8
29 8
22 23
3 23
30 20
5 28
9 18
7 6
27 5
20
7 26
19 1
16 11
13 17
2 5
29 5
4 20
23 22
25 26
2 16
26 13
29 19
6 18
29 29
5 5
17 15
27 2
26 9
11 19
5 9
20
23 8
29 8
22 23
3 23
30 20
5 28
9 18
7 6
27 5
26 2
2 12
8 28
14 3
29 24
21 3
24 6
11 22
24 27
27 28
7 1
20
2 4
28 27
27 29
9 4
26 14
7 16
7 19
19 30
24 29
14 28
22 11
8 23
4 24
11 2
24 12
5 13
30 23
11 8
21 25
14 19
30
7 26
19 1
16 11
13 17
2 5
29 5
4 20
23 22
25 26
2 16
26 13
29 19
6 18
29 29
5 5
17 15
27 2
26 9
11 19
5 9
23 8
29 8
3 23
5 28
9 18
7 6
27 5
2 12
8 28
14 3
30
29 24
21 3
24 6
11 22
13 2
6 7
24 27
27 28
7 1
2 4
9 4
26 14
7 16
7 19
19 30
24 29
14 28
22 11
8 23
4 24
11 2
24 12
5 13
11 8
21 25
14 19
5 2
11 29
22 16
18 14
30
19 25
6 14
10 16
16 4
19 12
8 19
5 19
18 23
9 1
9 22
11 13
16 13
11 29
28 29
4 8
24 10
28 4
16 6
24 25
4 2
25 4
16 28
17 1
10 19
21 30
9 24
8 30
22 27
3 30
1 1
40
7 26
19 1
16 11
13 17
2 5
29 5
4 20
23 22
25 26
2 16
26 13
29 19
6 18
29 29
5 5
17 15
27 2
26 9
11 19
5 9
23 8
29 8
3 23
5 28
9 18
7 6
27 5
2 12
8 28
14 3
29 24
21 3
24 6
11 22
27 28
7 1
9 4
7 16
19 30
24 29
40
26 18
4 21
22 3
14 30
11 16
2 1
28 4
3 30
7 8
15 13
4 1
20 1
26 20
23 30
5 18
10 1
25 6
22 5
13 23
5 3
19 29
2 25
7 27
9 20
10 12
23 14
22 24
6 14
19 7
26 1
30 30
25 10
29 27
4 27
9 24
1 6
13 20
29 22
23 21
28 6
40
14 3
19 29
25 29
5 20
22 26
12 16
5 10
12 1
6 27
12 6
12 4
12 24
8 7
22 5
13 27
29 23
25 15
22 21
27 5
20 5
9 24
5 6
12 8
3 23
3 6
8 17
3 28
24 24
12 10
29 1
3 19
5 3
8 15
1 11
29 4
16 6
20 23
30 6
7 30
30 29
60
7 26
19 1
16 11
13 17
2 5
29 5
4 20
23 22
25 26
2 16
26 13
29 19
6 18
29 29
5 5
17 15
27 2
26 9
11 19
5 9
23 8
29 8
3 23
5 28
9 18
7 6
27 5
2 12
8 28
14 3
29 24
21 3
24 6
11 22
27 28
7 1
9 4
7 16
19 30
24 29
14 28
22 11
27 15
8 23
11 2
24 12
5 13
11 8
21 25
14 19
5 2
11 29
22 16
19 25
10 16
16 4
19 12
18 23
9 1
11 13
60
16 13
11 29
28 29
4 8
12 14
24 10
28 4
17 5
24 25
4 2
25 4
16 28
17 1
10 19
21 30
9 24
7 13
8 30
22 27
3 30
1 1
27 16
7 4
20 22
21 15
24 15
19 1
12 5
13 24
29 19
6 6
18 19
2 13
10 2
13 29
9 11
2 28
3 22
13 18
29 1
27 10
15 11
26 12
7 23
9 17
11 10
29 13
11 12
14 4
1 8
25 8
5 4
5 16
26 18
22 3
11 16
7 8
26 20
23 30
5 18
60
10 1
1 1
25 6
22 5
13 23
5 3
19 29
2 25
7 27
16 13
9 20
20 1
10 12
23 14
22 24
6 14
24 30
19 7
26 1
30 30
25 10
29 27
4 27
9 24
1 6
13 20
29 22
23 21
28 6
14 3
5 20
22 26
12 16
5 10
12 1
12 6
12 4
8 7
13 27
25 15
20 5
5 6
12 8
3 23
3 6
8 17
24 28
24 24
12 10
29 1
3 19
8 15
1 11
29 4
16 6
20 23
2 28
30 6
7 30
29 20
80
7 26
19 1
16 11
13 17
2 5
29 5
4 20
23 22
25 26
2 16
26 13
29 19
6 18
29 29
5 5
17 15
27 2
26 9
11 19
5 9
23 8
29 8
3 23
5 28
9 18
7 6
27 5
2 12
8 28
14 3
29 24
21 3
24 6
11 22
27 28
7 1
9 4
7 16
19 30
24 29
14 28
22 11
27 15
8 23
11 2
24 12
5 13
11 8
21 25
14 19
5 2
11 29
22 16
19 25
10 16
16 4
19 12
18 23
9 1
11 13
16 13
24 10
16 6
25 4
16 28
17 1
21 30
7 13
8 30
22 27
3 30
1 1
7 4
20 22
24 15
12 5
13 24
18 19
9 11
2 28
80
21 9
5 12
28 29
15 27
4 15
21 24
5 30
3 11
9 11
22 26
2 5
19 7
4 19
2 30
22 14
9 18
26 28
8 2
24 12
16 6
5 8
15 13
10 7
30 6
11 2
10 29
8 5
5 1
18 2
2 26
26 17
22 3
30 4
7 16
23 30
16 1
12 29
16 19
14 7
27 22
6 19
30 2
22 7
5 6
29 27
3 24
16 16
30 13
1 14
25 8
19 29
14 25
27 20
29 17
11 26
7 27
4 28
9 24
2 1
7 30
20 26
27 1
28 9
25 23
7 25
22 18
17 11
17 30
24 17
4 21
25 20
6 23
23 1
12 14
24 15
14 2
2 19
10 14
17 23
14 29
80
22 9
25 18
9 24
19 27
26 6
19 29
16 12
30 20
19 10
15 4
24 7
30 18
2 25
18 13
14 1
1 27
2 17
6 10
11 17
6 28
22 24
26 29
5 17
19 24
27 25
29 3
5 8
7 18
9 30
19 18
27 17
16 10
10 3
9 15
30 16
13 18
17 6
27 8
26 13
10 7
22 7
23 29
16 2
8 21
4 29
17 16
25 21
21 12
28 15
19 1
7 14
7 2
30 7
12 13
10 13
7 30
24 24
22 21
8 5
20 4
2 20
21 18
13 11
6 24
3 9
13 8
26 10
5 15
13 6
4 1
19 22
15 16
7 8
24 5
4 27
1 30
13 3
14 14
5 21
10 11
100
7 26
19 1
16 11
13 17
2 5
29 5
4 20
23 22
25 26
2 16
26 13
29 19
6 18
29 29
5 5
17 15
27 2
26 9
11 19
5 9
23 8
29 8
3 23
5 28
9 18
7 6
27 5
2 12
8 28
14 3
29 24
21 3
24 6
11 22
27 28
7 1
9 4
7 16
19 30
24 29
14 28
22 11
27 15
8 23
11 2
24 12
5 13
11 8
21 25
14 19
5 2
11 29
22 16
19 25
10 16
16 4
19 12
18 23
9 1
11 13
16 13
24 10
16 6
25 4
16 28
17 1
21 30
7 13
8 30
22 27
3 30
1 1
7 4
20 22
24 15
12 5
13 24
18 19
9 11
2 28
29 1
11 10
29 13
3 3
1 8
18 5
5 16
26 18
14 30
7 8
26 20
22 5
2 25
9 20
19 7
29 27
29 22
9 8
20 5
24 24
100
4 20
21 5
7 7
20 26
23 10
7 28
29 22
14 22
23 3
27 24
18 10
4 25
6 1
13 28
11 17
9 23
13 15
29 2
2 22
3 9
11 1
30 24
22 15
12 12
10 9
8 20
25 17
13 7
16 2
2 24
19 16
26 6
7 14
27 16
13 2
14 5
4 5
29 20
6 23
15 30
17 26
15 24
1 11
19 5
3 7
2 15
11 7
25 9
25 2
8 3
19 14
7 11
22 13
22 24
30 12
12 30
24 27
25 11
27 12
2 18
9 11
10 30
5 15
15 16
27 29
17 6
4 12
12 9
11 4
16 14
27 19
20 29
28 26
19 12
23 29
19 24
5 8
30 10
9 18
11 24
1 3
1 1
3 28
9 7
21 7
27 14
26 27
21 11
24 14
7 9
20 19
15 8
12 21
23 18
1 8
9 27
16 28
29 8
5 10
9 15
100
24 6
7 15
9 30
2 9
4 10
26 24
15 6
12 19
20 3
21 20
29 7
23 26
18 16
2 5
9 17
10 7
24 18
28 25
26 14
25 10
19 7
27 21
16 20
16 25
27 3
19 20
7 19
17 13
19 10
4 7
7 8
29 16
13 5
5 13
23 30
16 23
13 11
26 27
28 13
22 10
15 27
21 5
18 3
9 14
18 28
11 30
17 18
14 29
28 5
14 15
29 22
2 16
11 28
21 13
27 29
30 11
27 19
8 23
27 17
1 2
5 20
10 9
24 4
12 25
2 13
12 2
12 21
22 8
11 11
3 2
8 6
19 1
7 11
22 15
16 1
3 24
17 5
22 1
20 28
2 27
22 28
5 17
23 13
18 23
8 1
7 25
6 6
11 23
3 29
29 29
20 22
17 30
2 21
13 8
14 23
3 18
5 26
27 11
23 24
28 27
15
5 1
5 3
5 5
5 7
5 9
5 11
5 13
5 15
5 17
5 19
5 21
5 23
5 25
5 27
2 29
15
6 1
6 3
6 5
5 7
5 9
5 11
4 13
4 15
4 17
3 19
3 21
3 23
2 25
2 27
6 29
0
