8
11 24
30 4
1 17
22 25
14 18
27 29
14 24
23 22
8
24 11
4 30
17 1
25 22
18 14
29 27
24 14
22 23
12
23 2
25 2
27 2
29 2
22 30
24 30
26 30
28 30
30 30
18 15
19 10
4 29
30
10 26
12 26
14 26
16 26
18 26
20 26
22 26
24 26
26 26
28 26
30 26
13 15
15 15
17 15
19 15
21 15
23 15
25 15
27 15
29 15
29 29
21 20
26 7
1 2
15 3
4 21
10 10
13 22
13 13
25 4
37
8 29
10 29
12 29
14 29
16 29
18 29
20 29
22 29
24 29
26 29
28 29
30 29
10 12
12 12
14 12
16 12
18 12
20 12
22 12
24 12
26 12
28 12
30 12
14 18
27 2
8 13
30 7
7 27
30 3
15 8
19 21
24 10
14 26
12 3
20 10
16 19
22 15
12
2 6
2 20
16 6
16 20
5 3
5 17
19 3
19 17
2 2
2 16
16 2
16 16
30
2 4
2 18
16 4
16 18
4 6
4 20
18 6
18 20
2 6
2 20
16 6
16 20
6 1
6 15
20 1
20 15
1 2
1 16
15 2
15 16
6 3
6 17
20 3
20 17
6 5
6 19
20 5
20 19
6 30
12 21
37
1 3
1 17
15 3
15 17
5 4
5 18
19 4
19 18
1 6
1 20
15 6
15 20
6 6
6 20
20 6
20 20
2 1
2 15
16 1
16 15
3 3
3 17
17 3
17 17
6 1
6 15
20 1
20 15
4 1
4 15
18 1
18 15
3 5
3 19
17 5
17 19
18 11
12
2 6
2 20
17 6
16 21
9 13
5 3
5 17
20 3
19 18
12 10
14 8
16 14
30
6 1
6 15
21 1
20 16
13 8
1 3
1 17
16 3
15 18
8 10
5 6
5 20
20 6
19 21
12 13
1 1
1 15
16 1
15 16
8 8
4 2
4 16
19 2
18 17
11 9
28 30
10 12
15 12
28 11
12 21
37
3 3
3 17
18 3
17 18
10 10
1 1
1 15
16 1
15 16
8 8
2 6
2 20
17 6
16 21
9 13
4 5
4 19
19 5
18 20
11 12
5 3
5 17
20 3
19 18
12 10
4 1
4 15
19 1
18 16
11 8
8 24
25 21
7 17
18 30
22 30
7 12
18 22
12
2 4
2 6
2 8
4 4
4 6
4 8
6 4
6 6
6 8
18 15
19 10
4 29
30
2 5
2 7
2 9
2 11
2 13
4 5
4 7
4 9
4 11
4 13
6 5
6 7
6 9
6 11
6 13
8 5
8 7
8 9
8 11
8 13
10 5
10 7
10 9
10 11
10 13
20 7
16 9
6 30
17 4
12 27
37
7 1
7 3
7 5
7 7
7 9
7 11
9 1
9 3
9 5
9 7
9 9
9 11
11 1
11 3
11 5
11 7
11 9
11 12
13 2
13 4
13 6
13 8
13 10
13 12
15 2
15 4
15 6
15 8
15 10
15 12
17 2
17 4
17 6
17 8
17 10
18 12
1 28
12
2 3
4 3
6 3
2 5
4 5
6 5
2 7
4 10
6 10
18 15
19 10
4 29
30
2 2
4 2
6 2
8 2
10 2
2 4
4 7
6 10
8 10
10 10
2 12
4 12
6 12
8 12
10 12
2 14
4 14
6 14
8 14
10 14
2 16
4 16
6 16
8 16
10 16
20 25
30 27
8 4
17 11
7 28
37
2 3
4 3
6 3
8 3
10 3
12 3
2 5
4 8
6 8
8 8
10 8
12 8
2 10
4 10
6 10
8 10
10 10
12 10
2 12
4 12
6 12
8 12
10 12
12 15
2 17
4 17
6 17
8 17
10 17
12 17
2 19
4 19
6 19
8 19
10 19
12 19
30 7
12
2 3
4 3
6 3
2 5
4 5
6 5
2 7
4 10
6 10
18 15
19 10
4 29
30
2 3
4 3
6 3
8 3
10 3
2 5
4 5
6 8
8 8
10 8
2 10
4 10
6 10
11 10
16 10
8 12
10 12
12 12
14 12
16 12
8 14
10 14
12 14
14 17
16 17
30 7
6 15
12 23
29 13
14 28
37
2 3
4 3
6 3
8 3
10 3
12 3
2 5
4 8
6 8
8 8
10 8
12 8
2 10
7 10
12 10
14 10
16 10
18 10
8 12
10 12
12 12
14 12
16 12
18 15
8 17
10 17
12 17
14 17
16 17
18 17
8 19
10 19
12 19
14 19
16 19
18 19
30 7
12
2 2
4 2
6 2
8 2
4 4
6 4
8 4
6 6
8 6
8 8
5 27
14 8
30
1 1
3 1
5 1
7 1
9 1
11 1
13 1
3 3
5 3
7 3
9 3
11 3
13 3
5 5
7 5
9 5
11 5
13 5
7 7
9 7
11 7
13 7
9 9
11 9
13 9
11 11
13 11
13 13
14 25
23 2
37
2 2
4 2
6 2
8 2
10 2
12 2
14 2
16 2
4 4
6 4
8 4
10 4
12 4
14 4
16 4
6 6
8 6
10 6
12 6
14 6
16 6
8 8
10 8
12 8
14 8
16 8
10 10
12 10
14 10
16 10
12 12
14 12
16 12
14 14
16 14
16 16
5 27
12
5 9
11 9
5 15
11 15
24 4
21 7
24 10
27 7
2 30
7 6
15 12
23 29
12
2 7
3 12
8 1
7 17
13 6
12 11
4 7
5 12
10 1
9 17
15 6
14 11
37
2 8
3 14
8 4
7 19
12 8
12 13
4 8
5 14
10 4
9 19
14 8
14 13
6 8
7 14
12 4
11 19
16 8
16 13
8 9
9 15
14 5
13 20
18 9
18 14
10 10
11 16
16 6
15 21
20 10
20 15
12 11
13 17
18 7
17 22
22 11
22 16
14 25
12
5 2
7 2
9 2
11 4
13 4
15 4
17 6
19 6
21 6
23 8
25 8
27 8
30
5 2
7 2
9 2
11 4
13 4
15 4
17 6
19 6
21 6
23 8
25 8
27 8
29 10
4 7
6 7
8 7
10 9
12 9
14 9
16 11
18 11
20 11
22 13
24 13
26 13
28 15
30 15
1 12
3 12
5 12
37
5 2
7 2
9 2
11 4
13 4
15 4
17 6
19 6
21 6
23 8
25 8
27 8
29 10
4 7
6 7
8 7
10 9
12 9
14 9
16 11
18 11
20 11
22 13
24 13
26 13
28 15
30 15
1 12
3 12
5 12
7 14
9 14
11 14
13 16
15 16
17 16
19 18
3
7 3
4 2
9 3
3
29 20
1 18
27 20
3
2 12
17 21
15 21
4
15 6
5 10
3 10
8 28
4
8 26
8 28
16 21
2 22
4
16 20
26 18
18 7
16 7
5
7 11
7 13
14 29
11 27
4 30
5
14 5
28 4
12 12
30 5
6 16
5
7 3
4 2
9 3
3 20
25 30
6
7 11
7 13
14 29
11 27
4 30
18 23
6
12 22
7 3
4 2
9 3
3 20
25 30
6
10 15
28 10
14 19
4 28
16 29
11 18
7
7 11
7 13
14 29
11 27
4 30
18 23
16 6
7
9 4
8 15
20 16
28 20
23 14
21 22
13 9
7
22 20
16 10
7 2
14 12
16 24
11 26
20 10
8
2 24
5 27
14 8
16 14
9 6
15 25
5 15
23 2
8
22 30
18 15
19 10
4 29
13 23
1 11
1 24
5 27
8
28 30
28 8
2 23
7 6
15 7
17 8
22 13
4 12
9
2 24
5 27
14 8
16 14
9 6
15 25
5 15
23 2
22 30
9
18 15
19 10
4 29
13 23
1 11
1 24
5 27
5 5
24 13
9
2 30
7 6
15 12
23 29
13 14
28 30
28 8
2 23
15 7
10
2 24
5 27
14 8
16 14
9 6
15 25
5 15
23 2
22 30
18 15
10
19 10
4 29
13 23
1 11
1 24
5 27
5 5
24 13
2 30
7 6
10
15 12
23 29
13 14
28 30
28 8
2 23
7 6
15 7
17 8
22 13
20
2 24
5 27
14 8
16 14
9 6
15 25
5 15
23 2
22 30
18 15
19 10
4 29
13 23
1 11
5 5
24 13
2 30
7 6
15 12
13 14
20
28 30
28 8
2 23
7 6
15 7
17 8
22 13
4 12
22 30
12 10
7 11
7 13
14 29
11 27
4 30
18 23
4 25
21 25
29 17
28 20
20
16 6
27 20
7 25
22 13
7 5
4 9
23 7
8 3
5 7
12 21
20 15
7 11
2 5
27 29
25 4
26 13
23 24
29 5
11 2
13 25
30
4 30
18 23
8 11
16 6
4 25
21 25
29 17
28 20
7 25
22 13
7 5
4 9
23 7
8 3
5 7
12 21
20 15
2 5
27 29
25 4
26 13
23 24
29 5
11 2
13 25
30 20
27 2
14 9
7 21
19 8
30
25 7
28 11
10 16
15 25
9 13
30 7
17 2
30 29
27 30
19 23
20 7
16 9
6 30
17 4
12 27
3 6
3 1
9 4
8 15
20 16
28 20
23 14
21 22
13 9
13 23
2 25
21 9
25 18
8 11
22 19
30
29 24
17 23
16 17
26 23
1 16
1 28
27 15
12 9
6 16
18 11
30 11
5 20
19 29
29 19
1 12
7 29
13 13
1 8
28 2
15 28
12 2
9 29
19 8
9 15
19 19
13 18
7 5
29 14
25 26
9 21
40
2 24
5 27
14 8
16 14
9 6
15 25
5 15
23 2
22 30
18 15
19 10
4 29
13 23
1 11
5 5
24 13
2 30
7 6
15 12
13 14
28 30
28 8
17 8
22 13
4 12
12 10
7 11
7 13
14 29
11 27
18 23
16 6
4 25
21 25
29 17
28 20
7 25
4 9
23 7
8 3
40
22 7
5 7
12 21
20 15
7 11
2 5
27 29
25 4
26 13
23 24
7 6
29 5
11 2
13 25
30 20
27 21
27 2
14 9
7 21
19 8
25 7
28 11
10 16
15 25
9 13
30 7
17 2
30 29
19 23
16 9
6 30
17 4
12 27
3 1
9 4
8 15
23 14
21 22
13 23
2 25
40
21 9
25 18
8 11
22 19
29 24
17 23
16 17
26 23
1 16
1 28
27 15
12 9
6 16
18 11
30 11
5 20
19 29
29 19
1 12
7 29
13 13
1 8
28 2
15 28
12 2
9 29
19 8
9 15
19 19
13 18
7 5
29 14
25 26
9 21
22 21
25 12
24 6
3 25
22 3
27 20
60
6 5
10 14
27 24
14 28
20 6
9 28
7 16
29 12
17 7
29 6
16 20
11 11
14 16
15 23
21 3
8 4
30 28
1 9
17 29
16 15
10 26
21 20
26 7
1 2
15 3
4 21
13 22
13 13
25 4
2 18
12 18
24 26
2 27
8 21
20 8
22 5
2 25
25 11
5 29
12 4
5 24
21 13
4 15
30 10
12 1
28 8
14 5
28 4
10 17
25 22
4 2
25 30
4 17
11 7
28 2
17 25
30 8
30 3
23 10
30 24
60
18 6
28 28
19 26
11 6
10 15
28 10
14 19
4 28
16 29
11 18
30 7
22 28
25 7
29 25
30 17
14 2
15 16
8 25
3 22
19 9
12 30
26 11
1 15
7 22
4 13
15 11
28 22
18 22
17 25
12 11
20 28
21 7
30 11
16 22
25 1
13 17
8 19
21 21
6 17
9 11
20 17
11 9
8 5
19 19
16 1
3 20
2 11
21 2
20 30
16 14
10 21
1 5
8 16
4 3
27 13
19 11
8 1
6 28
14 29
8 14
60
6 11
16 2
15 25
29 25
27 28
26 1
16 17
8 4
24 20
24 4
9 21
19 17
20 25
7 19
30 12
22 15
13 28
1 3
23 27
30 18
27 15
4 26
10 19
8 7
5 18
12 21
4 3
2 17
17 6
15 9
8 29
6 7
13 11
20 15
1 28
12 8
4 16
26 19
9 26
1 19
26 12
3 9
14 3
14 18
5 22
29 6
30 4
21 22
17 11
22 5
23 17
16 4
27 24
12 16
8 2
28 3
20 11
10 23
27 26
6 29
80
3 2
26 20
20 26
10 20
14 3
14 18
5 22
28 15
29 6
30 4
21 22
22 16
4 16
17 11
11 22
22 5
16 4
5 25
28 29
27 24
12 16
8 2
13 29
28 3
20 11
27 26
26 29
18 17
25 18
6 29
4 13
8 23
11 26
16 15
3 23
13 13
25 12
17 23
13 8
1 28
8 8
12 11
23 28
25 5
2 4
7 17
22 24
3 20
3 11
19 7
16 27
18 14
24 9
6 20
29 8
15 25
5 5
19 5
27 7
4 27
28 1
30 27
1 19
19 2
24 21
30 19
18 25
25 15
18 20
2 9
8 14
24 7
27 12
30 13
15 13
29 25
16 21
8 26
6 14
13 24
80
23 7
6 28
8 21
18 4
12 27
29 19
5 4
30 12
29 8
11 16
3 21
20 1
17 26
14 29
6 16
25 5
7 4
30 10
1 28
20 27
24 19
8 9
16 28
14 18
10 4
20 24
3 23
8 11
7 30
8 14
1 24
26 30
4 9
23 3
19 30
10 14
28 12
23 29
5 7
16 8
2 10
6 23
20 12
20 8
13 23
2 14
19 16
21 3
25 11
26 2
18 10
11 18
22 16
16 4
13 6
7 19
24 23
20 6
5 18
16 11
2 5
4 11
14 8
29 21
10 30
17 14
26 16
29 5
4 28
5 2
3 1
12 14
8 27
28 15
21 20
15 6
15 14
28 2
20 10
26 23
80
28 25
11 26
9 4
13 3
4 26
22 10
23 21
13 14
1 15
22 7
29 20
1 18
27 20
19 16
30 14
30 27
30 10
13 27
10 9
14 23
10 28
12 6
14 10
24 3
18 23
8 17
19 8
27 3
7 1
21 17
1 26
1 11
23 14
11 22
20 23
18 26
26 24
18 14
24 11
16 1
9 12
14 7
29 22
17 8
17 5
15 18
19 18
5 11
1 28
27 6
7 10
25 21
8 19
11 2
6 19
6 6
2 20
16 13
23 29
12 17
12 10
26 29
30 25
16 28
3 1
4 17
1 8
6 26
20 14
25 17
1 2
2 23
7 4
29 16
10 20
16 24
4 28
7 24
23 1
8 28
100
16 25
8 7
5 18
23 16
12 21
4 3
2 17
17 6
15 9
8 29
6 7
13 11
20 15
22 27
1 28
12 8
4 16
26 19
9 26
2 3
5 10
8 19
17 16
14 24
1 19
26 12
3 9
20 26
10 20
14 3
14 18
5 22
28 15
29 6
30 4
21 22
17 11
22 5
16 4
5 25
28 29
27 24
12 16
8 2
13 29
28 3
20 11
10 23
27 26
26 29
6 29
4 13
8 23
11 26
3 23
13 13
24 19
17 23
26 21
25 5
7 17
22 24
24 28
3 20
3 11
19 7
16 27
18 14
24 9
6 20
29 8
5 5
19 5
27 7
7 9
4 27
28 1
30 27
19 2
24 21
30 19
18 25
25 15
18 20
8 14
24 7
18 18
30 13
15 13
29 25
16 21
6 14
8 21
11 28
7 4
30 10
10 4
20 24
8 11
1 24
100
7 30
5 12
13 2
22 27
27 24
20 19
1 15
28 29
28 8
29 26
30 9
18 24
3 28
10 30
19 6
3 1
7 16
20 26
10 9
6 2
15 3
23 13
10 21
8 1
29 17
25 9
12 27
15 8
25 25
5 20
26 4
5 7
21 14
15 26
8 22
21 30
26 22
20 3
23 11
12 17
11 23
18 11
7 5
16 23
29 20
18 26
16 10
15 19
18 17
11 14
17 20
24 23
18 1
5 16
30 2
2 9
29 6
22 19
21 8
27 10
18 28
26 13
14 6
22 17
22 21
28 1
11 19
14 11
8 10
24 5
26 29
2 13
29 15
27 15
15 29
1 20
3 23
3 5
25 18
9 16
20 1
3 21
26 2
8 8
12 6
14 24
3 3
1 18
13 9
4 10
30 12
15 13
25 15
11 1
24 30
24 20
19 15
9 5
12 12
19 8
100
27 13
29 4
17 15
3 1
12 6
13 12
11 24
23 13
27 11
27 3
21 22
7 27
2 23
17 21
27 28
10 19
18 18
3 20
18 23
17 28
16 2
2 12
12 20
6 2
3 4
18 7
15 16
14 10
27 24
15 14
16 24
17 26
29 9
24 8
16 30
9 3
9 22
1 3
7 17
29 2
14 5
17 4
9 30
6 10
19 29
9 26
20 15
18 1
20 20
22 10
14 27
7 30
30 20
3 14
13 3
13 24
23 21
11 13
6 19
2 25
23 27
14 29
23 23
8 24
18 10
29 30
4 17
28 18
21 25
9 17
10 8
2 27
11 16
14 20
7 5
8 14
29 11
14 1
5 21
24 30
5 27
29 6
30 18
27 16
25 12
8 19
21 1
11 3
30 28
5 15
3 30
19 12
22 6
28 20
6 25
21 8
27 8
3 9
11 26
19 3
15
15 1
15 3
15 5
15 7
15 9
15 11
15 13
15 15
15 17
15 19
15 21
15 23
15 25
15 27
2 29
15
6 1
6 3
6 5
1 7
1 9
1 11
2 13
2 15
2 17
3 19
3 21
3 23
4 25
4 27
6 29
0
