7 8 5
2 3 5 15 4 4 6
1 2 20
1 4 20
1 5 50
2 3 10
3 4 10
3 5 10
4 5 15
6 7 10
1 5
1 6
5 1
3 1
6 7

4 4 2
2 1 8 3
1 2 7
1 3 5
2 4 8
3 4 6
1 4
2 3

8 8 1
5 2 2 2 2 2 4 8
1 2 1
2 3 1
3 4 1
4 5 1
5 6 1
6 7 1
1 8 1
8 7 1
1 7

10 10 4
1 1 8 1 1 1 2 1 9 1
1 3 3
3 4 4
1 2 8
2 4 6
4 7 5
7 8 7
4 5 5
5 6 7
4 9 5
9 10 7
1 4
1 6
1 8
1 10


6 6 3
200 5 1 10 150 1
1 3 5
2 3 5
3 5 5
3 4 50
4 6 50
5 6 5
1 6
2 6
3 6
6 6 3
1 10 150 1 200 5
5 1 5
6 1 5
1 3 5
1 2 50
3 4 5
2 4 50
5 4
6 4
1 4
6 6 3
5 10 150 1 200 1
5 6 5
1 6 5
6 3 5
6 2 50
3 4 5
2 4 50
5 4
1 4
6 4
7 7 3
1 1 55 10 1 200 10
1 2 10
2 3 55
2 4 50
3 5 5
4 5 50
5 6 5
5 7 5
1 5
1 6
1 7
0 0 0
