3
1
0 0 0 1 1 1 1 0
2 0 0 0 1 1 1 1 0
100 100 100 200 200 200 200 100
2
0 0 0 100 100 100 100  0
10 10 10 20 20 20 20 10
2
1
30 40 40 50 40 20 20 10
1
30 40 40 50 40 20 20 10 
2
26
4 4 4 7 6 7 6 4
6 6 10 6 10 5 6 5
6 3 6 4 7 4 7 3
5 14 4 14 4 19 5 19
2 16 2 17 7 17 7 16
7 10 6 11 11 14 12 13
7 12 7 13 9 15 10 10
9 15 9 18 11 20 11 17
11 2 11 3 16 3 16 2
12 2 12 7 13 7 13 2
11 6 13 8 17 3 16 2
14 10 19 9 21 6 16 6
17 7 17 8 18 8 18 7
19 9 23 9 23 6 21 6
18 11 18 15 21 15 21 11
17 17 17 18 21 18 21 17
21 17 21 18 25 18 25 17
20 13 20 20 23 19 23 14
21 2 21 3 26 3 26 2
22 3 22 5 23 5 23 3
25 3 27 4 28 2 26 1
24 0 24 5 30 5 30 0
27 18 27 20 29 20 29 17
27 16 31 18 34 17 34 14
30 14 31 15 33 14 32 12
29 8 29 12 35 13 32 6
25
4 4 4 7 6 7 6 4
6 6 10 6 10 5 6 5
6 3 6 4 7 4 7 3
5 14 4 14 4 19 5 19
2 16 2 17 7 17 7 16
7 10 6 11 11 14 12 13
7 12 7 13 9 15 10 10
9 15 9 18 11 20 11 17
11 2 11 3 16 3 16 2
12 2 12 7 13 7 13 2
11 6 13 8 17 3 16 2
14 10 19 9 21 6 16 6
17 7 17 8 18 8 18 7
19 9 23 9 23 6 21 6
18 11 18 15 21 15 21 11
17 17 17 18 21 18 21 17
21 17 21 18 25 18 25 17
20 13 20 20 23 19 23 14
21 2 21 3 26 3 26 2
22 3 22 5 23 5 23 3
25 3 27 4 28 2 26 1
24 0 24 5 30 5 30 0
27 18 27 20 29 20 29 17
27 16 31 18 34 17 34 14
29 8 29 12 35 13 32 6
2
25
4 4 4 7 6 7 6 4
6 6 10 6 10 5 6 5
6 3 6 4 7 4 7 3
5 14 4 14 4 19 5 19
2 16 2 17 7 17 7 16
7 10 6 11 11 14 12 13
9 15 9 18 11 20 11 17
11 2 11 3 16 3 16 2
12 2 12 7 13 7 13 2
11 6 13 8 17 3 16 2
14 10 19 9 21 6 16 6
17 7 17 8 18 8 18 7
19 9 23 9 23 6 21 6
18 11 18 15 21 15 21 11
17 17 17 18 21 18 21 17
21 17 21 18 25 18 25 17
20 13 20 20 23 19 23 14
21 2 21 3 26 3 26 2
22 3 22 5 23 5 23 3
25 3 27 4 28 2 26 1
24 0 24 5 30 5 30 0
27 18 27 20 29 20 29 17
27 16 31 18 34 17 34 14
30 14 31 15 33 14 32 12
29 8 29 12 35 13 32 6
24
4 4 4 7 6 7 6 4
6 6 10 6 10 5 6 5
6 3 6 4 7 4 7 3
5 14 4 14 4 19 5 19
2 16 2 17 7 17 7 16
7 10 6 11 11 14 12 13
9 15 9 18 11 20 11 17
11 2 11 3 16 3 16 2
12 2 12 7 13 7 13 2
11 6 13 8 17 3 16 2
14 10 19 9 21 6 16 6
17 7 17 8 18 8 18 7
19 9 23 9 23 6 21 6
18 11 18 15 21 15 21 11
17 17 17 18 21 18 21 17
21 17 21 18 25 18 25 17
20 13 20 20 23 19 23 14
21 2 21 3 26 3 26 2
22 3 22 5 23 5 23 3
25 3 27 4 28 2 26 1
24 0 24 5 30 5 30 0
27 18 27 20 29 20 29 17
27 16 31 18 34 17 34 14
29 8 29 12 35 13 32 6
1
1
29 8 29 12 35 13 32 6
2
27
0 0 0 100 100 100 100 0
4 4 4 7 6 7 6 4
6 6 10 6 10 5 6 5
6 3 6 4 7 4 7 3
5 14 4 14 4 19 5 19
2 16 2 17 7 17 7 16
7 10 6 11 11 14 12 13
7 12 7 13 9 15 10 10
9 15 9 18 11 20 11 17
11 2 11 3 16 3 16 2
12 2 12 7 13 7 13 2
11 6 13 8 17 3 16 2
14 10 19 9 21 6 16 6
17 7 17 8 18 8 18 7
19 9 23 9 23 6 21 6
18 11 18 15 21 15 21 11
17 17 17 18 21 18 21 17
21 17 21 18 25 18 25 17
20 13 20 20 23 19 23 14
21 2 21 3 26 3 26 2
22 3 22 5 23 5 23 3
25 3 27 4 28 2 26 1
24 0 24 5 30 5 30 0
27 18 27 20 29 20 29 17
27 16 31 18 34 17 34 14
30 14 31 15 33 14 32 12
29 8 29 12 35 13 32 6
27
1 10 1 11 36 11 36 10
4 4 4 7 6 7 6 4
6 6 10 6 10 5 6 5
6 3 6 4 7 4 7 3
5 14 4 14 4 19 5 19
2 16 2 17 7 17 7 16
7 10 6 11 11 14 12 13
7 12 7 13 9 15 10 10
9 15 9 18 11 20 11 17
11 2 11 3 16 3 16 2
12 2 12 7 13 7 13 2
11 6 13 8 17 3 16 2
14 10 19 9 21 6 16 6
17 7 17 8 18 8 18 7
19 9 23 9 23 6 21 6
18 11 18 15 21 15 21 11
17 17 17 18 21 18 21 17
21 17 21 18 25 18 25 17
20 13 20 20 23 19 23 14
21 2 21 3 26 3 26 2
22 3 22 5 23 5 23 3
25 3 27 4 28 2 26 1
24 0 24 5 30 5 30 0
27 18 27 20 29 20 29 17
27 16 31 18 34 17 34 14
30 14 31 15 33 14 32 12
29 8 29 12 35 13 32 6
1
27
6 19 6 20 31 4 31 3
4 4 4 7 6 7 6 4
6 6 10 6 10 5 6 5
6 3 6 4 7 4 7 3
5 14 4 14 4 19 5 19
2 16 2 17 7 17 7 16
7 10 6 11 11 14 12 13
7 12 7 13 9 15 10 10
9 15 9 18 11 20 11 17
11 2 11 3 16 3 16 2
12 2 12 7 13 7 13 2
11 6 13 8 17 3 16 2
14 10 19 9 21 6 16 6
17 7 17 8 18 8 18 7
19 9 23 9 23 6 21 6
18 11 18 15 21 15 21 11
17 17 17 18 21 18 21 17
21 17 21 18 25 18 25 17
20 13 20 20 23 19 23 14
21 2 21 3 26 3 26 2
22 3 22 5 23 5 23 3
25 3 27 4 28 2 26 1
24 0 24 5 30 5 30 0
27 18 27 20 29 20 29 17
27 16 31 18 34 17 34 14
30 14 31 15 33 14 32 12
29 8 29 12 35 13 32 6
3
99
1 3 1 4 2 4 2 3
1 5 1 6 2 6 2 5
1 7 1 8 2 8 2 7
1 9 1 10 2 10 2 9
1 11 1 12 2 12 2 11
1 13 1 14 2 14 2 13
1 15 1 16 2 16 2 15
1 17 1 18 2 18 2 17
1 19 1 20 2 20 2 19
3 1 3 2 4 2 4 1
3 3 3 4 4 4 4 3
3 5 3 6 4 6 4 5
3 7 3 8 4 8 4 7
3 9 3 10 4 10 4 9
3 11 3 12 4 12 4 11
3 13 3 14 4 14 4 13
3 15 3 16 4 16 4 15
3 17 3 18 4 18 4 17
3 19 3 20 4 20 4 19
5 1 5 2 6 2 6 1
5 3 5 4 6 4 6 3
5 5 5 6 6 6 6 5
5 7 5 8 6 8 6 7
5 9 5 10 6 10 6 9
5 11 5 12 6 12 6 11
5 13 5 14 6 14 6 13
5 15 5 16 6 16 6 15
5 17 5 18 6 18 6 17
5 19 5 20 6 20 6 19
7 1 7 2 8 2 8 1
7 3 7 4 8 4 8 3
7 5 7 6 8 6 8 5
7 7 7 8 8 8 8 7
7 9 7 10 8 10 8 9
7 11 7 12 8 12 8 11
7 13 7 14 8 14 8 13
7 15 7 16 8 16 8 15
7 17 7 18 8 18 8 17
7 19 7 20 8 20 8 19
9 1 9 2 10 2 10 1
9 3 9 4 10 4 10 3
9 5 9 6 10 6 10 5
9 7 9 8 10 8 10 7
9 9 9 10 10 10 10 9
9 11 9 12 10 12 10 11
9 13 9 14 10 14 10 13
9 15 9 16 10 16 10 15
9 17 9 18 10 18 10 17
9 19 9 20 10 20 10 19
11 1 11 2 12 2 12 1
11 3 11 4 12 4 12 3
11 5 11 6 12 6 12 5
11 7 11 8 12 8 12 7
11 9 11 10 12 10 12 9
11 11 11 12 12 12 12 11
11 13 11 14 12 14 12 13
11 15 11 16 12 16 12 15
11 17 11 18 12 18 12 17
11 19 11 20 12 20 12 19
13 1 13 2 14 2 14 1
13 3 13 4 14 4 14 3
13 5 13 6 14 6 14 5
13 7 13 8 14 8 14 7
13 9 13 10 14 10 14 9
13 11 13 12 14 12 14 11
13 13 13 14 14 14 14 13
13 15 13 16 14 16 14 15
13 17 13 18 14 18 14 17
13 19 13 20 14 20 14 19
15 1 15 2 16 2 16 1
15 3 15 4 16 4 16 3
15 5 15 6 16 6 16 5
15 7 15 8 16 8 16 7
15 9 15 10 16 10 16 9
15 11 15 12 16 12 16 11
15 13 15 14 16 14 16 13
15 15 15 16 16 16 16 15
15 17 15 18 16 18 16 17
15 19 15 20 16 20 16 19
17 1 17 2 18 2 18 1
17 3 17 4 18 4 18 3
17 5 17 6 18 6 18 5
17 7 17 8 18 8 18 7
17 9 17 10 18 10 18 9
17 11 17 12 18 12 18 11
17 13 17 14 18 14 18 13
17 15 17 16 18 16 18 15
17 17 17 18 18 18 18 17
17 19 17 20 18 20 18 19
19 1 19 2 20 2 20 1
19 3 19 4 20 4 20 3
19 5 19 6 20 6 20 5
19 7 19 8 20 8 20 7
19 9 19 10 20 10 20 9
19 11 19 12 20 12 20 11
19 13 19 14 20 14 20 13
19 15 19 16 20 16 20 15
19 17 19 18 20 18 20 17
19 19 19 20 20 20 20 19
100
1 1 1 10 20 10 20 1
1 3 1 4 2 4 2 3
1 5 1 6 2 6 2 5
1 7 1 8 2 8 2 7
1 9 1 10 2 10 2 9
1 11 1 12 2 12 2 11
1 13 1 14 2 14 2 13
1 15 1 16 2 16 2 15
1 17 1 18 2 18 2 17
1 19 1 20 2 20 2 19
3 1 3 2 4 2 4 1
3 3 3 4 4 4 4 3
3 5 3 6 4 6 4 5
3 7 3 8 4 8 4 7
3 9 3 10 4 10 4 9
3 11 3 12 4 12 4 11
3 13 3 14 4 14 4 13
3 15 3 16 4 16 4 15
3 17 3 18 4 18 4 17
3 19 3 20 4 20 4 19
5 1 5 2 6 2 6 1
5 3 5 4 6 4 6 3
5 5 5 6 6 6 6 5
5 7 5 8 6 8 6 7
5 9 5 10 6 10 6 9
5 11 5 12 6 12 6 11
5 13 5 14 6 14 6 13
5 15 5 16 6 16 6 15
5 17 5 18 6 18 6 17
5 19 5 20 6 20 6 19
7 1 7 2 8 2 8 1
7 3 7 4 8 4 8 3
7 5 7 6 8 6 8 5
7 7 7 8 8 8 8 7
7 9 7 10 8 10 8 9
7 11 7 12 8 12 8 11
7 13 7 14 8 14 8 13
7 15 7 16 8 16 8 15
7 17 7 18 8 18 8 17
7 19 7 20 8 20 8 19
9 1 9 2 10 2 10 1
9 3 9 4 10 4 10 3
9 5 9 6 10 6 10 5
9 7 9 8 10 8 10 7
9 9 9 10 10 10 10 9
9 11 9 12 10 12 10 11
9 13 9 14 10 14 10 13
9 15 9 16 10 16 10 15
9 17 9 18 10 18 10 17
9 19 9 20 10 20 10 19
11 1 11 2 12 2 12 1
11 3 11 4 12 4 12 3
11 5 11 6 12 6 12 5
11 7 11 8 12 8 12 7
11 9 11 10 12 10 12 9
11 11 11 12 12 12 12 11
11 13 11 14 12 14 12 13
11 15 11 16 12 16 12 15
11 17 11 18 12 18 12 17
11 19 11 20 12 20 12 19
13 1 13 2 14 2 14 1
13 3 13 4 14 4 14 3
13 5 13 6 14 6 14 5
13 7 13 8 14 8 14 7
13 9 13 10 14 10 14 9
13 11 13 12 14 12 14 11
13 13 13 14 14 14 14 13
13 15 13 16 14 16 14 15
13 17 13 18 14 18 14 17
13 19 13 20 14 20 14 19
15 1 15 2 16 2 16 1
15 3 15 4 16 4 16 3
15 5 15 6 16 6 16 5
15 7 15 8 16 8 16 7
15 9 15 10 16 10 16 9
15 11 15 12 16 12 16 11
15 13 15 14 16 14 16 13
15 15 15 16 16 16 16 15
15 17 15 18 16 18 16 17
15 19 15 20 16 20 16 19
17 1 17 2 18 2 18 1
17 3 17 4 18 4 18 3
17 5 17 6 18 6 18 5
17 7 17 8 18 8 18 7
17 9 17 10 18 10 18 9
17 11 17 12 18 12 18 11
17 13 17 14 18 14 18 13
17 15 17 16 18 16 18 15
17 17 17 18 18 18 18 17
17 19 17 20 18 20 18 19
19 1 19 2 20 2 20 1
19 3 19 4 20 4 20 3
19 5 19 6 20 6 20 5
19 7 19 8 20 8 20 7
19 9 19 10 20 10 20 9
19 11 19 12 20 12 20 11
19 13 19 14 20 14 20 13
19 15 19 16 20 16 20 15
19 17 19 18 20 18 20 17
19 19 19 20 20 20 20 19
100
10 1 7 10 20 10 20 1
1 3 1 4 2 4 2 3
1 5 1 6 2 6 2 5
1 7 1 8 2 8 2 7
1 9 1 10 2 10 2 9
1 11 1 12 2 12 2 11
1 13 1 14 2 14 2 13
1 15 1 16 2 16 2 15
1 17 1 18 2 18 2 17
1 19 1 20 2 20 2 19
3 1 3 2 4 2 4 1
3 3 3 4 4 4 4 3
3 5 3 6 4 6 4 5
3 7 3 8 4 8 4 7
3 9 3 10 4 10 4 9
3 11 3 12 4 12 4 11
3 13 3 14 4 14 4 13
3 15 3 16 4 16 4 15
3 17 3 18 4 18 4 17
3 19 3 20 4 20 4 19
5 1 5 2 6 2 6 1
5 3 5 4 6 4 6 3
5 5 5 6 6 6 6 5
5 7 5 8 6 8 6 7
5 9 5 10 6 10 6 9
5 11 5 12 6 12 6 11
5 13 5 14 6 14 6 13
5 15 5 16 6 16 6 15
5 17 5 18 6 18 6 17
5 19 5 20 6 20 6 19
7 1 7 2 8 2 8 1
7 3 7 4 8 4 8 3
7 5 7 6 8 6 8 5
7 7 7 8 8 8 8 7
7 9 7 10 8 10 8 9
7 11 7 12 8 12 8 11
7 13 7 14 8 14 8 13
7 15 7 16 8 16 8 15
7 17 7 18 8 18 8 17
7 19 7 20 8 20 8 19
9 1 9 2 10 2 10 1
9 3 9 4 10 4 10 3
9 5 9 6 10 6 10 5
9 7 9 8 10 8 10 7
9 9 9 10 10 10 10 9
9 11 9 12 10 12 10 11
9 13 9 14 10 14 10 13
9 15 9 16 10 16 10 15
9 17 9 18 10 18 10 17
9 19 9 20 10 20 10 19
11 1 11 2 12 2 12 1
11 3 11 4 12 4 12 3
11 5 11 6 12 6 12 5
11 7 11 8 12 8 12 7
11 9 11 10 12 10 12 9
11 11 11 12 12 12 12 11
11 13 11 14 12 14 12 13
11 15 11 16 12 16 12 15
11 17 11 18 12 18 12 17
11 19 11 20 12 20 12 19
13 1 13 2 14 2 14 1
13 3 13 4 14 4 14 3
13 5 13 6 14 6 14 5
13 7 13 8 14 8 14 7
13 9 13 10 14 10 14 9
13 11 13 12 14 12 14 11
13 13 13 14 14 14 14 13
13 15 13 16 14 16 14 15
13 17 13 18 14 18 14 17
13 19 13 20 14 20 14 19
15 1 15 2 16 2 16 1
15 3 15 4 16 4 16 3
15 5 15 6 16 6 16 5
15 7 15 8 16 8 16 7
15 9 15 10 16 10 16 9
15 11 15 12 16 12 16 11
15 13 15 14 16 14 16 13
15 15 15 16 16 16 16 15
15 17 15 18 16 18 16 17
15 19 15 20 16 20 16 19
17 1 17 2 18 2 18 1
17 3 17 4 18 4 18 3
17 5 17 6 18 6 18 5
17 7 17 8 18 8 18 7
17 9 17 10 18 10 18 9
17 11 17 12 18 12 18 11
17 13 17 14 18 14 18 13
17 15 17 16 18 16 18 15
17 17 17 18 18 18 18 17
17 19 17 20 18 20 18 19
19 1 19 2 20 2 20 1
19 3 19 4 20 4 20 3
19 5 19 6 20 6 20 5
19 7 19 8 20 8 20 7
19 9 19 10 20 10 20 9
19 11 19 12 20 12 20 11
19 13 19 14 20 14 20 13
19 15 19 16 20 16 20 15
19 17 19 18 20 18 20 17
19 19 19 20 20 20 20 19
1
100
5 3 8 10 16 7 15 1
1 3 1 4 2 4 2 3
1 5 1 6 2 6 2 5
1 7 1 8 2 8 2 7
1 9 1 10 2 10 2 9
1 11 1 12 2 12 2 11
1 13 1 14 2 14 2 13
1 15 1 16 2 16 2 15
1 17 1 18 2 18 2 17
1 19 1 20 2 20 2 19
3 1 3 2 4 2 4 1
3 3 3 4 4 4 4 3
3 5 3 6 4 6 4 5
3 7 3 8 4 8 4 7
3 9 3 10 4 10 4 9
3 11 3 12 4 12 4 11
3 13 3 14 4 14 4 13
3 15 3 16 4 16 4 15
3 17 3 18 4 18 4 17
3 19 3 20 4 20 4 19
5 1 5 2 6 2 6 1
5 3 5 4 6 4 6 3
5 5 5 6 6 6 6 5
5 7 5 8 6 8 6 7
5 9 5 10 6 10 6 9
5 11 5 12 6 12 6 11
5 13 5 14 6 14 6 13
5 15 5 16 6 16 6 15
5 17 5 18 6 18 6 17
5 19 5 20 6 20 6 19
7 1 7 2 8 2 8 1
7 3 7 4 8 4 8 3
7 5 7 6 8 6 8 5
7 7 7 8 8 8 8 7
7 9 7 10 8 10 8 9
7 11 7 12 8 12 8 11
7 13 7 14 8 14 8 13
7 15 7 16 8 16 8 15
7 17 7 18 8 18 8 17
7 19 7 20 8 20 8 19
9 1 9 2 10 2 10 1
9 3 9 4 10 4 10 3
9 5 9 6 10 6 10 5
9 7 9 8 10 8 10 7
9 9 9 10 10 10 10 9
9 11 9 12 10 12 10 11
9 13 9 14 10 14 10 13
9 15 9 16 10 16 10 15
9 17 9 18 10 18 10 17
9 19 9 20 10 20 10 19
11 1 11 2 12 2 12 1
11 3 11 4 12 4 12 3
11 5 11 6 12 6 12 5
11 7 11 8 12 8 12 7
11 9 11 10 12 10 12 9
11 11 11 12 12 12 12 11
11 13 11 14 12 14 12 13
11 15 11 16 12 16 12 15
11 17 11 18 12 18 12 17
11 19 11 20 12 20 12 19
13 1 13 2 14 2 14 1
13 3 13 4 14 4 14 3
13 5 13 6 14 6 14 5
13 7 13 8 14 8 14 7
13 9 13 10 14 10 14 9
13 11 13 12 14 12 14 11
13 13 13 14 14 14 14 13
13 15 13 16 14 16 14 15
13 17 13 18 14 18 14 17
13 19 13 20 14 20 14 19
15 1 15 2 16 2 16 1
15 3 15 4 16 4 16 3
15 5 15 6 16 6 16 5
15 7 15 8 16 8 16 7
15 9 15 10 16 10 16 9
15 11 15 12 16 12 16 11
15 13 15 14 16 14 16 13
15 15 15 16 16 16 16 15
15 17 15 18 16 18 16 17
15 19 15 20 16 20 16 19
17 1 17 2 18 2 18 1
17 3 17 4 18 4 18 3
17 5 17 6 18 6 18 5
17 7 17 8 18 8 18 7
17 9 17 10 18 10 18 9
17 11 17 12 18 12 18 11
17 13 17 14 18 14 18 13
17 15 17 16 18 16 18 15
17 17 17 18 18 18 18 17
17 19 17 20 18 20 18 19
19 1 19 2 20 2 20 1
19 3 19 4 20 4 20 3
19 5 19 6 20 6 20 5
19 7 19 8 20 8 20 7
19 9 19 10 20 10 20 9
19 11 19 12 20 12 20 11
19 13 19 14 20 14 20 13
19 15 19 16 20 16 20 15
19 17 19 18 20 18 20 17
19 19 19 20 20 20 20 19
0
