2
26
4 4 4 7 6 7 6 4
6 6 10 6 10 5 6 5
6 3 6 4 7 4 7 3
5 14 4 14 4 19 5 19
2 16 2 17 7 17 7 16
7 10 6 11 11 14 12 13
7 12 7 13 9 15 10 10
9 15 9 18 11 20 11 17
11 2 11 3 16 3 16 2
12 2 12 7 13 7 13 2
11 6 13 8 17 3 16 2
14 10 19 9 21 6 16 6
17 7 17 8 18 8 18 7
19 9 23 9 23 6 21 6
18 11 18 15 21 15 21 11
17 17 17 18 21 18 21 17
21 17 21 18 25 18 25 17
20 13 20 20 23 19 23 14
21 2 21 3 26 3 26 2
22 3 22 5 23 5 23 3
25 3 27 4 28 2 26 1
24 0 24 5 30 5 30 0
27 18 27 20 29 20 29 17
27 16 31 18 34 17 34 14
30 14 31 15 33 14 32 12
29 8 29 12 35 13 32 6
25
4 4 4 7 6 7 6 4
6 6 10 6 10 5 6 5
6 3 6 4 7 4 7 3
5 14 4 14 4 19 5 19
2 16 2 17 7 17 7 16
7 10 6 11 11 14 12 13
7 12 7 13 9 15 10 10
9 15 9 18 11 20 11 17
11 2 11 3 16 3 16 2
12 2 12 7 13 7 13 2
11 6 13 8 17 3 16 2
14 10 19 9 21 6 16 6
17 7 17 8 18 8 18 7
19 9 23 9 23 6 21 6
18 11 18 15 21 15 21 11
17 17 17 18 21 18 21 17
21 17 21 18 25 18 25 17
20 13 20 20 23 19 23 14
21 2 21 3 26 3 26 2
22 3 22 5 23 5 23 3
25 3 27 4 28 2 26 1
24 0 24 5 30 5 30 0
27 18 27 20 29 20 29 17
27 16 31 18 34 17 34 14
29 8 29 12 35 13 32 6
2
25
4 4 4 7 6 7 6 4
6 6 10 6 10 5 6 5
6 3 6 4 7 4 7 3
5 14 4 14 4 19 5 19
2 16 2 17 7 17 7 16
7 10 6 11 11 14 12 13
9 15 9 18 11 20 11 17
11 2 11 3 16 3 16 2
12 2 12 7 13 7 13 2
11 6 13 8 17 3 16 2
14 10 19 9 21 6 16 6
17 7 17 8 18 8 18 7
19 9 23 9 23 6 21 6
18 11 18 15 21 15 21 11
17 17 17 18 21 18 21 17
21 17 21 18 25 18 25 17
20 13 20 20 23 19 23 14
21 2 21 3 26 3 26 2
22 3 22 5 23 5 23 3
25 3 27 4 28 2 26 1
24 0 24 5 30 5 30 0
27 18 27 20 29 20 29 17
27 16 31 18 34 17 34 14
30 14 31 15 33 14 32 12
29 8 29 12 35 13 32 6
24
4 4 4 7 6 7 6 4
6 6 10 6 10 5 6 5
6 3 6 4 7 4 7 3
5 14 4 14 4 19 5 19
2 16 2 17 7 17 7 16
7 10 6 11 11 14 12 13
9 15 9 18 11 20 11 17
11 2 11 3 16 3 16 2
12 2 12 7 13 7 13 2
11 6 13 8 17 3 16 2
14 10 19 9 21 6 16 6
17 7 17 8 18 8 18 7
19 9 23 9 23 6 21 6
18 11 18 15 21 15 21 11
17 17 17 18 21 18 21 17
21 17 21 18 25 18 25 17
20 13 20 20 23 19 23 14
21 2 21 3 26 3 26 2
22 3 22 5 23 5 23 3
25 3 27 4 28 2 26 1
24 0 24 5 30 5 30 0
27 18 27 20 29 20 29 17
27 16 31 18 34 17 34 14
29 8 29 12 35 13 32 6
1
1
29 8 29 12 35 13 32 6
2
27
0 0 0 100 100 100 100 0
4 4 4 7 6 7 6 4
6 6 10 6 10 5 6 5
6 3 6 4 7 4 7 3
5 14 4 14 4 19 5 19
2 16 2 17 7 17 7 16
7 10 6 11 11 14 12 13
7 12 7 13 9 15 10 10
9 15 9 18 11 20 11 17
11 2 11 3 16 3 16 2
12 2 12 7 13 7 13 2
11 6 13 8 17 3 16 2
14 10 19 9 21 6 16 6
17 7 17 8 18 8 18 7
19 9 23 9 23 6 21 6
18 11 18 15 21 15 21 11
17 17 17 18 21 18 21 17
21 17 21 18 25 18 25 17
20 13 20 20 23 19 23 14
21 2 21 3 26 3 26 2
22 3 22 5 23 5 23 3
25 3 27 4 28 2 26 1
24 0 24 5 30 5 30 0
27 18 27 20 29 20 29 17
27 16 31 18 34 17 34 14
30 14 31 15 33 14 32 12
29 8 29 12 35 13 32 6
27
1 10 1 11 36 11 36 10
4 4 4 7 6 7 6 4
6 6 10 6 10 5 6 5
6 3 6 4 7 4 7 3
5 14 4 14 4 19 5 19
2 16 2 17 7 17 7 16
7 10 6 11 11 14 12 13
7 12 7 13 9 15 10 10
9 15 9 18 11 20 11 17
11 2 11 3 16 3 16 2
12 2 12 7 13 7 13 2
11 6 13 8 17 3 16 2
14 10 19 9 21 6 16 6
17 7 17 8 18 8 18 7
19 9 23 9 23 6 21 6
18 11 18 15 21 15 21 11
17 17 17 18 21 18 21 17
21 17 21 18 25 18 25 17
20 13 20 20 23 19 23 14
21 2 21 3 26 3 26 2
22 3 22 5 23 5 23 3
25 3 27 4 28 2 26 1
24 0 24 5 30 5 30 0
27 18 27 20 29 20 29 17
27 16 31 18 34 17 34 14
30 14 31 15 33 14 32 12
29 8 29 12 35 13 32 6
1
27
6 19 6 20 31 4 31 3
4 4 4 7 6 7 6 4
6 6 10 6 10 5 6 5
6 3 6 4 7 4 7 3
5 14 4 14 4 19 5 19
2 16 2 17 7 17 7 16
7 10 6 11 11 14 12 13
7 12 7 13 9 15 10 10
9 15 9 18 11 20 11 17
11 2 11 3 16 3 16 2
12 2 12 7 13 7 13 2
11 6 13 8 17 3 16 2
14 10 19 9 21 6 16 6
17 7 17 8 18 8 18 7
19 9 23 9 23 6 21 6
18 11 18 15 21 15 21 11
17 17 17 18 21 18 21 17
21 17 21 18 25 18 25 17
20 13 20 20 23 19 23 14
21 2 21 3 26 3 26 2
22 3 22 5 23 5 23 3
25 3 27 4 28 2 26 1
24 0 24 5 30 5 30 0
27 18 27 20 29 20 29 17
27 16 31 18 34 17 34 14
30 14 31 15 33 14 32 12
29 8 29 12 35 13 32 6
0