99914
5
58178 84518
12013 55303
16685 60483
3208 9197
30273 40206
99918
14
53897 94498
10434 49539
14970 21739
16833 91495
10457 63472
19327 55408
12660 47922
487 18513
18876 40831
58127 78651
9794 78132
9102 91577
30229 96568
41869 52290
99964
49
72631 97316
19113 73015
54188 80311
21299 58920
2173 58096
54251 90565
18788 28913
26247 80861
37135 53351
18706 85603
18987 72949
18093 22190
2658 80976
28385 92403
60882 67337
37598 60256
30878 41670
31203 68390
48018 63921
11008 68528
84898 95548
18895 65710
72925 79813
36096 46166
13383 79617
360 73182
31811 34578
2708 95054
8163 16973
32858 75540
47771 91221
2988 36511
41792 62484
57679 80690
6835 56825
18201 98295
30617 35314
50352 71671
58677 59917
41274 54333
76420 87157
41604 60780
73579 86917
15708 50369
27723 58385
1906 98473
1892 71616
59160 60746
10208 62765
99981
8
18211 31906
50908 75220
45194 65794
20136 47157
18179 90242
17560 42862
38304 98283
38805 88383
99990
43
41025 88156
9232 53305
24617 26474
3461 4841
2734 49979
31436 72160
26176 58083
10599 32897
2229 20506
4554 59045
36119 98679
49688 70475
19868 91732
24361 95124
1233 86451
48030 69029
55551 88981
14682 29735
4182 40652
70117 97288
11851 84185
9581 54057
18269 74910
53961 66145
35110 36263
52321 91103
13970 38164
10083 24717
82023 82029
20795 67582
10127 81815
31071 58612
56183 89398
29758 62795
56987 63828
9986 16664
47665 85246
50249 89279
34500 38225
12123 67356
40634 87857
55378 69744
22750 64871
99904
11
18817 99869
40286 46821
28414 99737
26214 98152
11321 17765
90930 95380
88160 93001
33313 73202
17187 94933
26007 37524
12463 97980
99936
48
58700 90141
6438 30774
20713 59077
41992 50712
76171 99811
11743 64423
5252 61995
13396 68771
38347 81027
15462 50057
14750 57283
41434 58314
53077 88676
39909 96238
54441 72168
29648 98234
61561 69101
27835 63447
2244 8940
22255 63894
36741 48611
28975 71602
1194 31243
24124 85894
13602 30370
64766 77404
16435 70939
21195 82152
24249 84836
51512 88344
19115 38879
25094 79858
26992 60083
59796 82674
43121 70217
48080 57693
23615 99682
8414 13599
77698 93830
2507 49805
51796 65703
15689 45164
991 84781
32327 97120
68029 88131
6502 22005
40320 83647
29989 52630
99951
18
58489 61791
1171 6754
45260 53219
544 97380
570 7210
21813 50097
17444 53677
31807 67689
71420 92193
11257 37169
15456 95942
31641 93002
48810 91958
51052 60953
18977 88956
27602 80224
48709 62268
69260 70517
99906
26
8213 26204
26034 84845
6168 41490
39733 55499
2863 7042
17527 19898
52204 80409
12054 45282
44133 93112
19111 47863
39813 72070
40695 89878
6292 96697
14201 49646
5223 80438
74987 99225
83531 83842
24047 77376
22521 25753
4028 90568
23618 67771
27625 76488
30113 32008
29751 37689
6470 10436
47381 55358
99922
11
26537 49719
30181 47541
21767 57037
33272 53928
26279 84158
6754 66639
27219 43789
23958 27442
29291 82670
80823 89980
39673 81292
99928
50
3175 44774
12582 94947
3026 92002
90846 99454
54367 55767
2621 19881
39144 83955
15026 58376
4591 49384
18145 97654
29094 34242
24142 80033
19539 62543
32064 65697
52821 91902
18273 96170
70651 72950
72914 91349
3756 26811
14223 89957
9095 91340
67224 96431
51681 56675
13042 52630
55612 58833
69260 84919
74149 91182
47004 75888
50783 59049
15505 66938
61874 82827
46964 62310
63920 95169
24288 76849
25999 90509
12374 15177
64623 71456
4889 17599
970 80074
51900 72305
38054 74372
56642 96286
44213 96430
12243 74341
30453 95290
17086 86325
38387 46924
53733 54446
36812 52626
37684 84224
99971
14
61527 69107
53608 87376
48651 54686
35644 87959
14772 94407
56997 60309
13720 17632
76365 94936
76334 93207
26473 40278
77656 77972
68416 74080
14163 69490
499 13827
99990
5
16397 20588
3251 72294
26407 85911
25733 26093
59883 86267
99929
49
79897 81629
67053 70248
4709 19822
62532 62875
82055 86986
77401 90796
74323 86650
41215 89429
88769 90030
5343 80963
31364 66733
64730 83446
23825 65432
77995 97467
63256 84364
10335 42020
86019 97003
42584 72340
33844 67121
33900 50213
60626 67208
22222 81800
20449 99095
4781 67358
17945 21636
9391 93636
62523 93784
15035 28195
12928 86413
53061 74693
46253 65346
5678 97693
41412 96786
44384 63914
67199 78777
40597 54055
29004 98843
6291 53137
78092 91761
6707 40195
67294 86883
43657 80296
18294 65405
13049 96054
18898 90129
11304 34349
63797 84889
1229 71068
45739 68103
99965
28
51498 58054
51801 64143
97 79834
44518 78353
24806 39014
10929 89296
87178 95652
13603 62869
17966 95753
1498 63355
27933 40512
20048 62221
2468 60044
51251 65241
13906 66695
81666 88825
14021 91089
3058 12957
10866 84115
15436 51882
19323 62522
28781 32500
3501 89110
38479 54552
20342 29143
41577 47043
64931 88344
10414 72954
99931
17
9732 24625
182 86122
19973 66924
51877 65083
51589 89690
24221 28531
1332 97620
62411 99333
55951 77107
37448 79629
53318 63201
51857 65958
9405 14308
4589 29717
68656 70038
97886 97972
37380 69359
99939
22
24365 99287
28862 61099
24617 38931
82904 93393
20131 59703
4563 23344
38729 84060
8338 45239
20273 96231
24427 27487
9837 93210
35174 36833
18630 84145
16758 73181
26547 66251
6280 36063
9514 64051
25572 98801
52508 67519
57597 84027
14797 63363
10277 76843
99992
1
54234 98596
99998
21
17060 70087
4020 33193
25895 59300
5711 34146
27824 66184
31779 33751
10587 77449
61016 94080
10788 81683
85844 92238
12135 18570
22794 98638
35314 75458
11234 96536
20593 57597
23193 83168
33370 86300
4125 56701
59930 65528
21849 26680
12188 89607
99964
22
23347 72000
20796 91067
21730 26296
3495 34901
63234 72750
14305 47737
43306 65088
35370 87110
543 34644
63963 85306
35385 75182
58806 88311
40401 80360
25307 61221
1428 59263
58174 63400
11062 13084
13804 39870
61911 70991
513 92535
6668 80241
58792 69649
99989
11
37566 53941
24215 69865
74253 87745
16598 38986
305 83492
4897 92265
12379 82088
35369 48799
42605 97584
34925 35357
12428 81998
99915
33
22819 59024
28706 81723
51896 76891
25842 43375
59155 64073
1842 47513
88392 93885
47068 75537
31347 49858
29560 77226
9043 59658
23777 57008
59052 85056
89279 96685
33928 66244
52406 59748
74760 76650
36004 96352
39186 73562
39323 75144
68567 99864
39057 60157
32848 34373
15704 74076
88932 99494
2791 81152
33497 41541
38309 78707
9423 85735
26405 76479
30861 44934
4074 33975
58438 87438
99959
18
9644 76941
43878 59055
36185 99062
14843 67001
79137 80406
92044 97758
47034 92599
80443 95655
7176 80328
2492 90734
7029 8465
2968 4282
9708 37829
11490 67172
55293 89851
11136 39459
21803 40257
4733 9923
99930
11
56980 76355
15721 59221
23514 42937
31526 33342
9190 53467
5132 28191
23 26835
37628 57814
33556 88840
11248 31920
2717 90145
99951
0
99932
11
15866 20990
7638 54256
58427 60263
559 37781
4306 58010
36287 47449
6694 13262
24629 78906
12473 96121
26971 60663
31974 82295
99951
25
58221 79702
69809 87449
38541 72157
51417 55918
27057 53490
72058 74546
59717 93005
12517 92457
68565 92554
39902 98039
67832 87865
45347 52728
50658 79982
21606 39328
16503 36233
43365 96496
37071 39489
47276 61342
743 79703
40032 69802
31860 52543
5756 15839
66417 70481
28405 90060
24783 46788
99955
39
11224 93409
3052 47719
57444 63365
13330 88226
38982 54532
8730 35965
826 81390
44079 73911
23727 82861
3865 35718
18198 27146
3499 52956
10362 92192
23826 74340
24588 43342
87755 96815
9875 48700
13865 77775
13577 55862
7375 37003
31374 37456
13024 35064
7632 57783
32370 65480
11104 39792
3701 38684
26489 41970
44029 71398
6061 96414
5071 40144
54140 66891
30634 63117
31004 43099
24081 67043
18002 36712
13713 48081
3949 95211
15104 25998
58977 67979
99925
9
33531 62486
70832 76985
62568 65674
62676 70585
11363 89449
79450 84437
10522 71628
15597 45085
44738 79976
99906
27
40841 93738
17038 99376
3460 46432
73380 84056
2743 89154
13489 64425
60601 92033
27145 28878
61537 93126
36687 41220
43336 50069
22676 66014
30921 46668
20493 63052
48679 89079
34889 49298
19727 56695
34840 65929
4497 34487
18068 96828
46452 87316
15395 22468
12420 32665
30492 97124
135 78054
5608 30978
28342 54622
99930
49
44583 75614
2140 15120
26832 59817
26813 74408
12074 38363
4367 34995
19097 40357
16873 35696
20845 35214
909 88117
94703 96611
41419 96458
27675 42066
40453 83020
64500 80495
12230 64574
1585 39507
47165 77099
72982 77890
6667 95819
46614 98686
54375 76790
3401 17811
16808 75312
33726 47260
4662 73427
20290 28322
69378 85937
2080 97280
43283 52733
28184 82696
9252 15898
4952 86135
22351 71604
34582 76349
42589 67691
21615 83595
38392 53116
30967 50040
33722 97737
11619 94934
32265 64765
80801 81154
30912 65339
55022 68856
14154 91536
32139 48634
39419 46440
29094 74275
99905
12
69078 72600
34548 49386
22412 75646
30256 32730
23851 40607
63565 83205
45624 48239
3295 62813
20086 58137
68733 69825
40650 89469
52795 80479
99977
5
84192 86541
59677 65685
54766 97872
29902 63312
404 33982
99972
26
55468 79769
51363 74628
32080 58900
32852 90573
17241 17729
5319 64587
6958 7681
33418 66713
52215 76196
28209 54043
29439 39965
44200 85123
64190 99127
92904 93510
73779 92351
19200 25061
60443 66882
83035 96572
35094 92709
23779 61020
18702 96351
30675 83432
34478 48811
50868 66658
2496 7833
14795 66101
99920
42
32898 87921
47513 77029
52579 57981
23955 57570
79394 88045
30078 54296
72757 79863
84999 92732
43886 96788
21134 77744
96027 98287
35218 91538
14292 87724
14701 67141
38285 51428
47260 96161
24883 65905
22297 89949
25429 50144
52272 99419
72941 78560
17806 39389
23188 86540
81567 90060
69604 80392
69175 69738
76104 92881
36544 56083
11138 28754
69571 92867
63588 97446
14969 48139
41831 83348
32506 72229
82492 89593
21836 34835
29927 98141
25983 90440
70856 79618
19457 48198
10375 90679
44694 54564
99981
15
20238 88238
39601 41603
28233 86383
4894 25910
93423 96778
21906 77374
43791 84732
47968 96711
56111 95757
48063 57469
6955 77018
24415 50914
73046 88138
59807 98906
45381 93919
99952
25
60723 72051
7638 53160
12761 84090
5871 74698
34601 46305
2355 25485
12082 67684
28895 44124
20409 64002
51934 77262
36506 61500
8978 53809
18763 58600
18854 82958
67799 92875
80452 82182
34627 84606
40765 78246
61709 74132
38748 58932
59993 82798
24761 67461
5696 34409
19989 86569
22282 40188
99948
31
14987 58687
51704 83596
76947 96775
11473 15548
30799 31131
27898 96323
2217 34660
65280 89856
65349 79394
29468 45071
32774 95066
2768 61490
26082 26261
58624 94928
80427 88661
20256 59712
66629 98887
75325 81426
23369 98020
28566 92526
1000 51733
60879 62295
42685 87474
45126 52700
24540 94754
42964 70712
24644 83638
4480 33374
29143 50843
26236 80862
63200 92938
99976
4
5741 73144
20958 59496
30243 85426
6672 45529
99975
28
21725 87801
3341 73754
50894 98031
62341 98287
15411 95401
15260 71310
6732 60552
43546 86575
13978 84191
7613 69888
8701 40154
170 98736
6774 24857
13854 27452
95017 98843
3964 88873
58454 64732
78764 94339
5981 63509
7134 41763
72574 87542
38200 53856
79301 87433
41962 54816
23398 95443
4468 43010
11832 80454
15422 27609
99961
37
42090 65371
43524 80743
11695 96653
21022 77343
49244 95809
18717 65607
17714 71797
48418 96398
44375 70659
94106 98775
72804 92827
5934 26537
8407 21366
39864 97825
75478 93225
1222 82151
34833 77877
36564 59324
15753 83913
42164 59056
43866 88902
17588 31632
39033 91101
13483 34645
10122 78718
1050 58898
61468 89389
25261 40192
3439 54175
12003 84949
74486 76137
20726 51221
6736 20223
43617 51956
7442 99734
5245 99693
19463 59716
99970
10
15741 84362
15418 59311
17922 44419
30732 82262
76023 78985
16562 96838
17077 51480
76005 88009
14793 22966
19700 96902
99927
29
20605 90637
8148 13424
9536 40715
14828 80039
74198 83543
49794 81459
15158 20609
44736 86271
10615 60079
37227 95977
38707 66744
2733 98038
62323 82446
14214 59980
25366 57137
15508 30284
16982 71972
20090 75095
52411 64682
46016 98490
35957 36022
19467 27818
92868 93928
15690 44692
16365 54480
4721 55249
3442 26597
15846 60869
65999 96453
99993
49
79371 93968
43528 79345
2560 31582
51518 57805
49301 97291
62626 84749
25795 98605
34436 36758
15178 20624
63799 71627
11155 90168
6075 74075
59850 96205
1744 56996
33659 78842
1535 70512
73438 74075
34347 80547
40535 94595
10403 23253
65179 95299
88580 89801
60367 68988
25093 59406
18673 81467
50484 63005
72915 97746
5848 76214
573 87411
12571 91493
6031 60714
2686 32501
28647 75780
22913 81159
24550 93598
43262 61237
43826 61448
64839 85273
35616 69580
65536 99315
5289 13583
14956 75367
39793 45922
15660 26237
15587 87023
30588 31908
29504 80964
16922 97748
15977 65500
99964
45
82164 93987
72375 98718
27065 77152
69277 79264
83297 91380
24811 77175
39007 65762
712 45612
25286 68506
24005 65763
45307 64497
26406 71162
6117 96222
70807 90973
4560 29342
10309 22469
18815 31727
9833 43960
60092 86574
11608 95245
41016 81287
44879 62574
1462 51598
11926 27880
15894 85130
5711 39741
45751 75680
23926 80416
25139 48405
11033 31636
55473 79444
89627 99765
28707 72598
31789 50343
2488 43488
8953 95479
40703 59603
2168 91116
6236 56176
20190 37445
35064 59101
26909 91107
2433 25355
39511 41308
36513 56094
99938
35
35912 88096
43865 67259
41206 86952
6751 53410
18284 18439
14283 38954
8548 58669
50418 62541
26122 49223
82044 92216
8620 11872
27421 86364
24617 54601
57191 61190
70369 98667
68659 86596
12262 62877
1116 31555
12669 46868
33305 53973
93215 96854
49577 66156
28651 48899
76728 87433
67248 97772
138 40354
74805 86236
31137 62091
24243 81779
39485 57698
43149 60931
16085 85542
69406 89358
2173 15022
6518 92962
99943
19
2883 52516
38672 71576
93578 98359
92804 98706
56154 93575
71634 90585
34638 78927
4770 86334
25905 82702
39761 65228
21498 33429
79335 94578
15814 47423
68483 83668
8302 19030
40341 60945
40737 65854
16112 92245
37312 52162
99945
28
9946 83108
33473 97133
46953 66885
4730 73110
86271 98036
12455 71963
68664 70714
61745 72721
8532 62713
3734 56828
33655 97246
44107 59289
3355 37396
69852 75190
38122 84247
53558 94815
13539 41527
86899 94553
23482 45848
26655 79358
77137 81236
32312 72221
20763 27060
11126 33048
6354 16014
70518 80120
50088 54427
72686 95102
99956
34
30786 61591
50528 94103
3880 50967
16433 79516
59334 89537
493 51668
63651 75061
76245 84881
26617 42335
27613 66236
33329 35553
7758 92143
59763 67875
25013 63141
63229 63443
57802 67594
4249 28447
30441 57121
5049 5145
19747 95955
21453 34249
40393 75168
22452 53186
12167 87640
10092 12631
2328 36572
20347 92528
22630 55711
26886 68291
18614 82812
15728 68775
20756 26771
60865 95083
21761 28073
99919
1
51193 90787
99938
3
16126 92373
11520 38272
25484 35001
99956
19
440 10020
14945 51789
45698 46641
91168 98147
18296 77081
15383 21783
36620 68250
14282 16458
79380 87201
41085 44136
7621 74892
17998 50874
11080 81265
4484 89801
16612 99084
96411 99086
8005 39550
8035 74842
1093 20990
99912
20
4139 19405
8122 21419
23949 79657
656 43010
43371 70462
19703 77024
36061 73793
26875 66620
8882 19447
18359 71282
2048 9373
40456 93770
3786 95420
16549 81000
28163 84283
33093 78509
69653 74732
23518 69742
33658 34538
34377 45665
99905
14
22772 76526
10176 10725
59076 93082
9300 82820
15413 71146
677 6916
12468 77639
8993 76066
36578 83733
7948 35198
22707 60785
10560 90002
55431 80125
69857 81613
99954
11
37271 90937
41751 62472
31036 72000
16481 18419
500 66358
31045 78940
75247 98425
24568 59758
40784 41689
57312 94383
46948 69794
99932
27
24050 65697
70883 84667
22041 81120
17980 81889
9477 64614
67061 99806
7922 24856
44153 54861
18641 42349
9982 69281
20720 74137
30844 84360
503 90331
2166 32688
55270 74959
7887 64085
16264 84455
16407 63148
76280 83397
26985 75754
4410 76049
69970 94845
72767 81824
56472 86080
7188 13590
7975 81651
6770 28464
99940
45
32219 99531
8658 72237
10009 45147
59264 90916
76288 80287
22237 87091
32534 86691
14936 28762
39560 76903
30230 39123
28715 51711
37653 69009
26037 42076
4299 99061
56412 75255
50951 60261
3225 40306
45191 90321
40693 45941
7097 8160
4753 53080
65051 85216
52463 71710
15038 74585
45139 89014
24165 91832
30471 70188
43374 48826
57691 72814
29540 93907
31301 95987
25306 92829
46621 46942
4832 86815
51645 67827
45541 47909
63073 87654
9341 35327
11801 78634
65938 84682
45208 74703
13903 70413
63324 80504
3928 32999
18686 32801
99964
12
30589 53306
35134 50688
39183 95349
39982 57034
28452 82270
25631 66101
25897 92574
53582 81807
24909 94013
7558 15218
67809 76068
41843 55912
99987
36
41664 61978
10392 33609
51694 68884
28463 49691
14677 44434
44321 77992
65090 78937
10550 65488
17192 72547
13913 84570
56565 61199
27830 66557
67237 69451
39644 94124
80575 97630
25369 85848
5150 63332
10134 77675
13823 69784
53788 71814
37070 38019
10016 15114
89071 98924
40661 87096
12605 62527
5762 69662
63043 66962
62889 78611
5445 17964
36341 69338
3648 50686
53901 55140
15596 60810
49614 95128
64108 70633
47954 99779
99922
35
70474 96300
75218 86768
17796 96565
56331 97062
13012 69283
6004 66691
17890 62270
38719 40003
22914 74223
30879 80377
17991 70952
15987 51698
23003 65680
15347 65123
15025 41073
77324 86998
4380 67556
47434 74644
50455 70045
55298 85802
922 61089
30118 63604
17311 80063
78627 96615
8638 17265
38311 63121
29444 73873
2953 11876
56745 67544
42751 91258
3183 61904
52650 86836
52052 71222
16462 19885
37742 41001
99986
31
28032 46275
7756 44363
68991 86577
2376 78831
40184 92584
14816 26147
32380 88161
17536 49539
9023 24636
24468 93545
21362 57679
47859 51810
23144 75624
54316 72235
51861 70127
52167 69762
24841 93125
69109 71701
34626 76623
90499 94961
18803 52803
61565 81820
56919 74484
8087 54444
28024 35018
36883 91403
27634 99381
7146 22280
19117 33676
11423 32318
17354 55091
99947
19
52914 86955
27946 41752
90564 99648
3278 93115
61489 80386
67478 73511
15582 28503
82549 83722
56442 94062
305 68111
9461 55537
52531 72836
5976 49526
13443 93270
54757 94531
19243 37728
12323 93026
8691 39261
29486 83495
99967
17
2205 38892
24273 86072
62305 69699
22773 25340
71461 90290
4570 33831
11015 25029
34619 80507
30282 97329
2498 60559
14934 16834
10091 20166
5124 77209
50646 67452
5582 97972
43998 48603
66424 94664
99978
8
29672 88118
2421 17571
41991 50481
22162 66566
66955 90923
400 81108
13887 70573
4561 14144
99956
19
659 57136
64014 97847
51805 70169
50949 69099
27261 35380
9400 41730
10558 82136
488 58485
5270 27700
39280 60627
35923 61199
25522 92088
20898 43711
30223 89539
1254 98392
11766 46021
8798 72590
14876 21308
37675 57709
99955
40
27395 70618
40096 82831
23394 41563
17717 80093
73442 83180
35190 46427
74900 77988
67606 95737
55362 56705
41750 91671
71088 94519
14583 15589
8367 49184
23893 81275
43697 66091
29239 85243
77560 90511
68845 93117
3506 57435
69186 73199
24362 40234
12341 38844
27936 37188
20231 55537
61385 72992
61470 81655
54371 72281
32416 73110
49742 95975
542 28744
50165 82465
12984 59634
22327 42925
32948 46188
4420 27623
16506 43328
33559 81959
31774 50706
7633 81692
50943 90628
99941
26
75027 79984
42166 62062
17491 90869
54077 82595
43523 57633
56906 76848
2448 70642
23250 69477
7905 22107
24295 41489
52791 73308
9403 37386
34250 83284
12765 58897
62567 82644
11427 67459
64833 98936
4252 19026
2596 61862
35100 70430
27232 43914
67009 69223
1710 26568
44480 96921
85214 95849
20341 81493
99912
2
16556 80563
38997 50745
99905
17
38634 78303
44342 73714
3878 89867
15678 63902
50570 96410
61345 84087
8245 19866
38813 47095
41369 50119
32481 56801
24495 84825
16053 67877
54058 55658
43108 67343
8580 71808
41321 66173
38950 87093
99927
30
176 52194
22842 24820
3655 56893
29 10109
40058 95148
77123 94487
22781 64714
16993 31184
49376 56682
9140 25716
49492 95640
67321 89301
11266 78744
5438 86983
19990 80378
13520 30265
22155 73074
1811 19664
10002 19501
89321 98847
1615 61592
73452 76842
10689 84154
77677 86185
64490 69291
8091 62306
65602 72598
1281 77755
35147 54756
86958 88656
99909
18
68604 69117
39910 78831
11754 96145
63745 82618
31539 44892
13592 17920
5098 28501
19015 55527
53051 97048
45576 76492
42617 61554
82572 91505
8405 29551
1220 31547
4684 97683
1224 96833
6104 67097
63583 70492
99935
21
57656 86393
11508 58992
18501 54555
60829 87672
6476 11795
27453 30733
30771 89591
892 82347
9561 80715
59014 81784
15519 94069
1931 84248
75263 95904
2660 33305
20092 67275
39300 88247
39995 93187
44193 45426
53473 82916
30169 57907
18173 80716
99987
4
54325 78896
33390 58672
37467 40478
46295 76889
99929
26
80352 91323
48609 55967
1646 45227
54638 76531
32751 92980
9080 65080
4608 46690
41450 41785
64133 76118
50813 58958
26280 73476
28013 60333
13765 95552
8102 28724
44931 75287
24643 85935
60299 68021
26104 46000
14282 52386
24590 95309
40054 49566
7083 66605
22512 74490
58620 67691
54805 91031
12209 97045
99974
2
15330 24356
42855 96849
99969
31
8098 61694
27238 65321
2687 95016
46984 76406
73014 81015
27478 76109
73940 75010
38100 55591
60513 94446
15443 49227
450 17069
18569 33144
40231 87860
977 67070
26228 28381
92200 92871
75360 79880
52172 99264
12838 22544
10028 32644
18702 94980
69800 75148
52818 53575
58102 78302
7870 9020
12125 76273
19828 92722
64712 84787
68752 85182
55259 63008
35194 61104
99904
22
51515 81668
58548 91055
42620 92109
20378 56214
16427 96403
41033 90483
24870 65572
1288 25795
16244 77046
30901 76955
40426 68951
54741 75875
7703 83775
44789 84157
12624 67890
2644 98608
87804 97716
35771 42195
29353 58117
621 7509
17041 87890
42379 57005
99978
14
27273 59100
61495 65474
43802 47729
74999 92301
27038 56121
6874 62297
8263 52823
28321 78873
56504 76692
58160 99569
31100 68186
17888 90526
53536 83780
15654 57398
99998
50
16619 66516
28074 74514
65795 85014
46604 77176
16693 92863
16044 47958
30334 53012
22703 44851
156 21763
2952 97594
15765 67393
59093 88808
6681 52011
11470 18142
41868 86077
19732 78614
5678 11633
87409 94157
60621 71892
38674 81193
16386 20406
30553 35418
12990 94861
12932 83650
78297 92293
19258 80018
5884 30696
9245 9298
49943 59417
1306 25134
22134 56988
18061 82544
18258 62554
69690 88514
19916 93790
15986 84689
77282 92654
4207 25278
4900 46723
52932 66555
43561 99464
25551 89121
70364 99423
13412 16962
27068 55506
51381 79639
79501 83443
8654 84855
9686 12596
19401 20925
99910
32
10570 46928
58809 72384
4037 50180
8262 42781
63196 73295
23096 46489
41659 74562
23480 73199
40280 88922
37193 58841
57592 80478
27868 47982
21095 32777
73212 75448
20346 39756
20434 20854
5224 51168
16175 41606
21097 42673
47735 87272
24462 90146
81859 84215
50482 68719
4380 13725
27544 41773
10621 83357
3920 13534
55822 96492
64574 92586
13575 24544
3677 24350
30670 41944
99968
1
29018 66051
99932
45
34737 40845
54683 56099
33061 91006
31814 46614
44311 66140
29596 90004
23478 33001
59603 97033
89961 98925
12040 46602
21855 56539
20867 29601
59703 73370
17906 77326
80905 83719
9096 39283
1941 77405
70923 86013
11998 53579
14872 25049
35411 84854
30236 63659
42087 51460
51280 73950
29769 63298
10495 14923
54917 83106
12760 15648
14388 83595
47110 99781
1901 98466
92001 94645
6907 11790
25404 84930
35251 76434
11784 30305
49039 83442
69055 92834
43682 69056
19797 35765
710 53502
5687 65347
17562 81491
32979 77037
5986 80653
99972
14
80603 88103
13038 47057
29684 69995
862 51656
3369 35352
11003 71925
45463 49244
67227 82474
27323 93820
57719 77314
40928 58130
49301 54003
81002 84175
36828 57056
99999
36
60679 85618
13126 45851
4749 63125
24057 82614
4745 38524
26344 81307
41514 94102
31761 67658
57822 79273
77200 88422
3314 27434
76193 76267
32514 50502
1305 68764
46062 69906
23258 56058
4320 15416
54636 88456
5513 45104
2863 46387
14855 80041
21214 68630
77579 83714
69619 95035
1952 64689
63800 86541
31322 67873
31921 81643
31927 46365
38136 74794
8499 60183
1879 37607
4524 6563
14532 35083
31827 98328
39762 86583
99910
43
5739 22604
58118 66190
41784 77316
66806 76767
19876 84617
68154 99750
66053 96658
27408 87851
69892 87784
6698 59349
52656 61198
56683 79432
13725 98398
46029 51815
2252 2842
41873 60981
28536 44108
83360 93186
13989 44677
54699 89450
20490 84249
8256 63650
35 13908
10882 20354
883 70846
74266 74355
15385 66418
32865 79969
54539 96090
2746 97563
52700 75402
51065 60373
567 36254
17488 24174
32232 78762
17481 46110
47207 80636
14782 34479
44663 63688
47136 88275
7444 80355
10379 52480
43752 62316
99972
47
18494 54602
19572 35905
67030 67704
41836 71188
37883 92776
6111 91856
58703 96993
53685 85289
57002 61940
24279 46073
8552 41833
66215 79474
12186 55095
10252 74986
19207 68743
28162 32140
5212 50697
8620 71455
79654 85316
19748 71371
34136 36645
26494 99072
37430 67238
15316 85233
47798 74118
19533 67032
52792 83977
3702 12096
44635 55039
48201 65517
53379 64332
14374 21093
52380 74984
83920 96751
18663 68609
33754 36914
1623 16975
25484 43229
81724 93678
7543 34901
26405 63902
49054 82347
41628 80571
33800 80708
13710 54490
7271 52656
31111 73332
99965
22
42191 91145
26131 94489
45401 84027
92019 99615
20345 58322
75654 93255
45996 55056
11422 21782
33213 42998
52488 56103
21843 73979
4847 84994
16002 38696
73027 99802
27649 90144
11486 74349
2713 16617
59147 77052
8206 51188
8956 26259
20666 23147
51485 88969
99907
26
58536 74932
77195 86707
8957 40819
47756 75643
13180 95245
46795 97250
39942 41653
13990 32248
28742 93791
66186 94637
61296 97662
90119 92432
1916 2637
16433 60166
56863 84105
14584 91429
11533 85800
7216 79230
2769 48417
43247 59281
16489 83526
38009 54890
51656 68600
7761 34030
21628 63485
38137 63525
99995
48
37620 75851
30539 68258
33144 91451
52609 74196
350 90876
19992 80582
10312 76967
17686 43180
2476 60653
68660 70840
618 63758
22902 31456
51490 94871
69547 86378
13523 17921
21459 98511
80330 90019
65959 87949
36303 66976
7569 72743
49921 64897
1551 42617
50666 58456
17089 91214
46642 84491
42644 63262
76908 95771
95159 98889
10239 58509
24662 57813
29170 56889
80517 91329
36268 48938
16545 74194
55428 73266
25654 73749
46470 80827
593 16759
26931 88828
30377 35383
24199 90918
64725 80255
34958 99510
51300 52460
15753 84810
10646 95096
54546 67273
76505 87458
99938
1
79999 93226
99910
24
28117 90329
74978 94543
67189 74015
54595 64620
9976 95461
34180 77301
6167 21625
26484 53615
61582 97971
189 54751
29286 51435
37134 61492
32904 52326
12604 75439
81861 94477
9153 53399
66328 77088
24602 71386
81738 89275
10117 42908
75181 86928
25977 65375
58516 66348
12134 13162
99921
19
17777 77111
65472 69745
10894 37970
68189 93170
73862 89267
65434 83546
74089 96827
20909 71129
87221 89328
19448 35918
25530 48011
4633 63735
63080 85873
14112 83375
35161 58637
26247 29545
3673 97681
28146 54789
15851 77664
99950
50
24575 96280
12042 92017
12941 58554
6293 70471
73945 93334
6430 34133
28881 78157
83424 88581
42530 87803
2072 68946
29439 70074
22506 24330
13549 35558
50129 62270
30419 94130
14087 50929
18268 39252
43676 90715
53305 66254
1640 17777
56410 70639
43637 98678
73885 98346
60009 91265
16888 80261
76533 79129
58960 70845
35659 80415
31093 35803
64576 81580
26711 52606
54692 78285
87923 93219
6512 22650
61623 94251
74028 75134
1956 18951
34503 90565
53990 93735
16489 38275
21526 98558
6129 32484
41751 93534
44291 73301
65807 74995
22503 44909
74450 84713
71415 95688
39121 45682
21407 80180
99926
15
85169 94312
42379 93244
12992 23858
24947 76117
58518 95955
16340 32604
25251 52361
8220 88925
45607 81341
6561 46401
44028 69295
7712 60756
9725 18952
18365 52901
53902 81409
99923
23
85710 91270
24368 71138
56841 86631
42832 87289
24151 34281
20922 51163
23189 94091
15261 87289
14574 36423
7872 77035
36247 78300
179 27671
3032 74475
30774 90486
41848 74847
23955 78215
31948 90173
36460 59267
4290 57099
15735 21724
5339 92374
31254 35277
62277 99534
99925
0
99901
0
99981
7
3064 73842
21403 33837
56343 73425
67612 87806
14030 61609
71887 89623
60348 97694
99931
28
31290 92645
12049 15459
6188 30801
32445 64915
56489 89118
11760 62790
9578 61947
1773 46051
19371 38910
39898 81892
7491 84421
26479 86671
8513 51808
7008 96806
16986 30266
30459 75675
94838 98581
54498 66283
40995 74959
206 75339
20912 47831
30905 55628
20810 45006
38304 91954
55942 64158
7042 52658
5788 98104
32472 97561
99947
5
19311 62699
26674 79085
76896 84732
35256 57530
21245 84599
0
