1000
0 0
0 0
0 0
0 0
0 0
0 0
0 0
0 0
0 0
0 0
0 0
1000 0
1000
1000 0
0 0
0 0
0 0
0 0
0 0
0 0
0 0
0 0
0 0
0 0
0 0
1000
0 0
0 0
0 0
0 0
0 0
0 0
0 0
0 0
0 0
0 0
0 0
999 0
81275
28637 5627
23631 7419
6835 4086
21851 12767
14285 12060
42632 17543
46320 21183
52532 25566
25473 4978
21678 10311
47085 30054
33027 13145
135261
43918 24851
24407 12754
33657 6561
28816 13628
36228 32085
8373 6967
37568 24165
50396 25562
32273 31353
35247 10444
27280 7962
2749 1422
75615
22564 3894
24507 8259
23386 7757
41912 13306
25728 13990
13930 12516
22378 5262
26006 22825
38477 13134
19255 8022
17296 7536
39050 9979
81763
38373 30729
29168 27475
39653 25514
48609 22088
14373 5202
32751 4434
31397 24582
14239 4586
33480 26306
41899 18451
8907 6473
22303 8193
127283
18328 14162
22790 14997
53701 32310
27725 19799
40790 14905
18192 2582
13052 5000
51085 30965
48019 32380
50589 26204
28200 12475
20479 17265
84384
37706 14619
4672 3123
42321 18065
39874 18973
31770 25613
19166 9899
32011 22413
32237 18526
24612 10046
34524 18536
33504 19878
12660 4273
70519
29605 11483
30272 11744
20948 15585
25800 20159
27751 18176
55941 28578
57029 27685
37202 19489
26972 5511
31271 22626
30199 3496
20140 6270
57943
28182 15725
33016 16542
28753 11531
20976 3952
43909 19894
29523 18247
45643 26278
30722 8746
43943 18092
58251 29088
28464 2231
50838 29732
57666
18765 17574
7484 6789
32099 11735
34932 17040
32014 5035
1942 1092
32585 12390
21199 668
42270 29989
36872 23902
51757 32186
10941 3680
103585
25571 13708
12682 6681
6285 2499
31043 5214
27229 1322
32820 19628
13495 7505
31004 20129
21420 19829
18430 12388
11608 9833
5061 4719
132885
12793 1282
8269 4795
9219 6469
1868 879
59886 30134
33244 28364
7864 5629
45477 21332
8599 3356
7067 3079
25786 807
32271 31357
49507
53842 29009
22128 16696
53862 24999
45045 16369
31778 24077
21531 1691
45218 28703
24649 22229
36081 19817
48667 19324
30391 1462
20589 3546
53931
42037 16642
34476 11612
51895 29910
37114 23126
7663 685
47526 31050
27491 6365
12874 4193
34069 11011
2496 1249
53381 24731
28754 20774
91218
17537 1645
37347 29408
33487 17285
39352 28018
11120 4058
15685 3784
20973 6684
43843 27141
40311 26853
51891 28528
40139 21087
46344 31235
71846
19915 14157
22710 5222
29239 18945
16371 11200
22256 14305
30209 6601
13591 7214
39234 13865
35245 27215
17026 177
14036 11337
31630 23099
70126
27226 14885
42376 15227
30400 785
27229 6476
11966 4236
40878 19668
55127 27519
12141 5142
34695 20449
21579 18638
36207 12481
42785 16738
95748
42356 14785
37989 25356
47840 27289
34738 20312
15413 7357
36662 16252
6737 2384
25608 2029
29764 27882
22945 21577
30404 11502
22377 21012
105114
37284 9619
50734 21293
32243 19484
21611 15400
19479 4144
25224 22704
25910 23789
45484 21913
15139 12369
2481 1594
20410 18093
38828 11188
70536
22159 17097
29190 27943
29138 12292
32441 3962
48936 27584
33739 32044
21212 16498
27083 9737
52546 28482
34768 24946
22133 19265
16782 12792
98295
26092 25745
37805 25825
30803 18338
50031 25490
28696 20599
27187 26677
30014 15347
26989 16316
22810 8163
42782 12817
45356 28871
36783 6846
91817
27852 27445
12751 11638
33617 11101
41912 28014
29569 21452
14290 1364
34310 20465
26728 25032
32040 18585
18380 92
60922 31755
52442 27412
139352
15465 11805
14884 5838
41954 18182
27731 12354
37644 14885
24837 22934
32304 6159
36892 10045
47184 17401
4948 4167
26634 24287
43366 23402
106395
39854 24313
25547 2528
25334 21618
21672 5402
26710 18242
22647 22045
18845 18286
47820 22674
2262 1019
47067 20197
8356 7908
35812 7327
55539
35383 10701
12419 3524
52074 27276
38033 12511
49520 24311
29271 26359
45907 28759
29560 26683
20905 8571
23655 16331
1212 577
43724 26663
95647
31991 10519
28990 19641
23954 23391
42142 22184
27707 41
48707 23363
31045 2410
21074 1006
47222 26660
43087 29323
29080 21307
19696 10683
70165
25682 24754
5465 3417
31949 12018
39830 17621
35767 14669
25217 20555
34553 12444
42334 16760
32883 14544
48799 30610
42869 24549
49345 24081
82570
47151 26278
6518 4029
14711 13359
38996 30279
43749 20560
9378 8583
37026 10687
27923 23935
55661 27703
29779 10212
23921 10553
45115 32047
90482
36868 30908
35631 30169
51252 27323
61454 32149
11873 9149
38808 32584
26694 413
23746 12389
22419 4887
13854 1555
35950 9490
39094 24911
85067
12979 5811
33080 20794
41615 13771
17939 6684
56187 29227
36534 27448
9737 8526
34776 26131
30179 11552
51259 26110
19876 17828
42227 12559
89480
13201 12410
44722 25985
22528 13952
19860 1375
41863 24922
12257 1557
33234 31408
10514 8213
23841 23680
50890 28390
40484 32716
29678 28079
108248
42718 16490
42128 30112
38263 9512
3568 1015
25364 19164
38323 30464
36018 22212
21154 15444
46794 27377
29335 21994
59545 32706
23300 9707
70001
40991 32203
25114 23915
37832 13424
34145 6490
34903 21593
15110 3072
6784 5087
30974 23526
33299 17497
20204 19649
26911 25891
32633 18267
111312
53250 31440
51714 32626
15528 13158
15369 2156
32627 22434
3428 2541
32878 8766
39780 27574
37791 22418
23695 22113
30872 7670
32611 18714
125898
34256 29918
12430 11064
38693 22970
23109 20907
25005 23379
38985 29779
43904 32365
44847 15233
43204 19999
38214 12028
36372 20029
17734 7237
54441
50929 28918
22483 15693
22186 16740
34488 18015
25249 18604
19887 15225
34841 29999
21264 9674
34303 32687
32428 10566
29354 4489
22739 19266
78712
45168 25997
30011 12120
44979 29084
53241 29905
53947 28248
37525 31271
30895 30276
8230 6274
37458 14266
22637 12403
22970 14779
31670 6556
67145
15914 15202
5591 380
7668 5371
40800 29210
16470 253
9659 3574
34327 8667
9562 8169
18790 17558
17293 11377
52197 23512
19093 18476
78941
24949 7168
15151 5255
29705 15439
16166 7270
16743 11154
48583 20688
42810 25012
56356 32485
38404 18351
33354 12885
10246 6584
53351 29030
84055
17412 17192
8305 6230
14310 975
5337 1180
19179 18148
39143 30635
48476 19786
46201 17662
18081 10640
27295 4358
17073 3818
37966 20093
74365
9904 5652
33506 24526
33482 31998
39046 12313
44376 16417
30426 17192
37063 23956
37058 24591
37614 27364
17936 10309
52039 30623
33777 15121
76459
22038 19695
18619 4700
26633 23942
15836 15245
40379 21049
14854 6281
39450 21617
34371 16092
23282 4304
49509 21574
5004 4369
25050 16881
87265
52078 31225
18387 6446
18669 12436
33000 24703
14029 11392
56173 31976
34807 21150
5956 3332
39282 13400
54226 27607
30154 11662
50599 28314
103089
32176 12750
16382 1222
21839 706
1705 36
14241 1366
29194 24125
31130 18699
45277 31833
24482 23574
37483 15007
24672 24356
28823 11308
74357
24386 23310
30458 23491
22438 13309
20671 1544
32626 31886
45917 20435
6244 5531
31919 3889
26107 16846
29253 19533
49010 20975
17999 9374
99450
22326 8643
23463 3853
16010 2084
29839 29409
37008 27534
23443 15371
7523 5213
31091 14636
20186 10901
38235 10591
52104 27255
14651 10295
67978
32119 4310
12648 4347
25411 824
33623 18752
26131 23056
16842 4957
13365 3773
32220 20435
30683 28517
17201 13351
28424 1185
33011 30321
93968
47571 32569
33827 11662
41529 29779
34172 28651
8676 906
48527 19894
35369 13783
32785 6719
16251 4532
40038 25949
36530 20382
10283 6735
69560
35245 16549
21720 9526
31688 9028
53668 28708
18559 5450
24920 24597
17079 9535
18539 3288
35217 20630
49234 30937
53647 26044
2280 10
83496
36096 25812
30770 6482
6950 1463
37899 21360
35189 21976
13150 11360
27553 26948
24630 7407
20988 8150
53104 25713
45828 28826
31112 18813
74344
34530 27986
30360 21739
26879 26570
39409 18734
5462 2557
20984 4343
44095 25365
31721 3802
40517 18433
53521 27082
49282 19675
21882 21095
97062
36628 9857
30061 6833
33357 26720
25392 1877
25587 20365
25712 23079
21191 13334
32287 20856
11470 10264
40487 30095
32539 26875
22610 8772
57631
34242 6420
58238 30760
19720 18976
33875 8038
43570 22510
21769 21367
20280 8544
34011 7803
23251 31
24522 10857
8742 3179
38023 18363
73038
20666 3188
40120 14394
20661 20057
40722 25377
45999 16071
33590 25840
25769 23283
11631 4219
28524 13265
52872 30445
44705 19501
28428 22845
86370
57312 29777
29265 7940
22619 8685
13855 7073
57567 27844
48934 21471
17866 16602
7719 2126
38705 9647
45058 32763
22710 22384
34008 21372
97403
27171 4764
38080 32047
28158 25690
17398 5344
17744 4730
13646 10901
29757 124
5682 351
44947 29239
19946 4975
9512 5597
24839 17012
80086
36611 26889
9316 5210
30627 28826
32068 9647
26880 2523
42352 28249
40585 10868
43919 17683
40823 18799
34136 11884
28918 28874
45559 18225
101266
5315 4282
12543 8817
5156 4744
19371 5491
9355 4295
42856 28792
10850 7189
22989 19195
17616 2167
20244 83
7237 6713
53222 28151
93411
30538 15649
21191 9454
43550 18262
50878 27940
47599 29537
56986 28090
39205 17128
23186 18667
39529 27019
36220 30795
30221 20948
42106 18832
90058
45705 18206
27759 8882
48806 19666
18115 1166
30572 1739
19307 13865
27530 787
6655 6605
31424 11291
26750 25043
4782 1914
49498 25534
65534
30911 14015
7362 1989
21709 19540
37398 27655
43814 32470
54940 30700
36875 20703
42384 16087
7628 967
5637 1211
11654 8948
16842 6212
96084
29339 20911
29540 7755
45857 22539
17929 8265
40772 29358
32998 16023
47914 22679
18533 14000
56146 26523
29244 18746
7275 7169
36276 8450
131947
49893 21617
38661 10580
40552 13963
34336 9867
47108 30154
20031 1157
35623 16387
38768 16020
48967 26692
3130 763
41415 25467
46008 19840
89605
49877 26318
26794 23803
27977 18630
29039 21013
27337 17501
35856 11543
37253 20488
11690 9924
15979 15469
29612 6295
17514 993
39003 11936
84237
57286 30680
31060 5595
45475 28709
29143 20889
48695 26215
44661 19697
36124 23572
9381 2490
2885 384
19711 3542
17957 9958
33137 31007
81945
37481 31032
9854 9102
29170 3751
34273 28277
38257 31529
15036 13078
37061 13277
33763 10504
52487 30689
42367 28699
23584 20148
36789 15378
56247
23085 1038
56048 32766
15350 7772
32416 5846
17573 13869
17531 15925
33112 17876
17323 16810
22904 6358
27699 16922
9509 3157
18316 6659
95006
37186 17389
37981 26892
12706 2729
21531 14022
25769 3654
25193 6480
25362 1596
28721 20444
51835 28609
4073 3782
18226 2571
29319 3113
95459
25971 6652
8055 6016
40658 17012
18381 3952
43806 19439
18127 17204
21918 12398
22301 678
39293 30633
25576 25058
32114 14814
14834 5881
90805
36552 25799
26443 11011
42977 26756
24343 23556
35815 9189
34604 23283
27573 17058
48177 23650
27039 26978
21223 13282
25962 14038
15736 8329
114130
41886 31585
17563 16555
35304 12829
36257 30666
10662 7402
34211 29451
17091 6304
31942 4397
34889 21512
35645 27486
31547 24581
57242 28482
70299
28898 26183
25247 8724
25560 11061
33047 7999
15665 3672
1016 744
31160 14214
34897 22384
27082 6565
13752 140
40341 30625
35751 24223
54950
45363 25140
29358 28615
38535 30294
28858 15599
24745 1420
39208 31176
21963 20429
32274 32118
29846 27746
50576 27743
36458 19064
17232 10646
63808
30519 25282
37845 22460
24409 606
10979 10316
35876 18558
40821 29493
29495 3249
27802 6044
46790 26145
16806 2100
40476 27500
49661 21631
73916
40057 29866
36682 9393
35861 26282
11543 2378
35311 18767
10794 8888
10868 5063
60810 32150
32877 16553
35838 17604
58477 31205
41403 15674
83419
21312 13047
11413 3100
9685 498
33101 13522
11792 10865
33441 9286
40154 18122
48624 25989
24015 18281
27047 7388
19976 7312
44350 15856
86632
32908 7940
30921 29038
17868 17255
19111 4370
15505 3502
31191 29185
33198 12528
30984 29110
12071 10231
21325 10410
26348 24456
59962 31618
41652
46649 20400
43608 26148
27983 10092
29051 18872
18997 15656
29658 11632
53659 25159
37496 12130
22312 21039
36677 24447
13447 11499
28517 24977
104694
17165 13049
24334 19284
35267 21529
19346 16247
22428 21271
33540 26678
2571 1793
45796 15984
38983 18571
25976 14312
28471 17852
17408 4307
73766
29324 8699
3039 627
34800 10115
27941 1713
39342 24457
33536 31246
54099 26556
18438 10879
58051 28845
38049 9954
33164 26702
20848 17370
78453
36269 26956
33184 20761
37561 22634
42796 15463
15106 886
17582 3379
27682 27030
33567 6171
50927 25789
17591 6967
49343 27062
17703 15112
73325
52920 24359
5056 3273
40232 15634
31798 3919
42788 18720
28249 24082
30001 4419
23641 19766
34233 10142
43335 22212
5464 5087
43793 29034
107442
43907 29938
43702 24807
9976 6205
31429 16268
33708 22690
27025 26722
28154 27736
35208 11961
40624 12861
49229 30755
32320 31034
60733 32702
78966
19526 11645
14717 5594
4325 3508
20979 7903
45773 20090
28194 15055
23971 11378
30465 9603
42063 20909
41695 14120
9641 7403
15674 13275
77688
37990 28637
15720 78
22038 17568
59449 30668
38049 19923
41068 19246
39713 26453
6094 5313
36787 14766
43511 25484
24864 15324
21065 12277
75576
36333 7286
30139 15082
9200 8774
17162 15367
14295 4306
19720 117
40374 17940
14760 10303
51117 31271
12118 12069
34807 9052
21794 21524
76511
18206 14398
32354 25765
22596 21984
15500 10103
21100 13810
37952 30554
11879 4837
43301 27643
33854 15241
46399 30567
34840 23096
21521 3856
96521
54365 26332
39224 26225
50542 22853
5801 3799
27829 26255
9245 622
32921 19628
25520 6827
35503 23373
44675 26760
14542 13271
28232 2776
91991
15808 2523
26272 3381
35656 21481
20314 9191
7654 7515
33686 25973
16125 13110
16637 2600
50910 31685
6283 765
18116 9760
38126 12815
88668
55757 28434
25173 24768
14134 3780
20896 1996
30846 15304
18357 15522
24116 9313
13011 7123
39441 28314
42469 16685
29067 19238
51083 23549
89548
28890 27088
31676 2381
14593 11453
46711 23608
25121 106
29071 28826
23126 6732
24812 5162
24335 20658
10809 9690
31645 11697
25709 20640
83107
51425 23933
6535 1374
31366 26997
18176 16377
39895 22988
31236 15694
4935 4836
19118 1262
51290 25827
43391 31957
49301 24695
26494 17037
81608
14846 3030
27281 25357
14564 6557
34692 5480
25620 18667
18640 9026
46848 31766
13304 12526
13488 4631
35472 13355
36453 28626
46382 31829
79415
17387 11970
34542 11661
21134 15858
28447 12879
54395 25175
24088 23271
47980 25462
29174 18372
36532 12811
24930 21987
27717 9633
17067 15304
80573
31649 24286
43907 27777
19492 17984
37839 23291
26205 9030
32858 32213
32643 23286
12950 7741
20750 15466
38364 14389
54950 27520
13213 13090
53672
36389 17237
36860 10816
24568 14670
33912 5050
44797 18176
29033 8006
27802 6933
15424 4042
4142 3016
41984 17737
47712 23655
35268 21689
125367
20771 7080
30285 1902
30445 9769
29014 27134
45792 16638
27862 571
29052 25533
26569 20554
31140 30902
30858 28475
21954 11268
42043 14581
31918
5044 5003
40977 28518
55649 29074
30258 5008
10950 3849
46703 20760
36547 31347
25600 9835
30091 15543
4560 4494
54613 32119
26953 20954
58652
14341 12956
23949 8413
44922 21245
24097 18677
15612 14554
19228 18581
29657 5905
13297 2445
55487 27797
29059 28892
29011 4825
35535 16640
94930
31592 31539
47656 18519
9616 1716
11697 8073
26858 17805
25446 12864
31653 20300
51401 25783
56340 27806
25120 23214
28280 27022
39798 18950
104025
45565 32525
12532 12354
9812 9066
14827 539
20572 5583
18879 4082
33155 19132
29458 13133
31064 28231
46507 30423
25908 9452
27231 25103
66897
9284 3419
15538 194
14173 6187
49090 22060
30425 24521
29875 21926
21926 10292
23135 17527
47773 27832
25036 23623
38532 26380
4453 3488
107637
45907 25783
24405 18135
18815 5363
37956 15872
45157 31884
28800 21139
29751 4169
32485 24558
38019 10178
11415 10171
41742 15238
20509 18941
91610
32766 31951
35590 20336
49146 27436
25682 4224
33415 16114
37655 18610
30760 19952
23675 22605
11306 8800
40260 29005
42224 13796
50051 24762
96013
18350 8453
41085 20098
38663 21450
50201 31592
45448 19503
19660 4127
32245 5896
52099 30424
3647 2141
5786 2534
26537 23034
29252 21292
84822
41200 20342
32475 28607
17554 9013
42313 18277
17942 4817
29236 9314
38257 25343
5410 1651
41065 17518
50460 29761
40733 31139
29814 23202
75823
38289 21653
20737 12379
31125 21118
18400 1526
58453 29072
51066 28885
38333 24132
30716 18063
32863 20322
7569 3300
38097 16359
38417 13193
94123
35063 14996
27872 9363
32996 21101
12456 720
40331 16926
50288 24510
36297 9683
42671 17200
42604 14125
31777 21656
6097 3331
27605 5921
75510
23987 18923
49404 27057
25720 12317
27709 18439
35984 32036
44715 19358
26372 12632
47778 19548
21384 10909
27328 5643
31026 19640
20153 10108
82744
19981 7073
21519 19256
24792 22792
52864 26867
8624 2901
48586 24847
34473 31729
10361 10266
32463 22697
16892 5592
43344 29773
27935 15691
93198
51412 30031
24806 19234
21213 19999
35194 21711
29994 6758
30981 9611
37264 8672
13162 6547
13900 2767
39833 25066
15848 7080
39345 27618
77435
36680 29997
8122 7789
57258 31401
24208 22763
28575 15478
32692 15657
34533 5110
6129 4801
32469 29393
28418 22167
2690 880
10287 9654
107867
23146 18003
54893 26650
20640 8250
44678 16013
56406 31815
13886 9255
23098 13631
4070 3414
18356 7313
20490 1760
21519 6246
33534 16596
82985
32874 6416
22766 16777
25528 11907
12883 12429
8162 6637
19577 17323
25556 551
25747 24923
44664 15000
41638 25948
29730 23191
15493 3443
88433
47126 22123
46487 19927
26990 7916
27383 10618
53672 23829
41761 21671
29477 28973
49305 20077
47350 30462
36468 9724
37697 23360
30469 15344
85398
13939 10450
23607 4476
55932 27290
45265 24176
36360 17568
43345 21758
13714 12061
42051 23940
36884 13080
37577 16149
31483 1960
18853 13589
91066
55322 30885
33019 8138
25997 2649
17027 16059
4722 220
36331 18640
23814 4105
19561 15239
44235 14920
26932 3569
25645 4179
21893 4964
102717
34917 17169
50521 32029
35026 29820
26493 8503
30920 5317
49816 31355
26368 12717
48992 23851
51387 26995
29061 1692
39372 21744
35581 31410
131396
49071 23898
52841 25578
14891 1493
24745 23420
55105 28710
16996 3902
12550 6186
9255 6397
20744 14080
46873 28866
28976 14383
56353 29663
67294
25518 82
25347 14333
22534 2381
27423 17111
49619 25366
38482 17151
14082 11543
27673 1872
36009 14804
24439 1671
15732 1258
50805 23457
41648
25727 4474
39878 19533
42343 13616
26726 18176
16321 3503
13148 10053
4242 2648
45909 18932
47598 31668
35169 32632
35127 24827
13635 4666
85589
33879 15223
51487 27325
32969 25836
36810 10826
10725 2948
48507 28121
41866 31271
37043 28175
25609 6119
17683 3634
43690 24796
33069 18020
101060
41760 19382
41593 21551
13573 7070
18643 3915
47325 27744
43519 29090
14364 2624
18555 3948
1266 315
38375 30713
18359 15861
33449 11898
106033
46474 31197
8379 407
29081 17327
24686 14306
19575 1132
50495 25552
37050 11722
37103 16697
12429 7336
38438 26817
27254 967
40570 12021
104842
44752 27322
28204 17705
37113 14542
21224 5808
31593 5042
35270 30147
52025 30844
19595 19106
23378 20161
37200 8155
53016 28643
47472 22648
60622
14198 3270
49447 21913
52902 23512
52134 30790
21999 8958
34204 20925
26988 26946
35034 11366
29910 20806
36607 14482
13474 7388
25019 24443
78585
34135 28218
50745 24127
31889 29589
25010 3432
47139 24390
21060 20541
29046 8320
44227 18633
13109 1386
33328 31693
7199 5074
14302 10060
82518
17440 10648
6436 5829
36306 27609
42969 16319
1278 348
25484 23011
30782 14338
43314 28990
23395 17051
35683 7000
40651 29804
58381 29965
74919
27716 16755
14228 4380
52405 31283
15214 14594
20580 2904
38585 29142
17071 3475
26313 23822
18641 53
59723 32231
58632 30261
50132 27477
56296
36162 10273
11534 1299
39365 18431
38991 9048
33602 25753
37183 12557
11069 1242
27611 27256
31482 19052
19409 4817
24327 15385
35695 19465
63728
27511 4222
24438 19084
5956 3863
30216 14400
47426 31314
17839 12077
19090 156
39553 12897
22313 18263
12358 5627
39981 18240
47905 24437
65503
37298 17887
30212 7173
16019 15899
48458 30462
46515 26776
18299 2595
44322 21495
28841 19892
31514 7006
30240 13270
24012 3755
37232 16690
63125
47902 19065
40369 12822
44102 28085
8931 5323
1110 176
29027 12248
5229 3429
32102 31087
15090 12107
42311 13770
6928 4635
19855 12502
100598
29036 10996
19802 18511
9992 8006
40369 26538
32253 3457
49056 24230
48571 24809
38453 10816
41887 27248
1515 311
49926 28115
19424 3210
86717
21028 4472
45022 26947
32091 15815
34846 7361
17412 15088
29806 16545
21238 18599
10638 6111
32832 19027
28150 10147
14560 13106
15103 3406
45485
37848 26968
17577 195
32412 14283
33114 26167
41538 30285
34438 23649
28621 28577
23893 14446
44817 31833
27412 2465
48915 29644
21173 2215
67559
52277 24001
34126 17910
27787 7187
25653 23806
46083 20033
27734 5925
28360 22782
30581 29868
4411 2063
21951 14546
44563 19164
58972 30537
64327
42047 14434
21021 7037
54709 25317
40845 21359
20836 10636
46228 30760
37785 32052
22318 250
34731 22288
21221 20356
43151 17550
27286 25843
100139
23881 13492
32263 31715
37119 18057
50002 22972
11916 10041
46703 26103
43876 23438
23212 6697
33753 10619
26732 25071
35461 24587
14520 4796
39739
15654 14013
36785 26116
39374 11212
13754 10104
40547 25974
20554 19327
39349 30909
16616 9650
35785 20345
11432 8106
50333 32278
60457 31510
82393
39670 13435
23955 22532
25641 9814
60435 32224
28800 682
33238 26400
16290 4617
23169 22812
26157 16504
43569 30185
43608 17337
28258 10631
104407
45954 29294
33309 21218
43764 32590
28444 5802
30161 1516
48310 26243
38895 14004
33621 5228
11936 4315
19154 14083
53173 26871
21689 14205
100427
10843 3150
42240 17823
33570 30018
31772 23039
56508 31605
50138 28563
45509 27219
6993 4341
31819 30890
30628 9574
58284 30813
39494 30294
39082
28502 19047
30596 26835
44473 16607
40476 27505
7429 1767
13803 4447
25391 22684
7840 6877
59138 32697
30556 25046
49524 27165
25910 10937
73635
31732 30193
58834 32563
29328 17517
37695 25356
13660 11510
35481 24808
31868 20720
56291 28673
15341 5192
47325 32461
11407 6534
4718 3046
88246
49128 24297
49788 30633
6565 5090
50498 24771
23312 18328
8717 2114
27735 22726
8643 7669
32266 27421
18909 1617
28320 9368
53555 23855
92825
19755 6069
37452 15988
51696 26959
34454 7471
41435 25680
27688 6014
30546 5645
12075 4911
20904 2621
39575 13326
15751 11879
13027 6966
69783
15854 9627
36458 23662
42193 17834
28057 10847
40947 18966
34301 31370
17474 15791
23987 4305
37997 20338
29362 16941
47316 17866
40914 20553
115358
18926 3875
30150 9492
32846 31364
41806 12843
11959 3009
50968 29143
16634 10678
30122 6083
36651 15269
26898 1552
18780 9992
37581 7681
132150
46835 17439
26336 17004
43212 28244
30715 30665
30546 12664
55606 29083
32340 6676
14568 8024
48486 27532
25703 22251
5824 4161
12331 10286
87307
32549 29471
31349 9482
31904 16582
11141 2919
18159 8664
54178 29380
33640 18080
10813 8716
46879 30091
31856 29253
19392 11854
35353 13216
70549
59749 32661
27634 16429
12614 1673
10396 3258
28668 9129
25838 11681
34645 24275
32826 17956
1440 1124
28310 454
40409 20781
33887 13992
111897
31057 4384
20582 4506
3347 297
36343 22129
38674 23310
50000 31424
35814 31632
27173 17134
7560 6261
34809 20948
25437 11283
56452 32041
77781
43360 18753
45598 24449
18558 17881
42874 30086
33422 26195
28424 28211
7174 4415
28348 13638
24921 23989
36076 31865
56739 29234
37405 31684
132551
35101 13260
35853 27468
37304 31856
33760 3987
23220 12091
32619 21899
4823 4669
18769 13035
43685 31264
31123 12894
53738 30999
13327 10838
54664
31444 10326
38108 32054
31533 4376
41801 22431
34202 32194
51691 29318
30115 9310
34453 19720
27047 5505
38208 12654
23457 15619
27164 6734
88057
23110 4643
35109 6034
30283 7198
57043 30935
17973 15587
7436 4069
25282 18247
39896 15339
30910 5755
36820 32579
14257 4960
32032 25511
105198
28889 26258
28509 26886
2058 533
44525 22085
34415 12922
40642 12467
28508 27987
22883 13230
31369 9765
15457 6622
21634 6153
37283 9779
83860
28564 19707
26938 14791
34769 14468
33497 29834
40678 19267
30730 26100
23439 20889
27400 5103
31054 7101
27766 18171
36434 17513
46987 32439
60587
29413 26926
24452 14307
24361 4478
50275 26876
35358 7690
34890 17735
54977 25319
42834 24824
38747 18046
14758 13852
36345 29447
25607 2165
46869
20796 19827
33722 32222
50191 23549
28589 16667
43217 30891
46256 19899
9158 2126
3477 2430
56652 31283
13474 13009
26885 21296
30974 8375
44320
33107 29010
35777 17068
25071 6598
19029 17762
27317 10547
30892 23565
40702 32232
59476 30662
21283 8535
17874 2045
31750 14448
48504 26680
62508
27012 6574
12220 1477
32994 5665
30308 16622
36869 32141
51824 22963
16357 15598
36506 26463
27973 4881
23437 22574
16916 15109
44176 20378
66142
10352 3849
31938 16624
42382 13689
13494 3966
22868 11647
36211 16591
6874 5078
33694 20520
45019 23832
27225 23830
23886 21497
6725 2565
81997
52712 32248
5743 372
16058 1678
59206 31609
4219 3401
20604 7774
20077 19618
15416 4100
36699 6766
29259 4403
20756 9379
35858 9542
42106
28947 20332
39061 17221
44612 21807
40245 21399
9761 8677
33091 21132
42434 22296
19972 7126
26792 6754
45715 31306
22209 10372
50487 22111
89890
43426 26398
55155 30246
55311 29075
17984 3525
36772 29838
12159 6765
13087 11699
27604 12729
30995 28469
16346 14159
37585 14849
24913 4334
57771
8640 2683
52567 29285
39439 16683
41728 19004
27565 19966
31555 11596
16213 14256
2801 1196
26269 23591
28919 19424
6735 6000
22541 9791
104813
18645 12190
22242 3099
12835 8681
35486 32552
42029 20987
14936 3027
2689 1894
48391 19306
32855 16557
34703 7452
24760 3543
23850 359
81771
25845 7903
40428 22541
25488 68
24318 770
48094 24838
45283 30366
34942 7462
53771 30920
25693 9568
3812 3350
57153 28932
23980 10
50608
33327 7166
12141 4866
17585 16706
14718 5076
47398 22596
41495 19670
46326 24859
25002 13978
23912 1002
18734 11676
45338 26313
18369 10254
102304
22046 20875
11224 1096
27618 16807
17492 15393
37095 27025
18173 15968
21999 20000
60013 31075
43061 28773
26123 22505
25644 14689
30222 2345
102595
3940 875
39248 31712
29216 24139
29576 29076
37230 8694
57370 31489
46490 23100
44642 15853
11508 11327
27438 21946
54890 31425
43967 28312
61037
33639 23790
9681 3513
25971 22680
35233 21751
44389 30916
48106 18785
43435 17384
29646 8560
55145 27037
36630 10647
21893 3903
4227 2112
106276
27443 22640
49516 31745
18209 14714
35466 27584
29667 28093
43926 30343
36456 22353
33592 8270
20834 147
13225 404
20755 14804
37070 27366
55627
47623 28480
21261 9471
15980 2362
47369 24347
25395 10103
33957 19720
28288 4038
37604 9899
46744 31484
33147 4597
18210 8556
51544 22973
91267
9821 8799
10845 5979
23958 23226
26858 16990
22147 20155
32335 27502
48939 20834
32019 28564
31661 29723
15805 12788
37709 24779
32823 17079
88430
45824 22792
26602 11073
29119 17159
19651 17800
35053 11639
5685 4848
22108 19962
17833 17309
11839 10117
30012 27577
32980 28092
21611 7223
92708
29523 10952
25573 8566
18958 4318
37299 15588
32469 10058
44775 16033
40462 11118
35663 11831
46420 19441
27590 12049
30676 23079
35047 15816
99221
39683 27885
35046 24967
53860 24955
32285 17158
23263 13045
34551 6477
23509 21953
33571 12996
40363 26066
20334 4426
46515 28650
16067 3025
89306
35569 23312
19291 2725
10234 89
50076 31764
40064 21820
23936 6074
39691 20114
9042 6767
18099 17276
23841 21601
22204 10547
29055 26563
83196
39014 32630
32162 19054
8107 5411
53654 24790
48197 27075
20018 108
43395 22434
26769 6877
30846 1612
40779 30121
36403 24743
54717 29600
86702
41743 13572
17048 15422
1590 427
22784 22257
57605 32128
31241 1316
19997 63
32374 26079
22546 162
18662 3624
49750 25995
29449 19469
67778
2466 317
13780 10584
12158 7954
37662 25687
27262 16351
31682 24493
27223 23291
30948 29184
25204 11669
29104 19099
24958 7352
19159 14789
95432
39490 9730
30994 2325
45403 28810
28059 17841
26904 4529
10754 4830
37498 7831
46334 24462
37707 11583
27988 5129
43078 24095
15425 13395
107317
28856 18376
34512 6691
49843 32353
33280 24086
21579 3725
35503 25547
50696 31106
36928 24849
44384 30044
42434 23835
13124 12799
22444 18102
52425
25952 24328
9610 92
43692 25517
38318 29256
19510 11508
26130 19725
34725 23993
17276 733
22198 9816
42574 25793
1173 399
10816 5996
69570
25358 12543
37051 31251
13972 841
31892 26249
35730 30950
44248 20040
28803 17207
19820 689
29179 19847
38305 32438
42854 21442
22070 20976
69071
26481 3273
34057 28606
46315 16838
32212 12501
49546 28216
28210 15906
48044 30127
13936 8385
7173 4605
21422 13788
47169 22145
38608 16601
89200
28790 21246
42722 13933
48152 23809
45123 27748
20685 10917
6363 353
38154 20224
30688 26805
38045 11648
29402 7776
15797 2434
38371 26119
131079
45546 29083
18788 18001
61155 31491
12882 4888
29749 13491
19902 13619
8287 6969
31349 8553
7911 986
8894 7927
29248 20797
23682 23066
67902
20517 19888
34651 32498
33868 5974
19175 15945
41900 17313
36213 9675
29302 5085
29039 4304
33636 30983
18072 3309
27707 15184
20099 9162
92727
18458 12254
2382 1194
5639 1852
38310 12483
30263 18479
14152 13280
24528 20133
50623 23315
38997 21737
44209 29428
32458 23726
20298 5524
72620
20200 1398
17022 16970
26797 2751
34597 7496
46319 26157
27908 5935
13738 11383
44843 19693
31704 7634
17652 16681
16882 15445
36531 24574
73669
25579 13859
17772 10046
25062 22420
46917 19256
32729 12676
41585 31712
19183 12925
25884 24510
9844 9660
20071 10798
15400 11165
56109 30631
73315
56306 32202
35632 12270
35901 28003
19911 5986
10781 1627
15393 4638
12316 2689
9595 3438
21880 20196
17612 13638
20959 4113
33733 6359
125496
27194 26434
16062 11989
37824 24365
24180 22044
31707 2130
27801 764
38803 26795
7817 7684
53156 23399
17479 10122
24916 3006
46711 19799
76470
12502 10393
26033 12089
52557 27964
10908 6410
31767 11725
6893 2543
38797 20763
43034 25424
24709 20582
14518 6937
50561 20597
40377 24629
35872
52061 30496
43558 18361
29735 24909
24201 22211
29205 29150
26562 18735
7300 5988
56517 29236
38027 30175
36740 12023
12256 12011
44066 30868
89452
26374 15055
27361 15535
54433 29539
7187 615
30235 23455
8481 1741
41746 32054
38622 26077
58288 29282
35005 5730
44275 17129
31321 9560
51157
28573 14804
18585 17129
10974 1027
22754 11101
26132 10645
24928 22304
26163 24569
32826 31626
21014 4978
39065 18106
42665 24482
31804 2301
76315
52963 24646
47766 24199
50932 22059
28909 2231
39762 27030
31091 25564
8639 8366
27913 23413
13901 4788
42452 23565
28678 16351
20232 13438
87984
34212 32107
42563 19824
50124 27937
27763 20342
48307 24232
23938 15401
58374 28773
33029 26138
51102 32680
34135 9636
23583 3225
43323 19637
86003
33325 28949
24611 20277
17728 17300
38981 13859
40294 24453
20824 11064
40905 12438
2316 1691
24066 13834
39708 29487
8956 1147
22865 15536
85362
14862 10100
45506 16572
28269 7220
26811 19995
16492 10945
43271 27064
9676 7464
32469 3271
60033 31916
28488 28408
33145 13320
20835 20392
45266
57999 32763
30842 2133
45605 32572
40029 25071
46912 19383
20155 4420
15583 12517
26467 14400
29180 28103
48152 20524
28815 18302
21197 9131
69137
30444 26156
29752 15232
45930 30399
50132 29386
26558 5300
41031 30367
48648 19409
27807 3926
17808 15617
12726 427
24237 10756
28762 20555
91895
24232 11600
31270 29256
9747 7892
39255 28865
19317 699
23987 8828
30506 20365
15966 13827
20713 17459
26931 3150
55564 27253
40290 21912
82743
13747 469
34463 7562
40644 17626
11028 8441
36317 9934
46575 22449
16725 5965
50745 26504
34563 28738
34109 15183
31068 11760
19433 14270
73638
4691 3014
13192 5226
12710 11722
2087 117
13944 739
27858 1741
17985 13977
7877 3818
33001 14889
17172 943
47501 19929
1100 545
87820
39710 28061
30065 12692
24106 23314
30813 14033
23333 19195
34926 9158
29419 11722
45844 23740
6282 2066
45328 28604
44979 29174
35105 20446
92329
19973 994
35962 10144
39045 31909
24620 17596
31002 3924
16861 15133
32970 28906
31842 4787
57372 29009
15819 6467
6889 6816
47174 18947
36645
25652 20516
39239 30451
18191 4880
39214 12911
14045 4099
19127 14322
26441 9429
22512 8322
24578 9094
24817 11613
31326 19467
38332 29858
78948
45966 28912
29933 20667
28883 19012
25870 14710
25409 23678
42717 15751
13917 7855
22697 14290
24484 23434
33152 13422
22628 11641
41076 12321
53924
12542 2689
36576 18878
12360 12154
11404 10706
52500 24982
36778 13717
8629 4864
5811 3887
15730 3517
51448 25250
59266 29408
21504 1755
52223
34117 7651
51832 31189
30975 23807
33142 23942
27819 19281
22892 21113
30083 22181
46823 16828
39145 9217
34454 11616
25268 10148
17580 7888
82938
36199 31067
29272 19125
10573 2059
40165 13371
44517 18896
17923 3735
33421 22308
19311 13900
9656 8524
20273 19471
21251 6616
28171 9522
75977
35375 16996
33671 12732
30586 30557
23421 21653
30955 8842
34492 12470
26830 24262
32910 23815
44125 28723
32740 15663
56415 28445
30505 28114
84421
49674 30308
33789 4374
17266 4557
24351 22692
31218 13697
34054 21728
23689 17454
16139 3962
30645 23771
38187 27356
34520 9685
32697 21747
77302
32903 6128
14119 5639
35614 18394
27679 2040
27310 25841
39638 30701
33449 21230
6679 6285
36822 32465
6374 5231
10518 2973
33127 32563
72388
13358 12643
4970 3879
16617 13310
27261 8099
37494 7527
53449 30961
15369 7405
6371 285
31801 13825
37484 21277
26837 16765
34062 32518
59692
2651 1249
17669 2149
31714 29940
13562 5820
42969 16726
43828 18781
19128 18851
16545 4754
16355 47
33721 26287
27148 16286
33995 12559
69579
44009 32401
39000 22293
28552 3340
21296 14283
31137 5392
22384 16433
35445 5720
36889 24301
34705 28217
6934 5368
51625 31303
19814 9775
52390
28462 7861
37289 14666
30091 9848
13364 2686
32504 5305
10457 7109
34938 32507
21802 20126
42704 14289
53769 29475
28849 27744
31519 30690
70472
49389 25837
24289 18554
9136 939
40167 25201
39591 17694
30484 11839
27102 10065
30325 835
3578 2702
19573 3909
60262 30823
14918 12899
110309
26575 22245
40850 23044
27857 23234
21120 19106
15808 225
46744 25484
38813 29533
45792 25734
31465 30772
43798 19054
11773 11681
54896 26868
78006
32573 14805
49048 20399
38877 28390
47293 19286
44874 28974
16065 5483
35763 29635
28584 24247
19158 16721
35813 19123
3175 641
27399 18899
111625
37000 30009
58912 32217
49443 25203
19017 6400
18014 8515
25172 21990
41016 12175
3296 733
25553 18907
40518 14141
10557 5514
41920 15872
79634
36019 8206
41516 30383
35175 29897
40076 12460
2855 2693
13130 12586
32750 19895
20505 13928
31965 27120
43725 17224
19932 674
17743 8962
100994
6935 85
20176 17862
57639 30407
31288 29468
38061 24080
46572 22887
42220 29001
4809 1735
59910 31827
37075 13115
35608 31487
48568 23335
51241
45286 32503
41991 17460
21560 10735
23962 2420
23461 10072
35653 16926
43122 18866
47985 27143
53303 27081
32004 29394
52174 23785
14163 13305
67722
26874 20717
27413 21495
47267 30347
51042 28815
41179 12488
12269 4155
46323 21322
34396 8410
49160 27555
37942 9087
46415 21582
26731 3531
113500
39585 11165
51858 30808
16844 11546
22677 22296
34250 13127
29694 19971
48876 27759
25037 12676
31157 28052
23918 12710
20215 18679
23538 20867
76205
21975 13805
18541 9220
24753 23410
10923 4901
36242 20374
26771 16379
27070 420
22394 4762
34124 24165
24891 10116
4011 3573
2042 1767
40230
42439 14323
22121 20197
26192 8351
17986 13273
22979 94
25537 5801
21026 14051
54479 32483
25867 10670
24361 19391
18212 13811
27448 26090
72524
14246 14196
21347 12964
37064 23853
30044 26325
13363 5229
11005 8417
10079 9908
35479 29106
55167 30847
18090 850
32863 8444
28100 27909
97692
49666 23885
19575 15888
24863 12361
23212 10861
30346 14530
42028 16829
59863 31238
31851 17314
19024 3188
24590 10010
22422 15815
4575 4528
58588
32198 7275
31594 19279
47835 27028
28066 14252
2608 668
20595 16833
28715 26371
40548 32241
32552 17457
18216 2395
24229 19980
38375 14806
56969
41237 28154
41847 23894
50319 29962
24329 9172
36430 16340
14845 14354
16184 5837
54725 29124
42393 29807
31710 15588
52489 32485
54266 31037
78914
38029 18992
48285 19461
16638 2244
48087 31035
42783 31054
15075 8210
37756 27144
51053 25789
24900 14069
37457 21047
34690 16977
45605 23843
104180
44551 22155
50472 27321
27435 12421
48463 28503
26392 1638
15882 9642
21723 20328
31972 24404
34301 18676
10427 8661
30666 3243
56595 26995
90294
29507 22396
22438 10043
31674 25091
24140 12065
33667 23348
29345 17135
10568 893
20071 14452
19108 18783
39347 30793
44955 30920
18056 17032
72773
40220 10795
47617 30087
16946 14689
20133 17709
37211 24667
48589 27814
27001 17816
44171 26615
38875 30360
16775 6857
15032 13646
27552 2479
48617
40772 11154
25081 20882
29828 20929
39318 10200
31990 11084
10512 1491
8208 1218
47424 23543
22546 10502
25961 25328
22981 22147
42542 18745
66105
18118 11798
24349 15480
17613 13792
35986 22323
32989 15055
61512 31733
51654 24249
32277 29428
53401 31099
30737 29051
21793 20681
19587 13462
53065
38715 12387
32787 3308
26753 19214
16353 6847
25766 17536
45189 15235
34178 32659
23426 6736
13623 10526
45656 24787
43606 14865
53711 27849
121186
5763 1807
31277 31169
37114 7469
42806 15297
39596 22675
38548 32592
30398 14553
26003 5300
55502 32340
9705 6637
46549 22340
37391 31173
81634
42511 27167
15280 5118
1768 1641
21106 10271
31187 21911
25630 23390
37164 17129
8980 2096
47994 21053
21271 21099
50123 28169
42158 15265
69858
16588 16481
32969 23154
13308 6246
39267 28036
34182 10146
56804 30948
27953 21745
19721 2465
56335 26578
46625 27614
34467 19957
29554 26942
72943
11669 8300
44178 31075
41058 13733
36048 17817
21054 7330
41346 29454
10330 2276
4855 4289
40787 15252
54178 26062
7315 5218
24036 13231
86707
21019 3799
28489 26419
34711 29510
48593 28637
14457 1244
13861 13755
37953 18707
30433 29947
25651 24737
29190 27749
43188 24673
22156 20004
85308
11665 7490
13040 2792
10265 2146
31161 15173
30526 27899
18614 3151
30052 6170
32246 8437
20872 8055
32114 21107
33792 9259
26384 10095
43664
9711 8874
52697 25412
13908 2301
18267 4663
4314 3113
32866 25803
29159 25145
42943 20725
30824 17213
27039 4734
35199 26765
11882 6438
70906
20202 19221
28437 9606
35319 11846
28977 28004
34400 18532
21793 2626
48372 29842
22518 13406
33065 21258
4895 3940
26150 25781
48300 21860
87640
42273 16981
28822 19274
14928 11414
61569 32091
22713 4561
16688 5416
19555 18415
2308 1587
32475 14162
29585 17975
35100 27517
9350 7084
92028
16625 8149
4670 4163
29494 9212
33050 13427
37202 12267
38985 9102
29357 5209
1969 1082
53485 23665
33737 6166
28476 24910
40509 20886
70527
54213 29911
33539 22597
30232 9472
23809 23709
41009 18094
13474 13007
23808 9482
52855 24456
31310 8539
19376 17597
39915 22547
5506 2972
84516
17881 13302
14670 7154
46378 26023
52453 26887
26872 15013
58809 32315
46618 20851
14531 13608
24100 17620
28103 27619
23283 3626
16079 13489
51191
51211 25789
28704 27602
26713 9105
41689 16767
11497 898
47217 29197
24303 16183
26814 13186
19306 5063
18918 17524
29077 21802
43054 17495
89960
29315 5231
25904 23431
26000 3393
32479 31409
37992 26704
5852 0
59005 30360
19756 2509
26232 25365
38811 31189
28138 13053
22535 9688
79249
6867 3605
46156 16764
42432 20635
24207 801
35487 30872
31265 10337
49040 29696
28536 22567
16406 2495
40300 23268
49343 20616
6441 3133
85685
25364 15478
35537 15489
25710 23846
34903 22756
36021 31624
17297 4493
26540 13817
20271 18514
27646 10755
4362 3657
11095 6522
21891 13386
77243
48073 26649
26917 24014
25296 21617
14579 912
28760 13685
12314 1651
41963 29845
31161 30187
4520 620
53353 29465
38186 31473
39812 32469
49819
29933 8044
9156 2198
39014 11964
4751 4750
37693 23312
26489 19694
13943 2308
15211 5755
45607 28801
32050 2447
47538 26039
22801 880
75827
19437 16431
30158 9825
35327 21478
31555 9166
46940 22856
27843 12662
1166 640
30034 17873
40263 18508
37533 17879
20654 7819
20845 19057
67706
30115 13613
44991 22939
9319 8945
43398 19684
47212 31580
41106 18194
46010 21984
2221 974
24875 9163
23909 5777
31490 21536
39377 30685
90634
18840 5774
12414 1816
49403 24114
55547 29750
39141 28508
22499 2829
32987 3598
41238 25387
49215 31475
52146 28068
38330 29519
50118 25829
93382
13525 703
16184 13933
16954 13834
42860 31633
6250 4446
27722 18993
14740 13076
25821 15104
34556 19421
27526 13868
20084 19581
37686 19838
62200
30291 11695
30466 14164
31303 30401
5404 2434
21719 13234
33051 15753
17468 7182
49075 19574
29859 594
20241 3992
44241 29238
34753 26023
109667
5296 3864
30704 23358
45411 27126
5776 3142
42244 15690
25703 23154
16109 11162
41249 21405
34750 12211
28054 12219
26007 15170
39969 14042
50694
42303 21586
23863 18105
27118 26705
47930 32663
31314 27284
14537 3865
30854 29500
28602 10065
12553 6482
50224 22135
50359 23151
2445 1139
77768
23300 1912
29253 2448
13181 2595
42327 28001
36733 26565
40455 12324
41415 27984
40273 27313
23288 10970
26791 16650
43733 25112
24690 19255
83698
47976 28344
39046 17374
8153 6003
27436 18928
30068 19132
35631 16719
51292 29292
20130 2671
21374 19050
32344 22654
23160 21685
837 590
44535
46093 30848
20116 5068
15164 2442
48884 27429
38876 9665
37158 25200
18800 16764
48607 29908
48339 22400
12859 12191
33230 15969
24175 3330
102603
14812 5738
19620 16390
44982 18757
20634 11825
28377 25699
15378 2808
23880 18256
9668 9504
17063 15228
9993 8430
22128 4005
36981 12148
114028
40718 24852
23088 7731
11185 5990
17148 16564
12481 3828
30673 15176
20009 738
12686 5609
18908 10
19112 4904
13926 12331
10823 9161
76496
19384 159
33899 22955
47941 30722
28247 22615
9616 8279
38856 14653
36496 14964
26705 18110
35510 12050
36369 11570
1190 1189
8084 919
77442
55868 29096
39523 12952
14983 12505
49761 22988
33205 30883
2892 2297
54355 26278
35690 8814
33911 18655
41251 17520
19415 9670
32286 29871
71523
43307 27172
7201 1153
26442 2490
4737 4215
16732 6382
47321 27021
11723 6084
18071 14629
33719 24544
48072 27199
36831 32687
14917 1665
81668
53887 30344
41802 13865
28440 7527
27875 4089
56644 27207
40870 11188
28064 19679
14603 13365
12154 7907
34050 15893
28432 10237
9645 528
87480
19076 15437
20724 10308
17223 15953
51366 26885
47117 23392
41010 18619
5700 5044
19500 18436
28767 9
37556 20847
36408 13616
46597 17901
112635
9610 9530
20032 48
51883 23057
30648 6586
21733 21293
24912 1259
47994 23476
25289 24534
23054 8405
41293 23567
37952 10408
49453 22245
108938
34130 10585
11275 6250
35502 8338
30789 28972
17498 17148
20495 1111
9311 7137
41629 23448
26000 24739
25985 23829
30441 22444
55384 31286
116397
35963 15628
14054 11919
34006 27257
46385 23494
52625 30746
29510 17476
23047 21332
21320 2623
36196 24978
27265 13464
41843 22788
19311 11260
144618
24515 20309
13795 1421
25612 25340
40704 16779
37204 18485
41098 21030
37719 30411
44951 28739
38819 18026
24278 23415
33359 27625
57716 30257
118706
30450 4208
37476 20585
31895 18767
46792 17524
28469 11688
24047 16805
27648 17191
10799 3376
58688 30440
25066 12566
39778 32542
25556 23837
89891
19745 14176
26973 3625
26571 922
48471 19072
41742 31854
24333 20046
32950 8437
27208 7413
47189 26525
29244 23531
36138 15577
19888 16201
99926
24046 4265
9450 2357
34205 12539
17721 16128
38923 12239
8596 5502
5074 16
23510 14204
39181 15489
2984 1822
17562 12594
13596 6591
88083
49331 29653
23619 12035
15951 2804
38275 20927
14563 12311
39042 9096
31812 9863
31271 31065
16735 11144
21746 15445
42342 31081
42127 25015
142526
27351 18179
28162 22061
37000 9030
27044 4111
41577 12499
53941 24660
27120 24977
20005 12652
47963 29708
29720 10656
33095 31689
36528 28877
62079
45793 25297
42403 13405
33002 26892
17836 14828
28488 7034
20625 10622
37940 32593
34718 14679
22001 14102
47885 28203
40254 25871
34484 29035
63640
30257 13955
15554 5585
25299 25188
40167 32461
17034 409
30857 8260
20750 20277
49823 22422
55929 27560
22937 12261
32052 13057
34409 22711
114796
30427 25358
20652 9139
5851 2011
40509 12660
1059 836
32429 5144
46727 24508
33587 28216
27230 19085
31667 4310
35850 18599
31382 23298
106025
39119 24277
22899 17668
44677 26546
39242 32122
35071 27404
34813 32505
33184 31108
15150 9737
21819 333
44092 29658
45581 31038
23913 5304
99146
46490 18432
17809 4800
29309 21961
58067 28366
37098 26796
37970 9062
39087 13317
34365 16024
9837 9022
31172 11268
11606 11261
25861 24800
91958
41006 29925
29375 1764
36408 15373
18425 571
48273 25615
36755 7229
15344 10621
43739 17304
17244 9621
16466 15082
34926 19773
35613 17951
118423
44435 16067
40972 13050
48773 31518
39550 24313
22236 4561
14608 11889
41910 17379
16679 15592
35546 10449
23735 22341
19171 281
23213 3904
60635
45590 20318
41183 27749
25207 23424
23968 23693
18866 12609
35779 28986
44979 20282
16371 4266
25017 23102
32419 3148
30425 10038
24032 1018
56914
38105 20533
36355 12738
23392 21588
24238 20421
27306 18844
34042 5135
55744 31580
20970 299
52169 22639
26628 9485
21362 294
37109 18141
64373
32781 27918
47619 32360
29927 29122
33346 32173
10734 7026
30338 28162
44071 21581
38319 16093
9930 59
38014 21907
31770 16533
45431 28021
84799
52752 27986
9968 7168
37365 22485
24939 23123
42084 20297
22369 17298
29755 14968
51518 32060
50313 20732
46560 26090
32058 14221
46488 26756
83264
50090 20696
32604 14523
20366 11963
22484 20947
36494 14234
30181 22255
28006 8194
49130 22107
7308 3877
13490 6629
21299 886
28620 17103
108032
12746 10669
55176 26849
53159 28814
24439 21195
45404 15468
33979 23532
14468 2071
37776 23477
36722 18979
58554 32155
22088 19098
26243 23718
82973
31068 8894
31466 24127
27104 8712
25257 24075
26082 9914
7101 6408
18522 9085
35850 7094
31063 29563
24580 4637
25427 16096
35095 5802
83562
12776 9365
39756 23027
16862 16219
59449 31034
32514 23815
1215 666
21337 17681
20742 18516
20980 19676
34067 15938
27141 10693
30224 22727
95428
4018 1835
23202 17974
47145 27190
46750 18968
11814 11748
33967 15464
33672 6511
40574 29858
20917 17124
25226 19401
22262 2684
27887 3367
96146
39406 21586
28780 12235
24040 21557
25166 17429
32188 16393
38993 15478
37350 13162
32670 30062
28636 26292
26677 16099
10350 6261
32687 4452
89422
42421 23936
52720 26716
19293 45
20924 16295
42701 32356
17951 14674
29284 22754
25882 9183
16842 9588
47816 27333
37294 12337
28261 20493
84381
13338 8055
55490 30980
30550 29869
30480 4053
30728 22357
29379 28993
10679 574
20787 15574
45932 31236
30339 6397
36717 16598
35713 10654
100071
7011 1175
34605 29016
33348 28925
5340 1970
55405 27582
29712 12416
10511 7232
51891 27717
13668 12455
34095 9435
36022 27631
33201 20203
59678
9864 7994
30008 11827
12025 8219
37947 30636
8373 1311
18567 1924
36714 16824
4607 2875
32700 27607
6515 5584
19200 17690
33204 23240
42496
50148 20406
41753 31408
53329 24594
49050 31982
10831 4347
44406 20691
33586 23969
20777 20641
41528 27787
21034 20663
38614 18842
35449 32757
104632
26781 14935
30570 4131
50637 25221
30781 18999
13707 8514
41855 24854
48742 23333
6134 3052
50362 29995
18506 18105
23760 22079
34645 11449
69189
39279 28709
31971 4412
24661 8569
39607 13713
53822 30851
38006 31844
24832 22286
21334 10718
47202 17744
45363 24843
44198 20165
7764 4621
64576
15936 13026
26566 1653
51268 24103
20921 8648
16934 985
37446 8556
27248 6158
58046 30601
33259 30679
33051 31907
28935 24109
38814 23650
77665
34709 12135
32217 29396
24742 4024
13913 8404
20986 10601
57175 29861
35295 16691
20748 7876
25015 13113
25623 21176
47809 25025
20358 18994
64907
49756 29214
16363 15227
38323 28723
25596 21142
20839 11076
18339 15740
32361 6107
25849 11006
35065 6207
24482 16768
58197 30665
54463 26912
75051
25523 23500
25665 18341
50882 25190
24704 11270
60712 31483
54513 26913
13531 1208
27549 6177
33017 22691
47579 24669
48131 28979
26773 3667
90536
15226 1064
19645 5865
30855 10254
38079 20977
23807 21087
11543 4571
43521 32354
57588 29929
20369 13203
4091 2894
39523 29266
43111 25024
119246
12662 11465
28029 1400
32017 10893
28914 18685
39024 11003
37514 9709
27495 10808
16904 2620
24192 10649
11333 10130
27212 12069
39356 21811
88637
28615 543
14643 13229
21863 8511
28158 8271
48849 28819
45894 20067
45757 22145
25250 1582
28478 18252
31435 2820
17642 9762
37629 8493
61966
24728 5731
25599 4812
21947 10103
25613 21331
24031 23745
40414 16112
29569 23184
18517 18409
45148 21042
47306 17342
16631 12374
38355 18145
76101
40020 19467
38818 11784
30496 24271
39236 19669
24518 22542
28721 8054
25361 19081
46679 22381
35579 12598
31446 27278
10484 8104
41639 26438
70576
55268 29326
27156 5519
27195 21108
40611 17324
20964 20279
44587 25226
19144 9469
42552 32143
53399 28846
38159 10308
31853 23598
40118 15093
97883
13786 7346
47837 24012
15767 15296
18469 2971
32339 10049
26237 19399
27875 8483
31200 20374
29894 2065
36146 13206
43471 19000
39462 19784
48053
24342 1354
5945 3303
24491 14787
47458 20471
13912 11635
28382 27201
40088 29251
48517 23045
40076 17928
24104 10119
45834 17315
38333 24969
80719
53224 24611
44379 27970
15825 3824
32843 16615
37101 14709
40442 12846
33614 4091
17229 14534
50199 23481
37157 9674
62063 32516
29093 11729
52725
18444 7151
48596 22328
31851 31383
31455 30061
21543 20830
30733 14722
41390 31693
20861 16649
17655 11126
14068 1511
14291 7416
17758 12720
96959
37283 31376
37341 28701
49774 29051
677 527
26713 24345
33538 24042
29158 7761
34925 18241
14462 8284
18509 9705
33954 23895
45681 26471
88358
38655 20952
5146 1401
46112 20471
54232 25784
30515 4509
56435 29322
41081 15242
33947 5829
42693 21782
28998 10190
20481 14352
30068 9171
79352
7704 2015
50487 22170
42253 23932
14698 4541
10145 6420
56852 30821
14642 12359
31580 21274
25145 4890
31019 22447
29658 18415
22743 5388
80498
26525 19578
41731 19053
27566 12270
25007 21123
20863 13249
34721 28458
29080 1272
41690 13728
14647 8625
21603 18272
33042 13020
14423 14400
61480
26696 15598
14804 1933
43065 18365
50616 30678
22080 2878
42641 26194
27619 6267
33179 6122
15636 14123
30221 5001
27872 3
34296 9026
100684
31430 30341
27390 24669
22316 16955
20418 13934
21917 18789
14397 11983
40087 16787
37648 24388
24884 23903
27085 6768
32075 30465
25399 16844
101358
12756 10881
28796 16648
19132 6584
31440 13864
8442 2261
11747 2755
46527 26708
16980 1703
23348 20827
57231 28041
31308 18783
32238 14478
88030
32487 21916
48736 22892
6264 2956
34972 30737
21406 2757
42343 32024
30084 4773
29288 26534
49072 24687
29751 23241
6479 2500
38118 21077
70803
36245 24154
20489 18927
32331 14838
53253 29102
29138 12929
20186 11650
43538 22542
33182 9336
41328 13441
30892 7705
55283 31637
54533 28503
65133
54274 30677
34337 26257
52565 26081
42138 23955
23998 6900
53643 25582
48226 20526
27027 25717
24650 17891
35170 10976
26803 25841
47752 27279
98199
52707 29147
36967 12172
22101 20393
36815 25873
28935 18503
3989 2773
15797 13918
38842 17946
32477 29754
32606 32097
15936 4917
26975 3000
85921
21383 5615
10457 9957
43223 15021
33816 12552
47465 31157
48842 31178
48146 28761
23477 17714
5164 1116
24521 18077
24620 23340
9301 8283
60251
26876 11862
37809 28923
49826 21275
18253 17317
29524 17023
39627 20857
14157 3153
26140 25142
38858 23561
27892 6481
30901 27285
29912 23201
76112
33153 21769
53697 29891
41975 23761
42917 29068
39325 11432
15203 14512
26294 17593
50092 20460
49870 29260
24014 17327
50373 25574
32984 16022
87819
16122 15816
33463 18194
54934 30535
17893 3351
32838 11166
49070 30828
19500 13485
53978 26030
30319 1971
51852 27353
31063 27771
50538 28754
84330
34400 32322
25834 22505
26130 18561
49509 29396
48197 19787
38541 13331
7423 6724
3248 1100
35076 6603
30812 18087
13677 760
40419 24360
93206
33063 5046
28858 23048
37646 14777
26761 24721
38413 16767
26203 4332
36632 16125
10346 7123
25389 24174
466 436
3451 986
41201 15128
102439
33874 31876
38090 13214
26881 25781
50972 31157
25739 6908
20804 11153
24507 5834
36844 19058
40476 10843
37797 29144
43974 17811
15017 7102
58578
18292 1130
52409 24330
9195 7295
49216 21226
18749 18284
17367 14769
44039 17684
21637 2309
26693 11575
24037 22216
32413 29276
9118 992
88174
53551 26730
51866 25999
17111 5558
10191 7622
45254 24573
22970 3659
9790 6736
16660 1244
16290 16005
33024 24745
50490 29178
10020 7017
70699
13816 4539
40207 30341
32711 27353
28896 22097
35666 23310
21404 20291
14636 3744
25718 14622
41850 23925
16787 1042
25760 17508
12710 12521
81214
45757 20479
25084 17875
31000 29157
28839 28719
37639 22067
37235 30283
34645 25758
6286 3144
28963 274
33138 11730
55045 31050
33085 27421
49501
61371 31527
36039 26819
21783 7148
31179 4711
18350 15645
20320 4617
13010 10542
16918 11207
51228 31658
17001 5525
56662 31712
37097 8135
93820
28376 11212
38856 16996
29153 10697
15746 3393
24533 13321
49404 25907
19388 14056
37446 14929
51348 29008
34051 15564
44196 27199
14573 9419
106291
28944 19436
20576 14649
15469 8088
30210 21190
13319 856
32124 27990
37754 11184
39402 26495
14331 7905
14282 12738
57220 29685
29786 25204
69995
14571 1133
35220 6120
25491 8721
19007 17002
5933 5064
12162 2854
23561 3910
50338 25399
25337 1952
21340 13908
19669 425
49336 23684
86341
18672 9314
31325 10637
21338 20562
15794 7793
42114 17460
10336 940
27415 25432
1785 253
32231 29728
11346 10325
8471 7789
19176 18465
65735
7147 7079
50985 24474
29978 18954
23315 17318
57430 28481
26259 3755
51052 24457
50122 26898
30289 15167
33488 19916
55524 28957
4286 3306
90647
5346 1209
40559 23616
30613 6531
45272 19856
26797 11590
48929 21222
37557 21614
43530 16182
32861 27140
33146 15772
18158 16499
4201 3336
67122
27531 27053
29552 15809
29921 21169
48367 31603
51604 24471
16775 6144
27234 12940
25732 23134
49347 22542
48973 26855
51743 32257
34508 15316
62530
9282 7674
15505 907
26460 19679
24171 15251
44017 19528
23332 22532
51286 31853
25784 9516
34870 26452
54939 29860
30280 28414
4836 1377
84593
37337 23330
29397 24044
3406 625
39748 15870
22865 9365
30901 15379
3071 778
46111 17318
20552 7869
33626 5344
9775 8958
22179 15866
66787
29228 21199
31697 7105
41164 20917
15578 12938
38886 20314
40347 17627
19502 19330
16883 16724
20245 19493
51692 23993
27901 27646
34377 18013
76723
47153 26099
18880 2543
36706 26414
8687 1020
32447 6345
36083 15131
20701 1192
42485 28600
22561 17323
43420 17454
23372 21383
21679 19458
96498
25574 19588
24364 18778
99 34
29503 4439
36955 21438
32321 19143
14416 2629
25675 24369
50721 26605
27708 14149
23890 23586
51577 25767
88278
33237 13082
46648 30292
29262 3109
43395 15209
8043 5986
28794 19586
20279 15276
39474 13219
34964 30808
17927 3436
29150 21740
40870 30008
71533
3083 2362
30012 16753
25889 18096
28932 10501
33661 13131
54841 25664
17733 1360
47452 19066
35153 16278
22821 11755
21156 18897
19309 2774
93790
23442 12533
23590 19132
4622 2766
31304 9261
37121 26241
42687 21930
32847 27045
1458 880
22035 12600
41526 32757
19581 16955
37042 21481
78151
17456 16200
44578 22628
27882 23495
25684 3685
40636 20293
27728 5077
6553 4845
42265 27616
27502 9585
57021 28025
37202 15540
8316 6882
118175
49908 21930
44147 26221
18020 15814
13311 1098
51712 25725
30019 23210
57238 31970
46908 23128
31060 15695
10514 3174
32021 12249
29869 11536
48295
29311 3646
8523 7370
43568 25852
42532 21445
25588 19552
46719 29183
13206 2076
50683 22100
40865 29074
34741 12028
21120 1499
42929 29812
61523
22222 6870
41824 22772
56718 31330
15112 13101
34534 28745
17420 10266
24781 18065
57454 27877
53858 30420
41538 26364
52582 29080
25229 18643
82892
52812 26878
49062 30210
27167 23833
36142 31580
17224 15892
34547 19408
21462 10405
13463 4188
41321 19461
14418 12576
36216 28510
9620 1704
98948
37078 15224
45901 27815
57711 29055
32734 32048
35556 15614
5282 4744
41601 11999
9520 5434
23890 17371
30332 8074
34800 12725
34281 17164
92356
31597 7411
21705 17417
20390 18050
26522 9661
14978 4237
37232 13149
31583 15075
37163 12245
11488 8921
38134 16039
30351 29466
43050 13978
66196
47970 27348
52592 25714
24739 8623
13065 8303
32279 26171
11812 9250
33559 24680
26789 24956
44933 15271
29263 24194
21459 16641
26596 17095
103841
24480 2374
29867 11092
13491 4663
15806 14449
36768 18147
49247 26494
31904 23195
48185 28470
31070 17643
17299 17298
21989 9932
5447 3286
96987
17106 1731
9566 8237
16043 3276
28950 4485
13940 7886
30396 6860
41704 25570
27042 4624
8494 318
15721 14398
36131 16430
45753 25985
60941
41523 11683
41333 14825
32587 17574
38570 10123
6565 4176
20309 4917
11929 7924
45639 27185
32202 24330
26588 9304
25419 23739
42090 14980
68086
37573 8625
14918 10863
18701 6301
38456 17087
33482 9455
30219 8331
34426 21183
35806 6442
30478 11600
41204 18321
27246 26600
11853 9873
59700
54143 25322
14322 7137
59699 30737
25064 25034
44478 31147
45925 17887
38578 22122
51201 23621
33886 29626
40063 17212
28476 16049
15976 3048
118511
25498 6190
26614 12439
31419 5644
37109 16886
24134 14064
14142 7692
6258 4930
29998 16095
46342 27021
24591 11844
34347 14661
6377 5369
87170
21927 228
42831 21538
21384 6439
34873 18866
44068 18763
40968 23542
29104 12370
45726 16028
26168 1732
16952 3748
26177 5619
56909 30854
89028
21840 11234
20709 394
33017 19490
7150 6409
1652 297
45768 23229
56127 27186
30037 23742
23183 5389
29184 9740
36412 12733
14062 12691
101818
20853 6868
17291 4847
19978 19755
38795 22169
19736 4638
4598 3342
28089 22097
35520 11081
36233 19548
26635 18427
27284 13691
38471 25110
64759
37220 16714
25194 22865
17500 967
49389 25254
33672 22929
35512 16296
20256 1592
14178 8597
50842 23870
32288 26147
40943 11671
34687 17759
79921
31904 2422
49245 32417
7284 2488
9502 8091
49816 28575
22452 9819
55689 26827
28352 10949
30629 26749
28288 7559
33351 17564
50234 27142
89645
36259 20347
38160 26520
41185 24302
50973 26861
21025 1856
47092 29199
35211 28300
43102 27119
33024 6316
44574 14715
27264 24986
22912 21327
80754
25927 23502
46307 17314
23225 13582
31493 24313
35964 22246
45615 20953
16037 14388
15974 13631
32470 24010
31266 25145
20167 9943
19222 16948
84984
36501 16614
16590 5320
17598 12733
48133 21779
38047 15311
22672 2173
55163 25200
28449 25461
22215 20594
25512 10067
18409 12390
27424 27373
109143
30977 12507
36593 14213
35669 23132
8117 8010
12148 10764
32298 22765
32780 8661
53826 27665
54836 25630
28699 21857
36103 8848
24046 12344
96374
53389 25046
58729 32042
32246 3541
49214 26372
32640 14926
42725 18635
12191 10424
26124 22827
18607 13109
47868 29586
6938 2480
231 177
96412
13369 6909
46918 30676
31149 18573
29249 27785
34182 29086
33248 17952
46170 22869
4607 4227
30809 11655
15623 14538
26367 25316
38660 21320
44094
30132 29975
34705 23383
13106 10164
44021 18884
37723 23370
29021 5962
59189 32335
24467 7239
18080 6145
42115 28204
31188 26986
38334 32471
86331
28991 12984
30328 24543
3244 643
31515 16865
47503 31946
39066 21562
38701 20781
30217 13209
29758 21860
15910 5807
39685 12742
27592 19357
106204
12665 4359
18979 6880
32013 9213
31330 21745
9766 7963
57236 30468
37806 12396
47952 28954
42397 12629
58358 30852
30086 25201
35951 27934
74553
19666 6428
36079 10680
35969 28350
15935 12747
52585 23442
43155 27119
6427 4816
20569 14248
41487 32735
22083 16773
45819 32311
47342 22249
16825
44293 28423
49778 31221
29001 7679
50575 21945
19348 16237
35293 8419
53845 27394
37252 10556
10034 2120
35894 17805
46539 21594
26420 18357
82627
10347 2799
34489 15654
39104 24807
20239 8407
27944 24357
13802 10196
49776 23598
13279 12003
31826 16630
37051 30346
33318 7983
16521 57
99917
23376 19713
48164 27761
20995 19148
31462 16680
24458 7879
33979 15129
21598 19856
8111 5109
17517 15754
15164 5387
34346 28027
23181 21823
64388
39212 31865
18775 17453
15045 6836
6931 3131
26675 15158
40979 31579
51762 29401
36077 6936
49185 26845
46165 20643
58348 30355
42605 21083
99322
25811 21631
48374 19611
38787 27598
35237 26512
599 122
8788 3096
34018 24652
18772 7075
47505 20914
35428 29772
34553 23098
41278 29107
54747
14214 12922
24998 18301
49820 27172
54818 27638
37750 14300
50542 27657
32502 32243
27564 16737
12744 71
18620 5090
47804 20559
23974 17048
84934
30180 7302
19630 15735
21412 16784
51400 21630
26267 3386
28801 5125
58778 31088
35935 12939
39373 18449
31610 22068
58446 28745
18508 18315
52015
31670 8114
14647 1508
37703 18942
46714 32047
46752 20072
35703 8477
28743 3766
39287 22892
37295 16909
53907 31448
29603 18534
46176 30316
40967
36337 15156
32392 26744
23157 19258
53872 26744
34193 16472
33399 13668
58626 30221
22873 2895
33164 18184
17327 2658
33466 12387
21743 17016
91789
12110 9991
9114 8357
19876 3610
51340 21527
39076 15416
16449 7269
57856 31789
25953 2731
36797 26667
31258 17784
26378 22428
23046 18816
72590
32729 27089
38280 25596
35860 18669
46937 22901
50858 24397
33187 29038
31748 19367
29679 28940
34394 22161
20993 12012
8624 4762
27426 5782
99676
40572 28973
41765 17202
34781 24545
17623 11634
26195 15719
5289 3057
8536 2427
10540 6794
33306 24824
30152 1587
22633 4356
32236 16909
100333
43770 27090
2214 469
12396 7948
21883 5335
1069 284
29137 9814
34222 22419
30924 22724
31447 31098
28449 6612
13081 10580
41933 29912
84180
33234 31062
22059 20416
37268 20484
43167 18077
43107 28141
11519 3818
30203 9922
23836 5500
28321 9785
41113 15517
21534 19352
9761 8309
74766
17671 4866
55717 29894
44475 19977
26969 26950
46797 23734
10521 9577
44047 24263
33401 27037
14087 1925
31087 22348
18799 11421
44574 24861
64351
34753 32601
11908 692
19373 14678
31939 14240
30586 29328
6254 2734
16385 11144
46404 18817
13510 10841
50793 26039
31346 6564
21003 7089
56313
33060 10954
10433 6598
10865 9809
49674 22715
5835 1370
21682 19649
37324 23713
18220 11045
22690 22122
10260 10081
35048 25405
18484 2105
124487
25723 24147
30060 7628
29960 19797
21657 5555
18670 13234
34322 25610
32263 24107
48129 19311
30786 20708
34594 30894
28743 15533
27058 22254
123028
39277 19022
15949 11619
38054 8567
29862 27307
51661 22965
8256 1039
45159 30922
36415 14490
27146 21867
36052 20900
5701 4322
44935 23502
66103
12344 3495
13081 12453
7151 5571
16654 13632
37888 21212
26857 19746
38216 9924
24578 10533
29542 24096
56349 31670
48813 26396
28561 23911
104919
23658 7388
26819 16279
40148 18848
41985 15363
24792 9770
54672 32164
22501 13377
42027 13790
36834 13052
23707 7918
8318 69
33347 4039
82541
62084 32498
36792 11996
18058 12119
56035 26950
48273 18591
5456 2921
26621 7307
8882 2423
45644 26200
27004 10059
25153 17868
26153 10330
67501
32909 4579
33988 16372
31858 17892
36452 20083
39565 17537
44929 23746
29910 826
41176 16041
49219 26031
31584 16714
48217 24065
20954 18650
74949
34281 20039
54852 25855
31548 12409
19486 19109
41846 29467
28333 20916
44252 25495
40508 32618
34503 14382
30662 7922
11986 10844
22451 4023
48473
17460 11620
52181 29170
57977 28198
13130 10826
45633 19194
49904 20440
24131 3402
33809 4626
39386 29024
32874 22450
50892 21663
37183 19800
57813
28487 719
34804 13333
18150 17283
6365 5313
61877 32330
33064 14677
16330 15760
39194 28960
26458 13846
22693 19804
36505 29638
27462 14546
76121
26972 24477
44149 27835
37561 8836
42915 13765
7406 4722
28025 14652
36271 7967
32987 17540
49951 28502
33926 32545
20941 9224
40031 18745
48851
26971 7332
35209 30805
26453 9970
22753 11651
10555 9710
28733 14777
31720 29354
28513 21378
33297 16843
13321 7796
31524 11692
32530 20285
81656
34941 10342
31192 27601
43109 31351
14275 8856
37271 28439
18900 6781
29293 26801
26791 14275
20813 11226
44094 29730
41232 13905
24959 9246
86014
22764 4483
33377 21101
24866 13983
14073 11661
18789 3489
30353 26881
8292 267
24753 21129
46711 29008
27018 21698
52679 32614
24697 17052
116984
42664 13420
26003 5476
36338 9532
57989 28208
47929 22764
24228 3677
50107 24749
41983 27780
18182 1387
9381 6121
33666 27047
46709 29632
105671
42861 21663
42898 25452
4456 1992
29815 25168
61271 32390
18456 147
55892 32608
60419 31414
34963 28647
29779 16424
16596 6822
9539 6408
105521
3967 2649
40576 26919
41966 30997
10658 6857
38584 24827
13465 8995
20544 401
42658 25285
28511 4503
20931 10652
31786 23232
38609 12047
114660
21622 18117
33754 6691
15140 11930
48744 32324
31828 29319
32051 18310
19830 1103
28996 19229
37159 24067
46685 23261
14309 5716
34780 20580
65267
19455 13186
15434 13844
28891 8333
51179 28535
26632 7695
23937 19123
56467 32427
29130 7662
21056 20779
23090 8267
47251 23835
27416 24037
97310
38089 8844
30656 9629
11177 9846
17950 11361
11711 9247
23563 20876
24922 24336
29409 28678
38412 27159
55910 30270
41639 13555
39635 31153
120198
52180 32692
28600 12110
14487 1213
13915 8890
32245 10069
22119 18360
43957 30458
40834 28513
26249 24881
44029 15315
30536 28156
7016 1814
66411
45132 21830
19365 11006
27808 16167
13202 12985
26219 3631
30777 9113
17217 11850
43075 29974
28660 26839
47698 23491
39352 11946
52852 24634
93734
5910 1341
58461 28723
41575 28997
42395 18207
19633 11553
45883 28359
18327 419
48822 22014
12380 2033
11098 2720
26987 15580
5908 590
100532
40627 26606
24621 11755
4955 4047
36803 27841
13839 4668
53811 30837
27593 6409
15464 12929
20848 5707
35422 18240
46676 26055
48593 23355
69194
17192 15930
30861 25905
49464 27254
21005 4918
23485 14298
19225 12342
35558 9082
38914 31433
11562 11516
37940 14335
26378 20430
23353 1271
87404
50495 21578
28594 24902
40621 29981
49838 22697
32970 3128
30927 15882
32574 19046
45694 17328
34161 4536
6846 5691
20535 8532
9982 2892
71955
6276 4568
6187 4858
33310 14309
31973 7606
48166 31415
18640 6954
22349 16077
26585 2741
23067 10464
54326 27269
40492 17415
34535 12573
111280
20043 4339
3636 740
30375 15167
52288 27602
33775 8609
11933 10494
8929 835
10130 9827
29234 17744
34106 9459
27508 13339
29913 28079
80437
36184 9222
20625 1847
22950 11608
32102 21667
55489 27598
45982 21513
21198 20077
24016 21312
49885 21783
25428 15297
22832 8835
21485 2820
78497
32273 29702
17259 10116
30967 29834
33065 4415
21079 18062
13798 5889
26187 19998
47226 26670
47042 28465
39370 17532
21139 1833
30515 3681
90820
30744 24529
42809 19900
41226 12753
27088 16866
37474 25767
22720 16452
12106 10937
30478 2915
22998 20051
34149 21025
12698 9866
30687 30203
96588
50777 30383
23933 9529
26341 21700
32478 18851
49089 30226
10034 6357
42373 20454
15451 13552
16395 7178
25058 11760
16338 1453
28824 26228
99495
46110 18518
26569 755
37082 22558
26639 2413
24228 24146
38632 24386
35741 8966
6366 1030
26822 25395
34781 21464
8381 6007
11287 8835
113971
19841 5310
37110 18682
28757 26011
26768 3915
10639 9212
9854 5112
23615 1377
24573 23438
43174 17548
7648 1448
12994 5323
40855 20250
83845
24546 8729
32642 30709
50973 32314
27326 25902
43092 22959
35113 23512
36510 20415
14236 2804
21608 7942
39741 13617
32897 26898
9368 8166
67147
17299 10776
50560 26908
24406 15276
29029 4372
13812 11470
28746 10367
19468 10109
36588 10004
13636 5487
11441 5631
18687 17593
31702 4720
89526
56122 27161
36626 18061
27544 18539
38797 10287
10215 8301
36691 17279
6954 6426
21361 2310
41917 13346
30790 16007
21153 9570
44552 30939
59166
56015 31899
44289 24802
13249 11309
24288 15935
39940 11665
18029 6776
18916 8616
27168 26893
37890 26283
23375 5127
56451 28992
42425 14824
104768
17993 16894
7937 6933
27930 23245
31590 30357
33856 13539
54905 28759
40634 29736
41824 16380
24209 11009
46451 32218
11678 8374
30997 22203
46650
42854 17350
38290 16990
24484 4621
13164 10668
26622 26571
26348 5879
11708 11256
53499 30391
19323 14659
13694 12600
20363 18038
41469 30433
55553
39191 26680
25868 20464
40858 24540
47794 20901
53132 28378
27783 150
34582 15280
58983 30271
28744 6944
10726 7618
6878 5219
12632 2177
122697
11462 10318
27911 16999
32745 9775
18769 11758
30340 22202
36265 31636
55693 26582
36128 21850
52449 27558
11638 9220
23269 17230
35072 5325
117685
30920 28890
20451 10763
21244 9241
40810 18123
28332 22745
13971 8683
28372 15386
36978 18050
18149 16457
38714 16171
41479 26209
47491 27268
125281
5436 5224
18280 16197
35556 30982
22359 9270
5488 4527
44108 31752
15250 101
21487 4834
31469 25494
37920 24025
26345 3664
32497 31993
84533
26613 12198
20346 1969
28473 18131
53631 28243
43862 21908
29162 28933
35211 31050
27693 7924
27760 27361
46173 25884
21045 3021
41140 31142
64868
39746 29287
34845 30053
41273 27838
12691 7940
27514 13337
41486 19496
45587 30932
34168 32410
41218 24866
30890 2026
30501 29079
18928 8915
72799
17295 3450
13407 4754
23263 9667
42917 25168
37830 22164
23669 9535
50134 21317
34639 12173
1792 839
14328 12661
29199 2561
35139 18560
113041
43591 20998
12325 11824
37848 21945
8906 7711
31113 30355
28639 1387
28040 12651
24717 21141
29758 14591
43898 18662
36767 18920
46219 25661
84826
38799 19238
43316 29636
36237 11518
53643 24562
56921 27939
22909 9755
28955 27122
2602 2196
33646 4192
18813 3953
15435 3509
15950 1694
75913
20284 3443
27185 9185
27741 21504
34208 19525
16911 7463
19365 1487
30821 28905
6797 4385
27360 1397
52123 29788
44322 20857
14021 13390
107046
37487 26958
21987 5179
20582 1641
40873 19763
22860 11313
33889 27664
28561 27216
43391 27248
47196 22261
27749 25676
22919 20850
46243 16884
61582
22471 7674
22490 10730
29623 15108
16214 14225
23679 3448
15017 12961
35425 6795
30724 4707
10128 9111
29442 18819
26134 8653
45243 30619
104668
10056 224
19594 3550
29471 13227
28402 21151
34345 7589
17230 8164
25183 14084
14484 13672
33562 11107
43437 26707
22099 3129
30411 28689
62603
6479 3289
33245 5191
30028 9661
31233 19590
30129 29839
13167 3238
24456 23002
39245 11499
39478 16251
17158 407
41091 16548
47530 32722
102597
43059 14675
5308 2367
50343 23383
17919 3239
37110 26452
45191 15222
5734 5122
37058 29654
38878 24780
36915 21081
43917 20265
16951 4276
88917
59347 32685
16278 2255
29563 21508
50459 22604
26963 3718
14391 2960
37355 9238
15226 14548
54587 29877
22934 20241
33561 15096
37367 16718
61280
28875 10658
41515 18858
35594 28108
45493 31171
34744 5020
47448 27861
25468 4287
5066 4864
21629 20686
48346 30007
7728 1167
27285 19681
61982
59071 30835
4260 3174
22430 21185
38548 10605
6355 4933
32634 30147
36649 11207
15122 6109
31501 20791
45570 17768
27382 25978
37791 24564
80891
43972 16064
24632 3331
12638 12269
37886 10825
14891 14162
15916 6129
41663 20017
36530 30350
17817 13421
38973 17126
16663 7329
32638 17777
120342
13472 12306
56809 27297
36767 27464
27912 16200
20483 12809
10315 3549
53709 30189
16907 7544
4919 1901
15866 7691
24982 1290
27725 14707
87885
35644 11767
23694 5804
11127 8649
32679 17602
44928 21116
61426 32061
27293 23947
6412 6235
44801 25261
30675 19037
47656 19411
44524 16863
93614
10194 9964
34247 14638
5976 5874
30168 1770
20368 4714
34972 10868
43164 22721
48112 22718
828 299
13309 8684
14894 4648
37283 20930
75377
39880 29556
40784 11368
16331 3277
35054 7468
44892 15132
15182 13107
30456 17004
46317 18965
58189 29458
29992 9512
5053 1159
26124 3010
109810
39496 20964
39405 24872
48752 27349
32332 6412
21394 13353
20882 19725
44238 31485
9561 3787
54464 32711
43003 22432
18155 12613
21535 11113
68110
22953 21739
34782 27126
30132 14602
49874 22372
33313 4337
27311 13927
18227 3848
54290 24538
19281 10752
46652 22401
59646 31117
30705 27949
39165
41931 23261
60285 30501
31103 19504
48813 30578
37544 28640
38106 17465
12905 7981
47796 22259
28279 13941
31747 9482
4244 1669
48778 20480
75888
37249 17948
12759 3033
48688 19141
38326 17578
18952 5871
25812 18352
4229 2665
36286 31461
54902 27316
44686 20812
42800 26789
49458 28658
77169
43799 29344
36049 28557
41168 28894
19360 6349
46212 31084
27689 347
40087 20854
35981 29389
30386 703
4055 2062
46509 28236
49702 19946
89385
24869 20634
8490 7053
26871 2368
21603 20996
42389 19185
11729 4497
27344 18652
21204 18659
18809 7750
45295 30788
8872 7173
6045 4467
88956
25999 24231
28361 6059
34086 26609
24742 22782
33537 18861
41997 15744
12879 7897
46635 23295
28885 17326
24201 5298
30236 3246
46713 26408
64064
28731 12837
29207 12051
29095 15743
37122 24810
11019 7614
13614 3559
4102 1069
27974 18560
8634 250
40613 23362
34385 28561
31779 4748
99525
44621 28738
23723 23669
42369 21825
28929 20551
49316 28654
19449 344
30213 976
32229 15966
30082 769
30296 14274
29424 17564
36356 18923
89868
15454 13435
37188 9113
38258 25464
21518 13691
19150 13701
42020 21134
17731 17722
33269 27990
10130 1738
47338 21593
20845 8775
22124 19650
83303
36492 6928
35259 32499
29918 24473
39629 22215
11501 11282
23568 21284
48597 27872
9444 2999
51158 23683
7602 980
13306 11359
28589 7713
77408
43314 16229
40707 20147
26254 491
39912 13617
18828 6748
27524 14191
6667 511
19954 17724
32161 30183
46696 25417
18328 17939
32930 30120
116413
29033 8128
11511 4830
42730 15298
23221 16989
4119 2395
25629 25157
30693 9852
18825 16219
41086 32354
15709 15154
12508 12231
18239 11316
70029
20122 16751
5703 849
20988 5343
37880 28363
2743 88
24943 8763
37197 9010
36597 30385
45291 25006
24239 23408
35730 10230
49710 26441
57766
53842 25757
22587 14014
30725 28571
54506 27584
27611 11880
28066 12965
18761 8767
44929 17478
31936 29202
32787 3103
34239 28945
30140 4027
92009
15357 13705
38614 26498
33957 31849
24339 16361
3487 1131
29526 7106
32462 25099
21649 973
36073 19008
12863 4159
13822 87
36389 20468
113040
29679 20552
20408 3514
5680 3848
53974 27760
44062 27058
23292 15153
14105 13930
35331 30075
21105 18463
35016 15734
39658 20596
46292 32191
126534
31623 13192
51550 26019
31094 17747
49436 22156
21190 4350
26971 6307
31170 2748
18814 7938
19883 15544
44596 26852
13695 3794
30074 1466
90727
32718 31666
40780 20950
29821 338
21318 464
30570 23230
43215 20773
32076 8500
38263 24293
54412 29187
14855 2176
52716 32470
40805 20719
87486
7024 3902
51781 28545
23156 21176
34927 13428
27172 11525
5292 714
49332 22997
50978 32405
46992 21950
10021 8102
50791 26328
29054 4483
49736
30133 1849
4022 2637
28657 88
23895 17024
35445 9914
37884 18130
42053 21568
58727 30183
27597 15318
18486 16809
44743 21271
49976 32466
73875
61053 32155
25402 17315
25451 24495
28730 12312
11331 9219
8919 754
32563 21123
39772 27026
39686 27616
42821 23332
29802 4616
41927 19323
91253
43984 31596
36570 15439
20911 11166
19714 2518
22248 7220
17310 1831
23259 3419
50268 20568
39070 9323
45417 27734
43055 29173
50905 32729
84222
40715 31008
53276 23732
48437 28064
28998 8879
37690 12077
21689 14637
15973 357
25557 9388
23074 22777
20563 14198
33156 15112
4052 1622
101895
28581 4324
35459 32071
28792 26645
43664 23046
27391 13376
49810 24613
38461 14421
23742 5532
31137 30021
14041 5891
28546 26481
43235 16605
41316
7978 7813
33841 6330
30010 28627
46904 29815
52182 32696
40964 28955
34324 4979
26338 24396
46035 18838
39537 10979
22909 16190
23765 14478
50521
14862 13115
50687 21629
5353 2622
27854 10331
33632 12310
21857 19720
30163 12936
13435 12328
34208 9313
9191 4983
27878 17733
35963 6002
0
