10
4801 3475
4480 5828
3905 8695
3194 799
4347 50
6733 2414
7125 3316
8210 7775
5253 9105
5201 6021
10
505 927
4151 353
9926 4850
6978 4233
5011 4470
4586 4365
7262 8979
4413 9686
28 5354
1087 4540
10
3498 797
8886 462
9195 1919
9623 4353
8588 7182
9130 7668
9623 9813
4789 8075
2854 6700
1412 5951
20
4235 890
6522 701
8875 4637
7437 6952
7265 4825
6288 2824
5075 2636
6950 5065
6640 5555
5224 4234
8749 8713
4568 7593
2095 6097
4799 6896
7198 8010
6272 6271
4416 3415
4467 4770
2658 3643
552 2546
15
9998 311
9511 1917
9748 8695
8479 5742
7640 9547
5651 8597
6060 8644
5228 8098
3970 6011
1714 1577
2198 7449
160 2013
3266 476
5718 4393
6922 501
20
1767 6361
1874 6338
1943 4328
1628 4056
518 3109
3453 1949
3604 1855
3761 498
5587 4583
5814 4206
5980 4287
9473 427
9498 495
7935 3601
8223 3433
7523 4682
7773 8786
5700 9746
1525 9322
1731 8796
7
3108 2899
5325 122
9597 1183
6197 6078
6495 8914
3455 9072
1068 7216
7
2178 3554
5769 3991
9688 1885
6369 4743
8622 5312
748 8112
172 8372
50
527 3763
1246 3852
276 550
310 54
2139 3057
1407 1045
2653 1760
2740 2117
3645 705
4607 1536
5564 1492
6693 1155
7230 905
7214 1276
4591 3358
9385 1299
6416 3165
8584 3741
6912 4189
7536 4276
9694 5219
9015 5516
6463 5355
3893 4696
6338 6088
6616 6241
8254 7732
5757 6352
9914 9306
8066 8097
8342 9168
5198 6536
7869 9136
7707 9791
5097 7130
4888 7093
4576 6737
4352 6592
5627 9530
4514 8993
3801 7762
3386 6690
2995 8510
1755 6259
1203 7053
345 6274
277 6092
785 5248
1547 4897
146 4339
30
2414 1562
2092 117
1788 1708
3339 5890
3996 6980
3821 8630
4592 8742
1925 9513
849 9443
1155 8387
480 7141
1301 6568
1549 4845
734 3787
801 70
3555 49
4296 926
8182 3859
9595 9873
5706 8992
4621 8771
7762 8768
4557 8542
5351 7493
7494 7636
8537 5916
8266 5507
5982 6861
6741 5015
3843 2077
50
4049 2745
698 2604
1027 2527
662 782
1689 36
5739 2668
4502 1184
5168 926
5502 604
6592 536
9771 720
7394 2463
6484 2692
9950 2927
7588 3078
9241 7542
8476 6468
8139 7009
7428 5770
7825 6806
8230 8965
7591 7636
6814 6702
7002 7566
6525 8035
6382 8467
5349 8177
4375 8745
3483 9810
3611 8819
3506 8900
2952 9194
5079 4217
4033 6137
4105 5353
1592 9009
3605 5921
1543 8667
1754 8020
4079 4756
500 7617
3766 4640
589 7243
571 7030
1503 5554
1690 5356
229 5965
4644 3327
2426 3996
2703 2775
20
1660 95
3401 909
9070 1880
7952 3874
8545 4362
6405 3426
5818 4702
5919 6952
5366 9298
4909 8283
3732 8921
1931 8993
3385 5999
1754 8796
1825 8264
1775 6816
549 7773
43 5532
559 3345
3212 2738
8
1428 6528
1506 6251
3112 5771
8559 4796
9778 4071
9230 5902
8004 9676
476 9549
30
2132 6169
1547 5184
1919 5108
80 1467
2281 4191
1317 2719
468 672
1704 440
3527 4276
3412 2242
3696 34
4722 3021
5729 2041
7543 289
6976 2758
7073 2923
8458 1647
7113 3806
7422 4892
5744 5831
8846 4766
9526 4957
8678 8343
7302 8412
6509 7989
6045 9173
5567 9478
3840 8127
500 9274
1112 8489
8
5 2271
3332 5147
2961 2539
3881 5561
6695 352
6094 6107
7005 8313
699 8330
10
7459 7128
1580 9128
6080 5445
3160 6372
2273 5356
531 5738
938 3608
8773 302
9658 2848
9114 7398
20
5392 8248
5530 8845
2858 8692
1443 7252
2539 7530
994 1310
4297 198
2739 1114
2593 1598
4343 4349
2818 6146
4196 6557
8098 580
5693 6353
8954 4221
8957 5653
7216 8103
7024 7659
4919 7097
3061 8428
50
7683 9168
9642 8712
6484 9890
7637 6940
7718 6096
4580 7383
4430 9946
3508 9485
576 8932
3084 8439
2715 8436
1391 8623
1197 7558
699 6568
3452 5384
628 4889
3557 4647
3678 5273
3799 5180
2352 6749
3092 8274
3344 8479
4330 5903
5611 4551
3272 4369
554 3217
1092 3191
3999 3962
4520 4464
2358 1566
1851 202
2468 916
3828 1669
3906 450
5449 656
7117 247
5078 2910
8414 776
8265 2523
4694 4456
8903 4537
6930 4408
8283 3385
8597 3081
9159 1451
9291 1327
9484 4773
9258 4828
9026 6023
9743 5473
7
6085 7236
3082 5763
8961 3653
8785 8211
3805 9858
3221 9130
1076 8652
10
1941 5232
5714 5200
4281 3484
4574 586
6920 122
9067 4987
3833 9536
3594 8039
5423 5633
2402 6060
7
2915 3804
2422 1223
2722 1731
7773 4814
7909 8527
7643 9067
4271 9567
15
4648 6166
4019 8147
153 7906
2028 3513
3218 4650
3195 3308
4146 3990
6667 3098
4424 3089
1618 2663
2762 1024
2922 2327
7639 2892
9604 3235
3952 6534
10
1509 1423
6573 1980
8934 856
9622 2692
8752 3565
9010 4380
9554 6304
9186 9691
1605 7211
5735 4708
30
6466 1724
7859 268
9025 3319
9603 1388
9951 1741
9391 9393
9273 6111
8273 3582
7461 797
7840 4216
7568 6353
9031 8259
7271 8937
5231 8838
826 6920
1687 6336
5762 7636
7529 8719
5692 6922
7160 7172
7314 5092
6977 4767
5757 5534
5478 2773
2611 1860
3722 2303
4267 2946
4057 3639
498 5091
2941 909
50
5 699
1401 2224
2554 2439
1086 485
3913 2217
2602 368
5547 735
7122 2160
7693 189
9154 743
9623 1521
8125 4680
9822 4616
9597 6813
8274 8224
9334 8408
9508 9878
7686 9984
6151 9404
6543 8524
8275 6128
5165 9235
6639 7084
7617 5234
7877 2053
7699 917
5495 8178
5484 7844
5218 7172
4480 7691
5942 5073
5812 4657
5798 2918
5900 1728
4318 3590
1187 5812
3619 3576
1854 3348
2125 4160
190 6359
3650 8823
1053 8224
2621 9011
5601 9401
1045 9538
1168 9984
197 8257
142 6471
195 2692
514 5042
8
8071 9404
1131 1585
6165 3526
5368 2683
1744 1028
7249 2017
9259 5236
9321 9102
50
7493 4575
7207 3419
5792 4240
7127 3254
3865 5299
6195 9261
5802 9585
4286 9940
2747 9951
666 9382
698 7796
1050 958
1772 1831
2228 3400
2286 5029
2298 6440
4525 9872
4042 8368
5017 8416
2737 6707
2630 4566
2348 3005
1924 1816
3072 1348
3788 1532
5478 399
5049 3398
4466 3307
2741 3668
4046 3628
5357 3578
7616 229
9365 1515
9636 1749
8458 5604
9237 6192
9087 9519
8390 9830
7310 9293
7172 9197
8653 8156
8979 7634
9080 7387
8773 7614
7787 7012
7651 8079
6051 8596
5671 7985
6986 5709
7712 6338
30
2014 5118
2066 5726
9138 5751
9932 6534
5423 7850
5120 7788
3332 8000
2632 7404
750 6772
127 4197
782 1084
1656 415
1153 2078
4114 628
5079 220
9357 443
5760 1673
2705 1480
2026 1864
1354 2431
2452 2295
3993 3499
7407 4678
8391 2751
8970 2222
9018 2214
9345 2378
8359 5692
4795 4988
3953 4947
20
2411 1735
3467 1278
3597 1300
5890 1263
8673 739
7502 2348
6301 2584
9247 3633
9871 6193
8818 7558
6955 5323
6613 6302
5893 8966
5514 8023
4657 9664
3324 6861
404 9440
1070 6429
2650 4259
3234 3140
7
6855 363
9079 1066
9587 7769
8389 4874
5560 4080
1936 5981
5662 3382
20
8474 293
6769 2917
4974 5871
9599 4199
7065 5524
5998 6717
3684 6683
1203 7931
6680 8058
8380 7672
8934 9871
5388 9006
4309 8493
1539 9917
93 9736
2073 4889
4653 4731
1508 4433
2838 442
4760 319
8
2807 1407
6735 2676
6094 2978
9285 7233
8504 7499
3574 7640
460 9703
1634 6397
30
1851 6315
1379 4156
1911 4306
866 2656
2092 3470
2328 3786
1332 556
3663 4626
4161 2688
4368 4367
4859 5620
6139 3003
6610 2115
6475 2578
6783 2102
7333 2231
6271 4133
8357 1236
7476 4943
6879 5458
7606 5489
7996 5945
9956 8425
8388 8013
7518 8299
6307 8950
2886 9922
395 8316
2552 7598
1679 7005
30
3463 6560
3214 6295
572 5793
2564 5960
3426 4758
4682 5664
2577 3901
785 2038
2586 2895
1968 1402
4540 4376
5043 5099
6077 6685
3111 984
3377 505
5305 3447
5528 2928
5939 2314
6017 361
6168 635
6416 5736
9435 1686
8758 3427
8672 9752
6998 8935
1810 9907
1888 9797
1503 8717
1426 7445
1228 6931
50
934 3349
1654 5395
124 1187
209 410
3293 1311
3619 932
3993 503
6239 517
6246 638
6635 836
7229 904
8160 566
8636 927
6778 1974
9889 1286
9991 1303
9737 6825
9224 7580
8748 7797
7936 7465
7696 8168
6257 9979
5135 8605
4622 8864
1754 8080
1664 7939
2948 5769
1881 4190
4533 6337
4635 6489
5605 8047
7385 7542
8216 6893
9459 6414
7140 4299
8216 4184
3861 1444
4725 1800
5358 1164
3505 1425
4777 2682
3055 2601
5718 3290
7501 5915
6120 7478
4125 4840
5680 4998
5214 4000
5083 4795
3594 3879
15
1085 2728
1921 1511
5781 5458
5025 1875
6568 576
7480 1664
8857 1290
8937 1681
8504 3523
9756 1333
7600 5916
8935 4480
7800 9167
1248 8900
881 7393
30
5869 9830
3172 7667
4026 7236
3997 7185
3646 6939
2420 6256
2023 6500
116 3087
1222 3807
1381 1861
2628 3363
2476 1037
3199 2096
4962 4318
4486 6265
6966 919
6942 358
9374 1601
9677 2215
8561 2783
7464 2248
6152 4605
9549 7416
7437 7258
7858 8510
8176 7820
9723 8959
5095 8430
9635 9652
8518 9901
50
1030 5580
1177 5269
1445 5184
2217 5541
3529 6033
1009 3125
1398 3380
1220 962
1379 1195
3073 3409
1785 469
2475 92
2566 165
3461 2182
3109 490
4505 3887
4746 3680
4732 2612
5248 3126
5273 4075
5523 2674
5597 1857
5898 1885
5693 4530
5438 6307
5939 5302
8268 650
6915 3758
8114 4725
7406 6109
9642 5483
8970 6043
9267 7330
9466 9702
7203 8480
7340 8660
7590 9149
7816 9619
6998 8913
6276 8863
5473 9162
5275 9592
4781 9197
4128 9170
3538 8641
2863 8378
2479 8451
1545 8587
332 8852
1351 7958
8
8783 8175
6054 8010
3301 7193
2140 4499
4210 5637
371 366
7782 6738
8996 4464
15
1720 2230
218 807
2124 564
3860 2423
7794 860
9161 4834
9870 5217
5072 4478
7172 7400
7018 8451
4273 9473
3778 7966
3797 6598
1982 9357
111 8931
7
1283 4801
3413 2604
9810 1345
9338 8550
5139 7326
3296 7197
3225 6764
7
7211 738
3272 3021
6007 3841
7466 3468
4342 7768
1970 3456
4357 307
7
4579 1763
9590 4389
7579 6263
3030 9940
3 3487
1019 4352
2972 1183
10
1719 2210
4351 2280
7813 4899
7382 6580
9836 9721
6996 7814
3452 9321
2754 7384
2453 8100
1721 9390
20
4142 1280
5687 1082
6589 1926
8802 1124
9510 3513
7280 4626
8613 2949
8477 2775
6707 4844
8844 9673
7838 9333
2307 9630
1210 9857
3688 8844
6873 8874
3847 4860
5125 5465
5050 4613
1632 2161
2190 1445
20
435 3385
2827 3865
127 2165
3943 1884
6120 2594
7715 2115
8156 2168
9922 153
9109 3617
7954 4800
8818 6836
8291 7848
7579 8695
4697 7430
3439 9209
2946 8492
4173 6981
3946 6221
2130 6635
901 6456
15
2892 2572
2716 814
6115 2662
6339 2862
4914 750
6952 2634
8533 4853
9879 8225
7142 4623
6963 7752
5320 5307
4391 6146
2558 6234
4435 5029
709 6152
7
1211 3607
1532 2900
9586 6888
9527 9207
6856 7025
3615 6975
1964 6989
50
8929 67
9925 3503
9812 4144
8966 3018
9138 1407
8659 1853
6879 2249
8433 3716
8055 3471
6238 1747
5843 854
5054 1739
5452 2461
3079 2075
4153 3373
5723 3512
6562 3521
9351 4953
9369 9469
5851 9985
3924 7283
4004 8979
5332 9986
2660 9961
1000 8461
2187 7595
108 6924
226 6440
10 4692
2540 5769
5070 7652
6342 8368
7773 8589
4840 5974
4341 4787
7225 5937
7666 6833
8116 5490
7635 5003
7308 4146
5422 3580
3759 4084
1749 3595
267 2598
2120 1466
4239 620
6283 234
6780 1029
6834 1444
7608 97
15
6311 8843
6548 1355
3584 7828
2498 8932
1794 7510
2153 6469
4759 2476
2334 2517
1773 1062
828 605
3562 1390
7978 1226
9216 8302
7649 9181
7665 8095
10
178 9042
528 1243
536 3642
1509 7973
4905 4037
2998 1300
7144 1187
8952 4379
8122 6862
9679 9024
15
1726 1054
7398 767
8050 512
5480 2395
6523 1968
6467 2274
6588 2370
7573 2656
4836 3214
7422 3899
6211 4071
9408 8437
7111 8237
5638 8036
2821 4008
8
400 1816
4143 3118
9040 6733
9603 7322
5714 9849
1103 9580
51 8844
667 4032
10
6720 9755
6917 9883
363 8452
1861 3256
9451 5864
7400 7185
4464 4523
3288 4514
7136 9521
2884 8020
15
2145 5438
2942 6530
3588 7372
3620 6892
2934 4968
3929 1399
977 292
9686 2598
9982 2861
9179 3422
4304 9440
1514 9172
2472 9056
1261 9122
673 2921
20
272 4627
617 4554
1158 4643
1118 3666
2129 5165
3294 2486
3485 2964
3931 3341
4120 3161
4848 2963
6156 2894
7088 2695
5117 4305
3813 5547
9703 2517
8347 3290
5494 5590
5329 9002
3411 7035
3623 7898
7
6150 987
6757 6287
2394 9992
4962 5726
1437 3787
2195 306
6116 6503
30
1613 6063
829 5423
442 3980
455 3691
1965 4453
609 2486
63 1639
1948 809
2556 1970
2314 711
3603 1059
4058 546
3742 3906
5914 108
6838 3857
8544 3082
9237 2878
8465 3675
9043 4381
7234 5063
7802 5115
7564 5934
9098 6910
7975 7833
6703 7927
6319 7858
1216 8297
141 9323
1502 7969
252 6540
30
744 6304
132 3848
3118 5154
165 2913
5863 6520
4682 5217
743 925
1822 1329
4164 988
4619 2008
5639 1123
6017 1202
6288 3316
6533 575
7046 4795
9042 999
8000 4149
8755 3504
9796 5210
7422 6432
9830 6760
7888 7754
7478 7638
7441 7793
7290 9856
4729 7570
1029 8375
1388 7557
3061 7137
921 6867
8
3583 3705
5038 6884
4670 8327
2110 4090
4946 199
4668 1050
8418 3744
7181 4475
8
693 1989
3629 6447
3767 6358
7597 5898
9130 6107
9789 9119
7045 9497
350 8188
15
2937 885
3738 911
1206 340
6659 64
6294 2237
9344 5072
5876 5453
3129 7909
3806 8631
3943 7639
5597 5863
6373 5527
5381 7160
9056 9326
1519 9790
8
7690 9647
3847 7442
5644 8744
3249 9529
1914 7917
473 5715
1949 1318
7203 3283
20
5162 2593
3492 5479
1800 3840
516 1572
7971 29
8779 1091
8577 401
9274 248
9454 850
8502 3303
6401 8083
7019 8672
5705 9487
216 9675
62 1461
1881 4479
1806 8921
2732 7934
6835 5157
6382 3011
50
5048 4932
501 4439
1129 2997
2707 2703
4017 3571
1627 1574
2372 1029
3029 1619
3385 1050
3778 1471
3932 1646
4930 477
5492 2253
5280 40
8531 879
9412 307
9422 367
7164 3653
9642 341
8667 2184
9280 1593
7611 3613
8828 3448
8356 4318
9314 4752
9515 5431
9856 7684
7443 7916
7799 9857
7007 9869
6429 7388
6569 9587
6255 6227
5796 9026
5600 9304
4976 9604
4227 8875
3246 9625
4374 7591
4373 7217
1807 9675
2443 8464
1246 9391
1124 7163
2258 5845
1690 5949
1204 5684
4741 5147
4011 5166
797 5335
30
8524 3456
7746 5851
7192 9244
6221 6241
5723 8286
5101 8663
4168 7987
1714 9850
1343 7601
915 8271
192 6700
1188 2738
675 2936
211 2301
1520 1232
2721 483
5573 317
1954 2439
1810 6006
1531 7226
3538 3520
3883 3076
5026 1301
5099 2523
4500 3442
2614 7388
8332 2576
9906 3650
9274 8293
8646 7262
8
4293 6848
2135 1992
8835 1305
7467 7957
7757 8043
4122 9462
5222 8710
5374 6325
50
2015 4154
3540 4089
2772 3886
2538 3659
819 2966
2049 3276
807 2496
4099 3399
2963 2732
2040 1898
4782 3657
4477 1891
4996 2558
5413 3391
4858 1977
5465 105
5986 1638
7166 659
8261 1586
7134 3315
8770 1941
8255 2477
8119 4403
9812 5018
9865 5316
9867 6913
7531 5718
8058 7359
6846 7668
7116 9898
6377 8388
5723 7224
5225 8883
5551 6513
3889 9982
4147 9108
5004 6693
5418 5359
2949 8713
4484 6436
5231 5343
192 9953
1491 7985
2355 7134
999 7359
907 7395
1455 6887
689 6336
1159 5341
1160 4670
10
1265 4089
2385 1638
4064 5272
4087 2808
7628 5245
5852 6397
6556 6792
5237 7885
3890 9484
1050 7954
15
1250 4223
4607 4745
5058 2555
8928 373
7419 3060
8285 4259
7259 4818
9282 4607
8432 5222
8625 5919
9209 6645
6069 7056
5104 9078
2311 9488
1502 7524
0
