3
3 4 5
4
1 3 3 5
3
117 170 197
3
210 229 247
3
185 185 222
4
5 45 89 113
4
13 52 53 68
4
53 113 119 159
4
287 287 287 287
4
13 13 169 169
4
201 201 201 201
4
118 118 195 195
5
287 287 287 287 287
6
287 287 287 287 287 287
6
79 79 79 79 79 79
5
1 2 5 5 5
5
5 7 10 13 15
6
195 221 255 260 265 290
6
145 170 205 221 265 290
6
130 145 169 185 195 265
6
145 170 201 205 221 265
5
145 170 205 221 265
5
4 5 5 13 15
5
41 41 41 82 123
5
41 41 82 123 205
5
31 41 82 133 205
5
41 41 82 123 205
3
123 164 205
6
26 73 65 41 82 205
6
67 43 86 201 110 287
6
25 170 143 13 52 65
6
13 23 52 65 120 195
6
13 30 87 68 75 195
3
1 1 2
6
3 3 3 3 3 3
0
