3
1.2 .89
.88 5.1
1.1 0.15
4
0.21   0.00353   8.13 
3.1    0.0023    0.35
200    180.559   10.339
2.11   0.089     0.06111
2
2.0
0.45
4
0.21   0.00353   8.13 
3.1    0.0023    0.35
2.11   0.089     0.06111
200    180.559   10.339
4
200    180.559   10.339
0.21   0.00353   100
0.0023    0.35 3.1
2.11   0.089     0.06111

4
2.11   1.089     0.06111
0.21   0.00353   8.13 
100    0.0023    0.35
200    180.559   10.339
4
0.21   100   100
200    180.559   10.339
0.0023    0.35 3.1
20.11   0.089     0.06111
4
0.3 0.01 0.01
0.01 0.4 0.01
0.01 0.01 10
0.01  1000 0.01
4
0.3 0.01 0.01
0.01 0.4 0.01
0.01  1000 0.01
0.01 0.01 10
4
0.01 0.4 0.01
0.3 0.01 0.01
0.01 0.01 10
0.01  1000 0.01


