2000 1000
66501 2
20120 2
37955 2
24588 1
81616 2
75483 2
11436 2
74829 2
20533 2
85447 2
77675 2
92092 2
33875 2
74458 2
70669 1
1729 1
44248 2
22073 2
85589 2
84401 1
85165 1
59432 2
14655 2
78870 1
8951 1
14500 2
91153 1
64376 1
58198 1
3253 1
51102 1
73083 1
98684 2
50278 1
98774 2
47842 1
18393 2
94290 2
48896 1
86598 2
6293 1
29258 1
70248 2
38921 1
99333 1
44565 2
50280 1
89311 2
17927 1
73862 2
72868 1
87138 2
79056 2
60892 2
24097 1
94376 2
25093 1
95295 1
45699 1
40474 1
19835 2
30373 2
26989 1
94145 1
52162 2
58818 1
91034 1
509 1
13425 2
13803 2
75478 1
23333 2
45403 1
51417 2
37779 1
51953 1
11745 1
19384 2
98995 2
84232 2
40452 2
89469 1
84138 2
78994 2
65943 2
79606 2
16980 1
21422 2
40714 1
4455 1
98782 2
28739 2
50478 1
71963 1
12063 2
283 1
71445 2
7866 1
43168 1
37669 2
73151 2
12178 1
12624 2
67368 2
59012 2
38566 1
73827 2
54334 1
33642 1
52320 1
26197 2
11660 2
33576 2
68079 1
8990 2
93897 2
30559 1
77379 1
99582 2
47297 1
44853 2
45929 1
39029 2
52343 1
19650 1
80078 2
34550 1
19275 1
36217 2
77171 1
71640 1
48851 2
25255 1
51109 2
49898 1
59894 2
73667 2
30219 1
62492 2
15996 2
60591 1
31949 1
17340 1
21714 2
67663 1
74727 1
87413 1
83363 1
8831 2
82399 1
65213 1
22664 1
76362 1
97692 1
1837 2
38333 2
39313 2
47861 1
96250 1
87729 2
5235 1
3179 1
69293 2
66902 1
30724 2
86927 1
88755 1
15204 2
73914 2
51467 1
95919 2
23742 1
90506 2
49020 2
4858 1
67167 2
86390 2
99622 2
46180 1
35505 2
34216 2
2487 1
38562 1
70293 2
15482 1
36956 1
15318 2
6368 2
7105 2
96612 1
37753 1
56456 1
75497 1
72600 1
18890 1
80016 2
19118 2
74636 2
17745 2
74064 2
46687 1
96206 2
69118 1
71767 1
75740 1
85259 1
61833 2
86902 2
10845 2
4230 1
44635 2
25109 2
9830 1
31077 1
48695 2
29957 1
2605 1
21647 1
2958 1
40910 2
6210 2
1331 2
31368 1
84678 2
84066 1
70599 1
52247 1
76086 1
20530 2
96328 2
61757 1
71176 1
94934 2
40037 2
53396 1
73888 2
2931 1
70904 2
41926 1
87441 2
99620 1
32375 1
68712 2
80072 1
59901 1
19063 1
26297 1
16483 1
2072 1
39490 1
82178 1
2363 1
56044 2
39543 2
90847 1
89758 1
45672 1
32477 2
4634 2
45074 1
20283 1
48895 2
97322 2
97634 1
90745 2
14474 1
24270 1
63797 2
15042 1
37472 2
69304 1
29674 2
70765 1
97026 1
95322 2
24629 2
99306 2
25542 2
85884 2
77059 1
82694 2
93002 1
27884 2
58107 1
10146 1
91972 2
43294 2
94302 1
35239 1
42359 1
33909 1
17600 2
62669 2
92923 1
94814 1
78625 1
30962 1
68765 1
83507 2
48120 1
60843 2
43520 1
3943 2
42005 1
36414 1
35497 1
82265 1
37498 1
9319 1
22495 1
21289 1
2790 2
65553 2
53763 1
89268 2
10953 2
93553 2
85552 2
5162 1
2735 1
93996 2
35306 1
84875 2
96274 2
76931 1
76311 2
22966 2
29045 2
65531 1
18279 1
83867 2
15082 2
98839 1
89206 2
86051 1
17984 2
45244 2
78307 1
38542 1
10539 2
72773 1
62651 1
17280 2
82489 1
47238 2
70610 2
74222 2
58787 2
74159 2
17999 1
9614 2
41657 2
31847 1
57056 1
88442 1
45388 2
86420 1
12479 2
98563 1
27383 2
8772 2
73047 1
28906 1
45333 1
59129 1
6206 2
1347 2
58040 2
36432 2
24448 1
81150 2
86285 2
58672 2
18278 2
94294 1
20981 1
12610 1
30531 1
44351 1
89962 1
13180 1
52567 1
41625 1
7386 1
41127 1
74304 1
43390 1
42662 1
61522 1
8461 1
63886 1
34094 2
5673 2
61767 1
23698 1
58530 2
22925 1
30004 2
5505 1
42276 2
56226 2
86537 1
98638 1
58076 1
93100 1
40410 1
62102 1
93565 1
50903 2
73257 2
53176 2
82819 2
38274 1
66235 2
93507 2
82066 1
25247 2
38755 2
64659 2
11501 2
51493 2
46666 2
27603 2
49516 2
65310 1
77556 2
14259 2
98850 2
57786 1
20980 1
14943 2
73831 1
17534 2
11165 2
27519 1
45732 2
53625 2
89633 2
66688 2
7969 1
63461 2
76577 1
48502 2
19543 2
98900 2
63216 2
17351 2
43481 2
42883 1
65183 2
66064 1
50017 1
96083 2
89810 2
49800 1
80943 1
62403 2
95368 1
60699 1
20071 1
15473 1
21179 2
18595 2
72864 2
19057 2
58068 2
30991 1
75785 1
95120 2
20660 1
2378 1
27198 1
35424 1
44173 1
6151 2
75187 2
69487 2
87977 1
52487 1
35619 2
36618 2
75773 2
83404 1
26228 1
53945 1
83853 1
21300 2
52288 2
39247 1
1808 1
12709 2
75271 2
34251 2
86148 2
17850 2
53096 2
47755 2
10715 2
82300 2
84862 2
22179 1
26526 2
91745 2
61082 2
21294 2
67737 1
21669 2
79495 2
54331 2
38969 1
35275 2
84897 2
77515 1
69089 1
45466 2
61359 2
22925 1
14005 1
7288 2
74997 1
92678 1
7396 1
97818 1
90045 1
99725 1
25898 2
53078 1
42744 2
37787 2
14524 2
62305 2
22414 1
54431 1
73688 1
7207 1
96297 2
69509 2
22198 2
19672 2
12360 1
45320 2
11605 1
89439 2
20255 2
2079 1
24454 1
71851 2
97677 1
96803 2
19444 2
16070 1
95407 2
41824 2
29187 2
96689 1
55079 2
73317 2
76136 2
16 2
25791 2
91475 2
19059 2
20756 2
38678 1
47081 2
97386 1
85906 2
87114 1
34095 2
36897 2
78518 1
79597 1
21009 2
75438 2
2391 1
25445 2
81891 1
5086 1
72432 1
70907 2
68131 1
19905 1
32171 1
55451 2
28616 1
13779 1
28463 1
4423 1
9769 1
35707 1
67397 1
19533 1
82601 1
2199 2
63693 1
99461 2
63938 2
6798 2
75313 1
93000 1
49445 1
1531 2
9825 1
64466 1
52601 2
43033 2
69387 1
99958 1
87890 1
92820 2
41812 2
93118 2
81524 2
45351 1
25541 2
96368 1
52441 2
39587 1
34886 1
91394 1
21851 1
42331 1
77209 1
19050 1
2290 1
19928 1
12672 2
99202 1
30659 1
38509 1
32197 1
38168 2
16308 1
29582 1
30797 1
46902 2
41840 2
22887 1
12859 1
27986 1
91499 2
88808 1
5378 1
74891 2
99859 2
7389 2
8779 1
80693 1
48800 2
21223 2
8247 2
70593 1
17413 2
35172 2
40726 1
97501 2
31333 2
8761 1
18365 2
62915 2
51007 1
85822 2
59593 2
13789 2
89499 1
90892 1
44950 1
93436 1
1644 2
95658 2
53097 2
75252 1
31855 1
5495 2
14083 1
92685 1
75161 2
67180 2
84969 1
89208 1
2651 2
47326 2
15374 1
57714 2
24829 1
16559 2
80873 2
83461 1
97308 2
2745 1
41557 2
57557 1
95620 2
99049 2
24523 2
6758 2
37416 2
5263 1
85579 1
38701 2
40976 1
73365 2
61536 2
49587 1
52961 1
37071 1
11838 2
52224 2
82871 1
52971 2
10848 2
86389 1
55356 1
14926 2
62728 1
95749 1
41408 1
2903 1
93962 1
73376 2
89650 1
90126 2
94740 1
70712 1
62424 2
62279 1
51790 2
50571 1
9182 1
17559 2
96038 2
43249 1
32070 1
62553 1
3633 1
63329 1
29347 2
37500 2
14165 2
82744 2
25722 2
89539 2
87111 2
67636 1
59429 2
91682 2
73071 2
99279 1
17047 2
17397 2
39697 1
87783 2
36324 1
38916 2
81253 2
11710 1
52795 1
25407 1
58637 1
47634 2
95824 1
2799 2
59023 1
36023 2
37859 1
9352 1
47856 2
66126 2
96637 1
69406 2
619 2
47512 2
36998 1
68778 1
74763 1
5065 1
80266 2
61554 1
84152 1
1672 1
56755 1
28995 2
14143 1
11116 2
15248 1
34720 1
88689 2
7568 2
95305 2
86249 1
7320 2
18285 1
6851 2
56294 2
85436 1
89715 1
6663 2
80116 1
37112 1
96898 2
40180 1
42221 1
68415 1
38171 2
5755 2
92904 1
9711 2
43538 1
55024 1
78296 1
38026 1
33484 1
37969 2
35545 1
81978 1
1762 1
56950 2
58144 1
55262 1
83432 1
12085 1
43019 2
56756 1
86232 2
85133 2
75189 1
60529 1
6521 1
19513 1
4621 1
15467 1
83940 1
60051 1
19259 1
33423 1
7501 2
84594 2
54100 2
8844 2
16538 2
70097 1
9402 1
26135 1
83931 2
93590 1
90545 2
51631 1
85106 1
9722 1
61494 2
464 2
85462 2
39533 2
84956 2
23005 2
66396 1
4695 1
46845 2
35903 1
77027 1
56940 1
90243 1
69999 1
34358 1
45445 1
71822 2
15285 1
69775 1
35262 2
63829 1
90734 2
11544 1
57908 2
13123 2
7839 1
93849 1
76784 1
25476 2
40719 1
50854 2
91038 1
74000 2
91529 2
44634 2
4057 1
53955 1
62435 2
44718 2
52955 2
77446 2
21669 2
22415 2
41660 2
8296 1
62417 2
60052 1
94998 2
69480 2
50666 1
12629 2
92810 2
13889 2
20571 2
5455 1
60022 1
14824 1
43632 1
81068 1
65400 2
38249 2
97136 1
90623 1
94632 1
78897 1
16905 1
99789 2
91609 2
99702 1
60302 1
25357 1
67174 1
76287 2
28977 1
37438 1
23983 2
3084 2
68771 1
99705 1
1620 2
13537 1
44357 1
64071 1
87230 1
62303 2
53388 2
54443 1
13890 2
59908 2
70151 2
13921 2
49714 1
89048 1
3090 2
41117 2
62528 1
20534 2
87308 1
23671 2
84681 2
6460 1
78202 1
78246 1
28533 1
34784 1
33566 2
22356 1
93428 1
22975 1
92444 1
82073 2
50929 2
84583 1
85881 2
36546 2
13977 1
46243 2
36144 2
53127 1
15256 2
89435 2
21741 2
15556 2
22986 2
81003 2
69557 2
83355 1
93294 2
39568 2
22991 2
66518 1
18078 2
97642 2
83385 1
44176 1
87383 2
40809 1
1747 2
23163 2
43749 1
67440 2
39836 1
59236 2
37405 2
80353 2
70265 2
84756 2
97973 1
33333 2
55309 1
49321 1
6633 1
52152 1
40152 2
65738 2
33013 1
23576 2
53507 2
24880 1
39230 1
10764 1
94953 1
66620 1
76198 1
52933 1
80691 1
37935 2
82831 1
5759 1
3560 2
2878 2
16356 2
42448 1
25797 1
67687 1
98317 1
12880 1
3444 2
42560 2
26148 2
22313 1
79805 2
63842 1
72789 2
15405 1
60784 1
1033 2
17940 1
21527 1
80202 2
51917 1
87644 1
28620 1
62386 2
24142 1
86922 2
67364 2
82662 1
66418 1
70446 2
81459 2
31231 1
28655 1
18526 1
79788 2
76224 2
33322 2
18581 2
10345 1
80025 1
24703 1
71094 1
13860 1
45714 1
17998 2
60978 1
19478 2
37157 1
27225 2
17200 2
50846 1
53854 2
80288 2
7862 2
82635 1
57725 1
53062 1
16587 2
43691 2
73190 2
4115 2
50203 2
16603 2
13100 1
97472 1
45162 2
76245 2
82301 2
78225 1
72014 1
41691 1
83057 2
82587 2
19247 2
40540 2
89201 2
67288 1
25061 2
90645 1
90170 2
63131 2
13564 2
86533 2
96825 1
41108 2
26429 2
54875 1
96189 2
9391 1
37510 1
47503 2
53084 1
44795 1
43018 1
75764 1
66285 1
1514 2
41991 1
64794 1
6480 1
39644 1
52145 1
56556 2
89766 1
90419 2
7954 1
9366 2
70294 1
74738 1
40196 2
57492 1
89084 2
13261 2
11639 2
37955 1
10075 1
58989 1
81314 2
41382 1
8354 2
39466 2
36048 1
28980 2
70087 1
2586 1
91654 2
14086 1
5936 2
57896 2
97473 2
4552 1
11059 2
48358 2
96407 1
29659 2
34783 2
58488 1
17528 2
84325 2
44917 2
46335 1
27514 1
49317 1
78471 2
70295 1
47142 1
95022 1
23977 1
15406 2
46522 2
70350 1
41817 2
21324 2
58456 2
46383 2
87132 2
50479 2
50694 1
77822 1
83279 1
34650 1
66698 2
32494 1
23912 2
27782 2
49341 2
49373 2
31167 1
48017 1
57237 2
89390 1
93203 1
72649 2
46114 1
73985 1
63110 2
79393 2
77594 2
88092 2
48558 2
18451 1
83576 1
96590 2
28621 1
84444 2
34856 2
22244 1
29733 2
32965 2
92313 2
16945 2
31924 1
99521 2
23361 2
65529 2
34227 2
86158 2
72387 1
72319 2
2667 2
78681 1
40409 1
63142 2
30704 2
82761 1
59111 1
37707 2
52464 2
83544 1
34286 1
81186 2
61468 1
18804 2
54677 2
65333 2
82729 2
68311 2
67873 2
38408 1
44291 1
60945 2
23354 2
19613 2
85845 1
5253 1
52524 1
81497 2
76225 1
88975 1
98726 2
22087 2
74656 2
12667 2
69321 1
29167 1
59549 2
7425 1
53097 2
18571 1
84298 2
94573 1
86149 1
52375 1
38951 1
33415 2
10601 1
6670 1
58801 2
90603 1
28162 2
33596 1
61035 2
56467 1
60569 2
60358 2
95671 1
39792 2
78364 2
63898 1
15714 2
61937 2
51466 2
46354 2
58974 1
49787 2
45224 1
95132 2
33348 2
4738 2
61111 1
90898 2
32200 2
10867 2
11758 1
48208 2
37326 1
11035 2
49775 1
35417 2
14571 1
61564 2
54048 2
75061 1
77034 2
20827 1
55768 2
71802 2
53866 1
4144 1
83021 1
73514 1
60976 2
13532 1
94674 2
83477 1
22239 2
3020 1
40497 1
44691 1
14916 2
30791 2
4980 1
95898 1
75050 2
62947 2
30080 2
66051 1
83058 2
1117 2
45251 2
90671 2
30074 2
41153 2
35882 2
2582 1
51105 2
84767 1
54185 1
62573 1
40976 2
77143 1
85570 1
17269 1
98373 2
78448 2
50019 2
32699 2
94236 2
89016 2
60857 1
35108 2
45873 1
41270 2
23475 1
72033 1
67807 1
36856 2
67965 2
65667 1
73275 1
80341 2
59907 1
96768 1
7773 1
677 2
29516 2
47186 2
9703 1
35718 2
94192 1
42172 2
23637 2
19164 2
778 2
75592 2
39590 1
32524 1
99492 2
13641 2
97165 1
33756 1
38415 2
99380 2
25460 2
55554 1
69433 2
89649 2
85988 1
40147 1
2416 1
82149 1
44822 2
14629 1
18928 1
5684 2
55922 1
23877 2
30408 1
77579 2
92105 1
6592 2
46116 2
61002 1
27221 2
52022 2
10173 1
71216 1
44410 2
88041 2
25181 2
76508 1
86919 2
82599 1
48890 2
16660 1
3151 2
87497 1
91358 2
5145 1
86978 2
47861 1
68205 1
25183 2
37591 1
72557 1
98250 1
15179 1
79190 2
27413 2
87388 2
21940 1
97483 1
936 2
49229 1
22532 1
97464 2
85348 2
21693 2
84698 1
31727 2
32605 1
68218 1
79495 2
26811 2
96702 2
28382 1
27751 2
27671 2
70677 1
48042 1
93714 2
7730 1
22216 2
87123 1
54980 2
69976 1
90025 2
70997 2
86237 1
99008 1
26266 2
69343 2
3598 1
58404 1
38983 1
95620 1
44988 1
16087 2
43014 1
12085 2
55568 2
49627 1
311 1
30822 2
49557 1
49082 1
70297 2
97461 2
48798 1
79030 1
38909 2
59161 2
45114 1
14937 2
77972 1
9419 1
14216 2
54070 2
2094 2
24662 1
61658 2
54728 1
51694 2
29250 1
38252 2
98339 1
35856 1
5558 1
64143 2
38836 1
12738 1
77370 2
10880 1
37334 2
29637 2
48847 1
68170 1
64210 2
72835 1
51639 2
90748 1
22415 1
67777 2
18358 2
95961 1
1450 1
21802 2
7366 2
28319 1
35766 2
3504 1
501 1
3687 2
79108 2
76191 1
48015 1
80303 1
2732 1
56227 1
17247 1
32575 1
79459 2
68671 2
58508 1
308 2
53664 1
91087 2
95237 2
25921 1
7950 2
1435 2
13393 2
70417 2
75928 2
88943 2
93792 1
66653 1
50696 2
53978 1
78818 2
88028 2
87364 2
92124 2
98712 1
87140 1
17445 1
67533 2
69834 1
67848 1
48634 2
13291 1
81519 2
63574 1
89795 1
73737 1
43667 2
82711 2
80862 2
57273 2
5306 1
29068 1
77337 1
58325 2
48206 2
38976 1
89534 2
68512 1
55239 2
11006 2
48383 1
58811 2
13250 1
84434 1
37838 2
22270 2
876 1
98601 2
10940 2
79214 1
75059 1
19321 2
60826 2
38112 2
76806 1
36713 1
39363 1
31665 1
52610 1
40182 1
35067 1
47524 2
69793 2
18262 2
1529 1
77080 2
10864 2
62744 1
64932 2
41081 2
3659 2
46713 1
72078 2
23112 2
183 1
54452 1
48267 1
36601 2
67676 2
98274 2
37495 1
32042 1
20511 2
78482 1
60819 1
1666 1
31158 2
49712 1
17597 1
91690 2
53652 1
38681 2
23112 2
88874 1
88494 2
75649 2
88051 1
10462 1
57173 2
98459 1
72192 1
27242 1
11522 1
40118 1
12767 2
45564 1
81530 2
1270 1
59703 2
56368 2
65269 1
24022 1
41217 2
10559 1
44194 1
50068 2
6208 1
84834 1
63525 2
99054 1
38203 2
12363 1
80337 2
66029 1
56763 2
72707 2
24761 2
67335 1
6666 2
87318 2
87345 2
32505 2
92899 1
75216 1
29647 2
27873 1
20617 2
87002 2
91277 2
13128 2
27890 1
47777 2
33064 2
96036 2
63974 1
29051 2
95141 1
2672 2
64753 1
93114 2
99592 1
39373 2
23508 1
32721 2
75015 2
48092 1
71665 1
83490 2
57433 2
6874 2
84126 2
34977 2
3383 2
8019 2
56302 1
3443 1
19819 1
72881 1
63667 1
79176 1
84061 2
99710 2
8613 1
93284 2
67622 1
52608 1
42955 2
41763 2
89136 2
30212 1
98670 2
62254 2
98311 1
73246 1
31916 2
79257 1
66096 1
39342 1
89132 1
64406 2
56042 1
84868 2
88398 2
58261 2
36014 2
60312 1
20251 2
35751 2
38108 1
80483 2
26224 2
58348 2
1697 2
82057 2
62779 2
20205 2
14082 2
6296 2
3957 1
17487 2
98207 2
34114 1
31154 1
88082 2
64539 2
86843 2
37175 1
22374 2
79120 2
76079 1
35347 2
39723 2
88423 1
44677 2
73717 2
35069 2
17853 1
51816 2
45179 1
71339 1
58975 2
23228 2
1122 2
86613 2
40857 2
89882 1
23015 1
80846 1
68752 2
54706 1
97993 1
85835 2
56396 2
64713 2
10255 2
86434 1
56240 1
99396 1
6197 2
23327 1
53811 1
48199 1
59892 1
49893 1
84685 1
9719 1
87086 2
7061 1
58334 1
76050 1
45585 1
50378 1
79550 2
20329 1
2615 1
34802 1
3662 1
71397 1
72642 1
71123 2
64136 2
47753 1
58085 1
77269 2
62666 1
22376 1
98733 1
89447 2
91234 2
9251 2
35091 2
40046 1
65392 2
87265 1
15330 2
31815 1
8829 1
81962 1
3791 2
9070 1
21003 2
3574 1
85560 1
22876 2
1721 1
32702 1
3118 2
84215 1
65461 2
31128 1
20938 2
32836 1
78401 2
63891 1
80490 2
47840 1
55875 1
85790 2
70410 2
47639 2
1569 2
69864 2
8397 1
49217 1
91496 1
50020 1
72470 1
83888 2
54391 1
90055 2
39726 2
10094 1
16564 2
26851 1
51841 2
45123 1
89278 1
5241 2
40687 2
70108 2
70474 1
37350 2
99778 1
4548 1
5974 1
49980 1
50577 2
8820 2
30142 1
67898 2
70585 1
62259 2
29806 2
31339 1
86445 2
81929 1
86469 1
51706 1
34926 1
46392 1
80831 1
39406 2
64702 1
49741 1
16035 1
40503 2
34449 1
33391 2
3407 1
33566 2
31284 1
99006 1
58772 2
127 1
83797 1
57427 2
96674 1
22568 2
3159 2
52170 2
18331 1
85179 2
95876 1
99110 1
97049 1
28044 2
91498 2
35932 1
44667 2
11979 1
42064 2
26165 1
81881 1
87927 1
77104 2
55575 2
97436 2
46593 1
54086 1
80953 2
79198 2
21495 1
47171 2
18746 1
67974 2
39571 1
32114 2
9932 2
65476 2
52563 2
55729 1
42993 1
2547 2
42638 2
92552 1
26569 2
51496 1
15188 2
26537 1
58035 1
3208 2
29407 2
45957 1
74073 1
45963 2
74610 2
98673 2
23341 2
83167 2
92479 2
99024 2
97031 1
11859 2
2714 1
50192 2
97236 1
96760 1
81811 2
64461 2
70278 1
69626 1
54961 2
20757 2
4491 2
74360 1
32787 2
83450 2
27103 1
49328 1
34897 2
82877 2
10635 1
42514 1
67488 2
92958 1
60592 1
32607 1
84390 1
47887 1
20354 2
24900 1
57919 1
21367 1
95755 2
98945 2
29345 2
39420 2
54227 1
22672 1
53199 2
86114 1
44597 2