1 114 38
61 148 71
43 118 185
5183 256 31
471 142 170
157 214 207
171 145 63
479 73 131
159 266 135
205 8 77
39 62 9
452 93 172
304 123 137
409 100 204
199 26 140
237 269 37
7759 170 60
23 70 167
488 277 167
395 236 34
465 52 111
147 319 65
460 37 42
367 60 108
239 332 108
1 211 51
461 44 68
103 28 13
241 2 128
61 130 158
271 278 42
119 258 55
340 179 139
227 24 179
73 269 182
238 327 183
183 326 144
17 24 56
404 261 88
171 115 24
199 200 125
348 137 133
489 157 21
261 77 111
228 11 181
225 332 31
381 290 181
95 298 107
162 343 158
443 125 17
8 81 83
333 244 195
255 322 11
310 343 172
1 1 1
8897 337 210
109 299 108
472 11 79
114 305 22
478 219 71
373 273 164
395 301 59
4008 29 187
499 194 114
142 265 153
209 163 40
302 15 107
133 74 16
389 130 27
158 313 117
37 42 16
9 314 32
116 193 116
417 155 59
27 166 126
411 167 2
109 175 140
230 231 179
479 324 9
101 286 131
230 269 185
133 54 83
373 311 147
478 107 148
300 283 45
2605 302 203
231 260 141
31 292 187
105 338 31
239 156 90
19 288 187
340 227 184
319 345 116
259 120 168
199 116 29
19 252 153
275 91 167
145 159 109
151 190 130
416 255 68
362 175 155
435 317 124
298 203 124
297 61 39
495 149 130
394 277 128
8826 169 68
397 306 149
0 0 0
