141 314 77
299 277 30
305 73 13
145 211 110
487 146 199
370 101 1
427 160 149
485 252 15
175 332 78
470 213 182
125 262 54
4793 226 57
1 255 53
439 22 103
137 100 141
11 26 117
407 306 15
125 323 6
311 204 193
273 155 180
417 26 34
397 114 99
353 132 118
169 132 78
399 218 52
189 142 141
309 124 122
507 290 82
413 284 26
335 22 64
433 199 189
155 176 84
419 36 139
196 121 33
417 290 42
179 245 93
41 142 160
386 131 199
305 103 125
235 52 22
266 149 168
131 52 133
341 329 113
447 232 84
377 321 163
2549 230 185
274 233 178
392 33 208
400 31 18
417 188 197
431 228 40
18 197 142
373 54 209
163 78 132
1 1 1
8866 337 210
226 275 139
387 226 83
51 38 11
191 306 193
194 47 201
475 48 10
449 93 132
390 59 25
391 45 33
19 336 124
236 343 182
73 11 83
362 233 9
471 268 176
275 158 44
23 180 171
255 248 32
433 285 192
159 302 102
29 193 26
465 254 209
298 87 110
231 160 5
281 30 6
457 315 210
368 339 112
208 119 1
91 277 152
307 189 208
185 263 205
139 270 105
384 343 100
7 284 115
347 305 162
128 243 178
81 301 45
249 310 138
349 237 191
14 165 28
491 234 13
97 231 90
31 114 31
31 211 85
36 245 76
261 70 81
387 130 198
438 181 129
305 247 135
265 319 63
461 222 27
191 138 192
439 320 60
0 0 0
