494 291 210
437 197 185
127 209 47
3771 205 61
1153 84 133
416 173 57
303 334 16
244 37 84
146 315 64
261 82 39
375 302 97
367 23 160
218 133 124
219 16 202
176 25 189
313 330 21
41 340 38
388 127 208
397 231 198
221 242 120
191 214 48
113 202 128
3 178 136
119 36 94
145 24 7
505 78 57
364 33 84
357 124 13
418 221 16
437 312 178
140 111 134
287 258 57
193 253 166
470 223 185
19 227 202
61 336 60
333 145 139
137 92 209
35 282 138
293 203 91
61 112 83
166 337 71
89 338 122
7 272 21
301 262 152
62 3 153
370 21 209
2588 71 128
1812 83 118
229 205 38
116 297 28
43 83 114
66 169 199
389 118 82
1 1 1
8987 337 210
92 169 89
356 145 74
111 182 80
84 179 56
198 157 89
4065 107 172
293 85 159
433 293 84
71 207 152
355 183 21
497 180 180
437 136 3
449 145 69
164 35 19
51 262 158
151 208 191
313 168 62
401 44 47
452 345 1
202 169 9
3 236 100
315 113 144
157 165 50
127 105 209
224 303 94
418 303 56
449 294 87
275 222 104
139 24 189
452 39 66
94 135 108
157 27 177
353 314 135
383 288 131
499 95 73
285 8 26
381 95 36
297 136 155
3197 330 90
113 295 35
438 113 181
83 305 4
1 255 197
277 333 48
97 246 128
47 284 112
415 14 36
260 341 111
356 195 85
419 334 174
163 258 162
496 137 177
0 0 0
