491 66 171
482 165 10
323 269 77
245 306 88
161 261 160
349 244 54
19 110 205
355 112 7
278 279 103
153 295 52
225 94 73
250 193 70
133 75 150
161 333 78
465 196 22
228 13 209
67 307 88
213 5 195
31 158 196
97 94 148
347 151 179
141 169 127
395 8 48
202 313 77
158 279 8
131 153 172
51 26 26
423 160 18
183 323 198
502 233 107
215 132 148
27 64 105
237 236 106
377 180 82
409 302 128
355 148 91
97 345 13
293 240 17
169 220 196
183 332 196
248 335 170
203 79 118
176 345 95
92 95 202
352 45 180
423 302 140
479 148 65
96 73 205
31 14 72
13 298 170
327 239 86
259 258 99
173 80 88
341 307 42
1 1 1
8992 337 210
295 181 23
295 328 159
487 271 82
271 20 61
8 217 132
355 186 99
290 77 98
36 313 131
473 38 31
103 49 52
124 71 192
193 17 129
477 76 92
253 298 77
195 59 196
268 207 18
465 193 116
295 343 79
409 149 141
5853 185 110
74 147 202
78 265 137
81 211 28
501 140 178
19 302 59
135 217 28
56 251 206
413 214 193
503 239 41
197 320 58
167 105 50
187 13 5
7 72 162
229 3 195
366 299 15
139 108 121
505 108 182
7020 317 198
173 266 25
53 124 79
179 85 190
45 289 126
381 19 32
89 106 193
122 213 81
73 30 39
5659 225 91
8903 209 206
283 180 153
348 25 95
497 48 161
415 273 178
0 0 0
