3
801
201
531
14
895
942
531
87
707
766
790
746
889
942
77
889
677
672
43
326
613
304
328
377
532
841
713
116
933
367
768
354
215
805
980
255
513
593
442
3
386
165
741
167
687
736
30
129
389
847
600
403
396
512
4
546
906
605
595
651
227
367
3
879
833
440
100
670
910
488
53
611
163
528
17
298
608
663
914
448
19
795
841
396
637
332
244
85
355
525
918
968
768
268
723
220
820
893
121
994
113
936
75
810
315
232
150
105
450
144
713
634
328
149
747
864
529
725
935
542
957
522
307
803
52
835
7
758
240
37
288
763
438
650
83
570
730
202
551
927
572
803
251
910
173
429
462
615
511
737
757
608
428
106
60
218
968
255
34
959
537
628
452
722
360
443
937
34
905
245
650
74
9
616
762
552
252
301
108
54
830
338
638
749
362
724
430
719
208
374
705
1000
569
313
399
721
680
424
458
732
494
9
63
256
521
726
80
351
777
427
574
875
563
68
495
760
614
918
22
707
793
599
592
343
220
932
357
859
949
53
777
964
519
142
54
442
615
594
698
343
160
871
420
46
353
30
768
345
991
882
352
552
865
701
298
432
879
334
994
827
538
402
372
79
500
565
75
323
223
286
295
688
612
272
994
888
450
449
197
694
286
729
140
245
941
97
582
525
273
661
827
647
251
325
421
374
220
673
175
300
43
982
21
208
196
929
409
472
651
740
746
158
477
3
56
612
163
718
846
129
205
54
865
816
637
931
686
179
466
610
474
622
908
109
356
573
564
690
272
773
891
1000
60
791
401
564
773
651
378
337
799
44
97
407
884
598
135
373
394
459
452
688
14
951
110
677
757
483
274
992
601
741
742
543
836
726
765
411
852
469
531
467
105
759
866
427
967
674
933
214
219
175
978
607
141
505
349
855
837
312
746
595
433
76
383
359
60
256
438
506
606
682
964
347
622
842
210
931
901
484
343
479
830
993
708
797
631
274
287
603
717
183
613
774
665
757
268
108
986
561
202
341
14
623
898
509
65
457
308
360
197
924
395
626
301
461
408
141
246
505
541
865
926
179
889
999
383
642
910
805
785
5
521
462
637
955
843
558
454
999
0
