366 2126
406
540 263 746 1
541 271 112 1
543 11 1832 1
551 83 425 1
554 198 1995 1
559 134 845 1
560 11 1832 0
560 361 461 1
560 198 1995 0
562 223 461 1
566 246 446 1
566 364 492 1
568 134 845 0
569 162 1615 1
569 294 1692 1
570 153 1589 1
574 364 492 0
579 247 1825 1
582 106 1692 1
582 198 1933 1
583 213 2067 1
583 271 112 0
584 262 556 1
584 294 1692 0
585 266 718 1
586 364 492 1
586 281 425 1
586 125 468 1
587 361 461 0
589 134 809 1
589 130 193 1
590 305 1645 1
592 264 1692 1
592 262 556 0
594 314 556 1
596 153 1589 0
598 134 809 0
598 84 546 1
599 67 2052 1
599 282 195 1
605 136 1647 1
609 142 718 1
611 349 1645 1
611 266 718 0
612 297 1948 1
614 125 468 0
620 223 461 0
620 263 746 0
622 297 1948 0
627 314 556 0
630 90 718 1
632 120 468 1
632 88 1583 1
638 80 1589 1
640 162 1615 0
645 262 718 1
647 282 195 0
650 100 1599 1
651 162 2101 1
653 80 1589 0
655 120 468 0
656 106 1692 0
656 100 1599 0
657 47 446 1
659 321 543 1
659 94 236 1
660 184 1870 1
661 233 418 1
661 88 1583 0
661 65 492 1
663 23 1030 1
664 246 446 0
666 294 543 1
674 281 425 0
675 358 546 1
677 282 1645 1
682 57 461 1
684 102 710 1
684 120 1577 1
685 282 1645 0
688 203 1870 1
688 358 546 0
690 83 425 0
691 199 1647 1
693 84 546 0
695 130 193 0
702 247 1825 0
703 65 492 0
705 125 2052 1
708 162 2101 0
712 341 425 1
714 294 543 0
718 142 718 0
719 84 1137 1
721 76 2052 1
721 120 1577 0
726 271 236 1
726 282 112 1
726 188 2075 1
727 237 1583 1
727 364 492 0
732 125 2052 0
733 102 710 0
734 266 767 1
735 294 1615 1
739 155 1748 1
739 309 546 1
740 266 767 0
742 94 236 0
744 282 112 0
747 246 112 1
748 65 1030 1
748 314 2075 1
753 102 1589 1
754 88 1748 1
756 246 112 0
757 84 1137 0
761 358 2052 1
763 247 708 1
763 94 1825 1
764 363 52 1
766 57 461 0
770 136 1647 0
774 94 1825 0
774 314 2075 0
774 88 1748 0
776 153 1992 1
780 297 1137 1
780 271 236 0
780 362 1589 1
782 95 1183 1
783 57 52 1
788 134 1870 1
789 142 425 1
790 305 1645 0
793 161 543 1
794 84 2082 1
795 155 1748 0
797 162 1615 1
799 263 1870 1
801 271 1748 1
802 125 875 1
803 138 1599 1
804 136 1583 1
804 125 875 0
806 11 1589 1
807 361 1627 1
809 162 1615 0
811 11 1589 0
816 314 845 1
818 153 1992 0
823 47 446 0
826 297 1137 0
826 314 845 0
828 67 2052 0
831 309 546 0
831 188 2075 0
836 199 1647 0
837 323 1870 1
839 83 1656 1
840 266 1183 1
840 39 845 1
841 94 2075 1
841 47 38 1
842 142 425 0
846 282 1901 1
849 314 543 1
850 15 546 1
851 65 1030 0
857 247 708 0
861 168 972 1
861 294 1615 0
862 297 1328 1
865 237 1583 0
867 130 1647 1
867 264 1692 0
869 361 1627 0
870 358 2052 0
872 223 543 1
872 264 112 1
873 282 1901 0
880 155 1137 1
880 358 299 1
884 100 446 1
889 162 972 1
890 184 1870 0
893 106 2101 1
895 47 38 0
897 323 1870 0
905 88 1599 1
906 90 718 0
906 23 1030 0
909 138 1599 0
909 237 1656 1
915 57 52 0
919 39 845 0
921 362 1589 0
926 84 2082 0
926 358 299 0
927 237 1656 0
930 223 543 0
933 223 809 1
934 247 1599 1
935 203 1870 0
935 98 1627 1
937 294 1030 1
937 90 1030 1
938 65 38 1
940 106 2101 0
940 11 708 1
941 161 543 0
941 57 492 1
941 84 710 1
943 106 890 1
944 136 1583 0
945 102 1589 0
945 262 718 0
946 95 1183 0
950 247 1599 0
952 305 1867 1
952 323 746 1
953 247 1933 1
955 358 1992 1
959 266 1183 0
960 323 746 0
961 80 1577 1
963 363 52 0
966 65 38 0
972 168 972 0
972 106 890 0
973 23 1183 1
975 95 718 1
975 281 1964 1
979 130 1647 0
979 106 710 1
986 358 1992 0
987 23 1183 0
987 155 1137 0
989 47 1933 1
998 47 1933 0
1002 11 708 0
1003 305 1867 0
1003 358 1280 1
1004 281 1964 0
1006 309 708 1
1007 297 1328 0
1007 95 718 0
1012 95 2052 1
1012 246 218 1
1014 162 972 0
1016 125 875 1
1017 102 1832 1
1018 358 1280 0
1019 281 1596 1
1019 341 425 0
1023 76 2052 0
1025 155 1589 1
1028 262 1832 1
1030 15 546 0
1030 90 1030 0
1033 95 2052 0
1033 362 1948 1
1035 162 1137 1
1036 362 1948 0
1037 125 875 0
1039 90 1692 1
1041 262 1832 0
1041 95 1328 1
1043 341 718 1
1045 321 543 0
1047 271 1748 0
1047 309 708 0
1048 246 218 0
1050 90 1692 0
1052 102 1832 0
1054 266 2052 1
1057 83 1656 0
1061 23 299 1
1062 65 2052 1
1065 358 1825 1
1067 11 1933 1
1074 134 1870 0
1074 309 546 1
1075 297 1964 1
1080 94 2075 0
1080 23 299 0
1082 162 1137 0
1083 362 38 1
1084 47 1627 1
1087 341 718 0
1087 130 1627 1
1090 134 1577 1
1091 223 809 0
1091 323 1583 1
1096 263 1870 0
1096 23 52 1
1098 98 1627 0
1098 363 1583 1
1101 161 809 1
1102 76 1280 1
1104 282 767 1
1106 130 1627 0
1107 161 809 0
1108 76 1280 0
1108 341 52 1
1109 94 1656 1
1109 162 890 1
1111 271 195 1
1111 153 809 1
1112 94 1656 0
1114 266 2052 0
1115 184 1832 1
1115 138 1583 1
1116 294 1030 0
1116 309 546 0
1117 162 890 0
1119 361 1964 1
1121 153 809 0
1121 341 52 0
1125 102 1599 1
1127 271 195 0
1127 233 418 0
1129 262 299 1
1129 341 461 1
1129 106 710 0
1131 67 1867 1
1132 136 193 1
1133 57 492 0
1133 11 1933 0
1134 358 1825 0
1135 341 461 0
1136 106 418 1
1137 362 38 0
1138 134 1577 0
1140 363 1583 0
1142 65 2052 0
1143 23 52 0
1148 120 468 1
1149 213 2067 0
1150 161 112 1
1150 309 1134 1
1151 76 1870 1
1152 223 418 1
1152 213 112 1
1154 309 1134 0
1156 161 112 0
1157 233 38 1
1157 106 418 0
1160 364 1589 1
1160 247 1933 0
1161 67 1867 0
1163 233 38 0
1163 90 1183 1
1169 90 1183 0
1171 264 112 0
1171 102 1599 0
1172 106 972 1
1173 237 1577 1
1174 100 446 0
1175 136 193 0
1176 184 1832 0
1177 15 195 1
1180 341 1596 1
1187 297 1964 0
1188 281 1596 0
1196 341 1596 0
1200 162 1137 1
1202 262 299 0
1203 358 1589 1
1204 361 1964 0
1205 57 38 1
1208 106 972 0
1209 95 1328 0
1212 90 1280 1
1213 57 38 0
1216 84 710 0
1216 362 1035 1
1217 106 543 1
1217 138 1583 0
1218 106 543 0
1219 39 809 1
1219 76 1870 0
1219 162 1137 0
1220 155 1589 0
1224 95 492 1
1224 98 446 1
1228 15 195 0
1228 120 468 0
1229 39 809 0
1232 364 1589 0
1235 223 418 0
1235 90 1280 0
1236 80 1577 0
1236 47 1627 0
1237 349 1645 0
1238 98 446 0
1240 314 543 0
1241 213 112 0
1242 237 1577 0
1247 95 492 0
1251 362 1035 0
1252 282 767 0
1259 88 1599 0
1260 198 1933 0
1260 323 1583 0
1260 358 1589 0
19
769 993 1692
598 705 1656
1033 1195 357
540 731 972
981 1188 873
1031 1207 2049
643 1180 1280
1040 1131 718
865 981 708
630 732 1030
579 676 1647
716 817 718
897 1013 1645
910 1006 1748
570 693 290
649 763 705
656 922 2082
771 1130 1627
1070 1202 543
258 9681
300
541 234 2169 1
542 25 8799 1
545 258 2204 1
546 139 9577 1
548 136 2684 1
548 258 2204 0
554 223 3828 1
554 187 8331 1
558 145 618 1
566 113 4896 1
573 75 6254 1
575 32 6254 1
575 139 9577 0
585 89 4400 1
586 10 8866 1
587 64 2133 1
589 76 2163 1
590 128 1539 1
592 252 236 1
592 76 2163 0
601 191 6254 1
602 99 1287 1
602 187 8331 0
605 252 236 0
606 145 618 0
608 252 8165 1
614 229 6112 1
617 234 2169 0
619 64 2133 0
620 206 7742 1
623 39 5908 1
624 89 4400 0
626 179 6721 1
629 10 8866 0
631 114 6846 1
632 64 6034 1
633 19 1457 1
641 209 6112 1
645 6 1287 1
651 235 7742 1
652 81 1539 1
653 139 379 1
653 34 774 1
655 3 8544 1
657 179 6721 0
659 203 618 1
660 203 618 0
668 190 4560 1
668 176 5606 1
669 139 379 0
669 145 8918 1
669 61 2684 1
671 126 379 1
671 113 4896 0
673 178 6254 1
676 113 2204 1
677 197 6034 1
679 221 3828 1
680 114 6846 0
682 25 8799 0
682 206 7742 0
684 81 1539 0
686 258 7055 1
686 149 4693 1
688 229 6112 0
688 136 2684 0
688 61 2684 0
693 113 2204 0
696 6 1287 0
697 209 6112 0
702 145 8918 0
706 235 7742 0
706 195 6112 1
709 113 2100 1
711 34 774 0
721 197 6034 0
721 223 3828 0
725 176 5606 0
726 178 6254 0
729 128 1539 0
729 235 618 1
730 203 5606 1
743 176 2133 1
743 191 6254 0
746 203 5606 0
750 75 6254 0
752 149 4693 0
754 178 379 1
755 221 3828 0
756 126 379 0
756 195 6112 0
758 252 8165 0
759 64 6034 0
762 234 8783 1
765 34 8165 1
766 81 6254 1
767 190 4560 0
767 252 2204 1
769 209 8165 1
769 99 1287 0
771 235 618 0
775 234 8783 0
775 114 5052 1
778 203 2204 1
778 145 1539 1
780 136 7742 1
791 178 379 0
792 191 231 1
792 113 2100 0
792 235 2132 1
797 10 2132 1
797 179 5908 1
800 25 4400 1
804 178 6112 1
807 229 774 1
807 81 6254 0
811 43 8866 1
813 89 8331 1
816 99 2163 1
825 195 8544 1
842 74 2132 1
843 178 6112 0
844 89 8331 0
848 113 2133 1
848 195 8544 0
849 90 8544 1
849 40 3862 1
850 99 2163 0
851 64 7055 1
853 203 2204 0
860 235 2132 0
861 167 4400 1
862 139 6562 1
862 223 6254 1
867 178 4722 1
874 149 7055 1
876 195 6562 1
876 90 8544 0
876 166 1539 1
876 64 7055 0
881 126 6846 1
882 187 231 1
887 126 6846 0
890 229 774 0
894 39 5908 0
897 200 8799 1
898 149 7055 0
901 136 7742 0
902 209 8165 0
903 166 1539 0
905 234 5052 1
907 203 6254 1
912 234 5052 0
918 32 6254 0
920 221 2169 1
923 114 5052 0
923 209 4896 1
925 206 8090 1
934 139 6562 0
935 145 1539 0
935 16 7055 1
938 10 2132 0
938 234 1287 1
944 3 8544 0
944 252 2204 0
946 114 8799 1
947 197 6562 1
953 40 3862 0
955 89 2100 1
956 114 8799 0
956 99 7821 1
957 167 4400 0
965 221 2169 0
972 19 1457 0
972 64 2133 1
977 136 5319 1
978 197 6562 0
978 19 2132 1
979 203 6254 0
979 209 4896 0
980 39 4896 1
993 139 8799 1
995 190 6254 1
996 74 2132 0
998 75 8165 1
999 76 6721 1
1003 76 6721 0
1003 235 2169 1
1004 149 379 1
1014 43 8866 0
1017 64 2133 0
1019 191 231 0
1025 197 8090 1
1026 126 1457 1
1027 32 4896 1
1030 223 6254 0
1030 64 379 1
1033 209 8866 1
1034 258 7055 0
1034 176 2133 0
1037 166 7742 1
1040 197 8090 0
1043 252 4896 1
1045 149 379 0
1048 40 6846 1
1048 10 8072 1
1052 187 231 0
1053 209 8866 0
1059 195 6562 0
1060 19 2132 0
1061 145 8851 1
1061 89 2100 0
1063 113 2133 0
1066 34 8165 0
1068 258 4693 1
1071 258 4693 0
1072 139 8799 0
1074 32 4896 0
1075 34 618 1
1078 221 8799 1
1078 99 7821 0
1081 179 5908 0
1083 258 1287 1
1085 221 8799 0
1098 209 4693 1
1099 176 8866 1
1103 19 7562 1
1106 32 1539 1
1106 206 8090 0
1107 179 8851 1
1109 114 8544 1
1110 191 6562 1
1110 64 379 0
1114 89 8866 1
1116 197 6721 1
1117 197 6721 0
1120 128 4722 1
1120 61 2100 1
1120 89 8866 0
1121 32 1539 0
1122 126 1457 0
1127 234 1287 0
1130 136 5319 0
1139 179 8851 0
1144 235 2169 0
1145 191 6562 0
1151 99 8331 1
1152 43 8090 1
1157 128 4722 0
1157 89 5319 1
1158 235 9577 1
1159 145 8851 0
1161 40 6846 0
1162 190 6254 0
1163 176 8866 0
1165 6 6254 1
1165 126 3862 1
1167 178 4722 0
1167 39 4896 0
1168 221 618 1
1172 200 8799 0
1178 235 9577 0
1179 75 8165 0
1179 19 7562 0
1180 252 4896 0
1186 221 618 0
1188 187 1457 1
1193 149 6846 1
1193 114 8544 0
1194 34 618 0
1194 6 6254 0
1199 149 6846 0
1201 75 5908 1
1206 81 7562 1
1206 99 8331 0
1208 113 7742 1
1208 178 2100 1
1210 75 5908 0
1211 10 8072 0
1213 16 7055 0
1215 258 1287 0
1217 81 7562 0
1219 61 2100 0
1225 113 7742 0
1227 178 2100 0
1233 209 4693 0
1236 145 6254 1
1236 113 6034 1
1240 40 236 1
1241 126 3862 0
1241 166 7742 0
1243 176 231 1
1248 25 4400 0
1248 89 5319 0
1250 113 6034 0
1251 145 6254 0
1252 43 8090 0
1255 176 231 0
1255 40 236 0
1258 187 1457 0
35
598 735 231
781 1229 2169
688 832 379
608 790 3862
749 1088 2100
915 1107 6034
729 1044 236
569 1161 2133
782 1030 8783
894 1107 8544
564 807 4693
1062 1188 3862
585 867 6562
929 1053 1457
715 939 2684
1101 1206 5908
982 1103 2204
628 1178 5606
954 1132 6112
547 792 1287
768 1065 1131
954 1079 8331
1076 1214 2133
583 1017 2133
1057 1174 1457
726 974 8783
639 912 1539
827 964 2100
602 693 8331
634 1258 8799
926 1193 236
586 733 1131
828 946 8544
790 1189 8918
1044 1223 3862
215 6069
692
540 25 1610 1
540 122 5677 1
540 199 4879 1
540 15 3156 1
541 211 2372 1
542 85 450 1
543 65 4841 1
543 15 3156 0
543 27 5569 1
544 119 2523 1
546 96 2390 1
547 135 5707 1
548 181 5013 1
549 190 5874 1
550 3 6005 1
552 87 464 1
552 204 3759 1
556 170 4484 1
556 199 4879 0
558 65 4841 0
558 107 3322 1
559 193 3156 1
562 170 4484 0
565 41 5140 1
565 110 2837 1
565 74 2244 1
565 92 436 1
567 179 1110 1
569 127 1845 1
569 134 3759 1
569 161 1955 1
571 157 1667 1
572 168 1735 1
573 35 2699 1
574 2 3917 1
575 19 2699 1
575 166 2372 1
576 156 3814 1
576 2 3917 0
578 209 2388 1
580 134 3759 0
581 100 3086 1
583 132 5593 1
583 122 5677 0
584 39 3409 1
584 204 3759 0
585 152 3939 1
588 138 3466 1
589 55 1612 1
589 27 5569 0
590 96 2390 0
592 100 3086 0
593 177 5471 1
593 122 765 1
594 25 1610 0
594 168 1735 0
595 161 1955 0
597 1 1845 1
597 188 3409 1
598 59 1610 1
598 148 447 1
600 209 2388 0
602 86 3917 1
602 190 5874 0
602 110 2837 0
604 119 2523 0
605 100 908 1
608 174 1631 1
609 208 3156 1
609 185 1968 1
610 127 1845 0
610 148 447 0
611 51 4484 1
611 135 5707 0
612 100 908 0
612 188 3409 0
613 132 5593 0
613 13 4101 1
614 192 464 1
614 173 1737 1
614 204 5383 1
615 20 843 1
616 38 447 1
616 173 1737 0
623 25 1169 1
623 38 447 0
624 193 3156 0
626 21 455 1
627 166 2372 0
628 27 306 1
630 79 3939 1
631 38 3710 1
633 190 5161 1
634 15 2886 1
635 127 306 1
636 27 306 0
637 45 2909 1
637 171 1100 1
637 21 455 0
639 100 3710 1
641 37 1610 1
642 26 2789 1
642 25 1169 0
642 15 2886 0
643 32 2388 1
643 117 1110 1
646 199 715 1
647 155 899 1
647 107 3322 0
648 209 3939 1
649 192 464 0
649 107 3125 1
650 135 464 1
651 148 2788 1
651 42 2710 1
652 74 2244 0
653 168 1737 1
653 204 5383 0
654 174 1631 0
656 79 3939 0
657 61 2225 1
657 210 2132 1
659 42 2710 0
659 59 1610 0
660 25 1267 1
661 161 1612 1
661 48 5463 1
662 182 361 1
663 96 133 1
664 26 2789 0
666 127 306 0
667 41 5140 0
667 211 2372 0
668 192 1612 1
668 188 2292 1
669 41 5874 1
669 39 3409 0
671 204 1478 1
671 65 2837 1
672 38 3710 0
673 193 5161 1
674 21 5158 1
676 59 2699 1
676 79 455 1
677 16 2597 1
677 170 2225 1
680 32 2388 0
680 132 5677 1
684 155 899 0
684 76 2344 1
688 122 765 0
689 43 1070 1
689 192 1612 0
689 26 1631 1
691 13 4101 0
693 74 5395 1
694 2 1138 1
695 210 2132 0
696 76 2344 0
697 74 5395 0
698 27 5383 1
698 21 5158 0
698 26 1631 0
698 48 5463 0
700 185 1968 0
705 74 3939 1
705 32 5593 1
705 85 450 0
705 188 2292 0
706 100 3710 0
706 61 2225 0
706 107 3125 0
707 67 2597 1
707 119 3125 1
707 132 5677 0
708 191 4016 1
708 181 5013 0
709 88 4101 1
709 179 1110 0
710 107 3748 1
712 152 3939 0
713 166 1558 1
713 155 3086 1
717 155 3086 0
717 119 3125 0
717 171 1100 0
718 1 1845 0
720 38 2909 1
721 32 5593 0
722 177 5471 0
723 116 1955 1
724 78 1845 1
724 67 2597 0
725 13 1735 1
726 174 3466 1
728 25 1267 0
728 161 1612 0
728 116 1955 0
729 168 1737 0
730 65 2837 0
731 16 2597 0
731 15 4359 1
734 53 5874 1
735 134 3710 1
736 210 133 1
736 181 765 1
740 199 715 0
740 35 2699 0
741 45 2909 0
744 209 3939 0
746 119 4841 1
747 79 455 0
747 55 1612 0
751 76 4893 1
754 170 2225 0
755 37 1610 0
760 135 464 0
763 209 3939 1
763 58 6048 1
764 135 6048 1
765 171 5569 1
766 193 5161 0
766 161 4841 1
768 32 5707 1
769 210 133 0
769 188 245 1
769 134 3710 0
770 53 5874 0
771 177 5131 1
772 159 3393 1
773 168 6048 1
773 181 765 0
778 42 450 1
779 107 3748 0
779 190 5161 0
780 190 3617 1
780 192 2837 1
781 177 5131 0
781 173 447 1
782 55 3748 1
782 113 3814 1
784 148 2788 0
785 31 5112 1
786 181 5593 1
786 167 4728 1
786 51 4484 0
787 107 5395 1
791 119 4841 0
792 76 4893 0
792 32 5707 0
796 35 361 1
796 159 3393 0
799 122 1110 1
799 65 5874 1
800 21 4016 1
802 148 4728 1
802 48 1478 1
805 177 1955 1
806 138 3466 0
806 48 1478 0
806 161 4841 0
807 25 97 1
807 116 3819 1
807 138 2837 1
810 193 908 1
810 173 447 0
810 148 4728 0
811 110 306 1
811 14 1138 1
813 193 908 0
814 2 1138 0
814 192 2837 0
816 191 4016 0
817 132 2225 1
817 65 5874 0
818 74 3939 0
819 43 1070 0
819 106 50 1
821 119 4359 1
823 122 1110 0
823 107 5395 0
823 159 3125 1
823 116 3819 0
824 177 1955 0
824 170 2523 1
824 88 4101 0
825 127 1070 1
829 3 6005 0
830 103 4484 1
831 58 6048 0
832 74 4016 1
832 119 4359 0
833 179 1478 1
834 106 50 0
835 85 4101 1
835 134 2597 1
835 110 306 0
837 210 1169 1
837 88 2523 1
841 171 5569 0
842 79 5224 1
842 13 1735 0
842 138 2837 0
843 32 1478 1
843 192 2710 1
843 156 3814 0
844 127 1070 0
845 20 843 0
845 2 5874 1
845 13 436 1
846 76 743 1
847 30 5383 1
847 210 1169 0
847 106 3497 1
847 171 50 1
848 42 450 0
849 3 3156 1
850 79 5224 0
851 30 5383 0
852 152 3138 1
853 61 5001 1
853 159 3125 0
854 127 3393 1
856 21 4016 0
856 20 2344 1
857 74 4016 0
857 20 2344 0
859 191 3125 1
861 161 765 1
861 32 1478 0
862 3 3156 0
862 210 4879 1
866 20 801 1
867 148 6005 1
867 48 3617 1
869 210 4879 0
871 119 4879 1
871 152 3138 0
874 45 2372 1
874 116 4359 1
876 116 4359 0
878 13 436 0
880 156 5717 1
880 170 2523 0
881 87 464 0
883 1 5569 1
884 167 4728 0
888 19 2699 0
888 156 5717 0
889 74 1631 1
889 20 801 0
890 32 2244 1
893 42 4016 1
893 211 3917 1
896 182 361 0
896 214 5463 1
897 39 245 1
897 210 133 1
898 135 6048 0
899 182 6063 1
900 174 3466 0
903 35 361 0
905 138 5471 1
906 204 1478 0
907 174 2866 1
908 110 3814 1
908 148 6005 0
909 21 2699 1
909 107 2388 1
915 3 6005 1
916 2 5874 0
917 214 5463 0
921 14 1138 0
921 204 1070 1
921 171 50 0
922 167 1558 1
924 38 2909 0
924 132 2225 0
924 173 4879 1
924 30 3860 1
925 2 2390 1
925 91 1968 1
926 55 3748 0
929 3 6005 0
930 173 4879 0
933 43 5404 1
935 138 5471 0
937 19 765 1
937 174 2866 0
939 65 97 1
940 14 5224 1
940 86 3917 0
941 148 5677 1
941 38 2699 1
941 87 2788 1
944 171 306 1
945 32 2244 0
946 74 1631 0
946 113 3814 0
946 65 97 0
947 127 3393 0
947 211 3917 0
948 199 3497 1
949 76 743 0
949 177 4265 1
949 204 1070 0
949 19 765 0
951 177 4265 0
952 85 4101 0
952 96 133 0
952 74 5224 1
952 113 743 1
955 210 133 0
955 20 306 1
957 159 4437 1
958 31 5112 0
958 199 3497 0
960 161 765 0
961 156 447 1
962 193 3497 1
962 55 4484 1
964 181 5593 0
967 210 4728 1
968 107 2388 0
968 76 2523 1
971 14 5224 0
971 148 5677 0
971 190 3617 0
974 19 899 1
975 67 4728 1
976 132 724 1
977 166 1558 0
977 41 5874 0
977 58 5593 1
978 161 6063 1
979 48 3617 0
980 91 1968 0
980 156 447 0
982 88 2523 0
988 30 3860 0
989 155 1667 1
989 76 2523 0
990 3 4484 1
990 74 5224 0
993 193 3497 0
995 210 4728 0
996 1 5569 0
997 106 3497 0
998 113 743 0
999 79 4841 1
1000 181 5013 1
1000 173 724 1
1004 74 5677 1
1005 122 3086 1
1006 58 5593 0
1006 41 2837 1
1006 16 1845 1
1007 85 464 1
1008 119 4879 0
1009 96 3759 1
1010 30 436 1
1011 185 5001 1
1012 171 306 0
1012 199 4879 1
1012 173 724 0
1013 138 801 1
1013 37 5383 1
1014 1 447 1
1014 74 5677 0
1014 173 245 1
1015 214 2344 1
1015 3 4484 0
1015 135 5112 1
1016 67 4728 0
1016 85 464 0
1016 96 3759 0
1019 127 3814 1
1022 199 4879 0
1023 58 2292 1
1024 14 3617 1
1024 43 5404 0
1026 16 1845 0
1029 61 5001 0
1030 16 6048 1
1037 39 245 0
1037 210 5471 1
1039 78 1845 0
1039 79 4841 0
1041 55 4484 0
1045 55 6048 1
1046 48 5013 1
1049 27 5383 0
1049 171 3086 1
1052 45 2372 0
1052 193 6063 1
1053 1 447 0
1053 167 1558 0
1053 177 715 1
1054 37 5383 0
1055 179 1478 0
1056 170 5316 1
1057 192 2710 0
1058 168 6048 0
1058 210 5471 0
1059 31 450 1
1060 37 1968 1
1061 171 3086 0
1062 173 245 0
1062 67 3617 1
1062 19 899 0
1063 51 3939 1
1064 166 1100 1
1064 174 2344 1
1064 41 2837 0
1064 32 1737 1
1064 53 464 1
1065 157 1667 0
1065 51 3939 0
1068 21 2699 0
1068 209 3939 0
1068 156 5112 1
1071 26 1735 1
1071 14 3617 0
1072 27 2837 1
1075 209 5316 1
1076 55 6048 0
1077 191 3125 0
1077 15 4359 0
1077 209 5316 0
1078 21 3617 1
1079 91 5140 1
1085 26 1735 0
1085 3 1267 1
1086 74 3819 1
1086 67 3617 0
1088 159 4437 0
1088 53 464 0
1090 45 436 1
1091 199 2372 1
1092 53 4879 1
1092 43 3860 1
1092 204 1169 1
1094 132 724 0
1096 192 455 1
1097 87 2788 0
1097 171 2866 1
1097 21 3617 0
1103 21 1194 1
1104 48 5013 0
1106 25 97 0
1107 156 5112 0
1108 152 3939 1
1108 15 5717 1
1108 106 5338 1
1110 148 5471 1
1110 53 4879 0
1111 171 2866 0
1112 174 2344 0
1112 15 5717 0
1113 157 5161 1
1113 185 5001 0
1114 170 5316 0
1114 59 2699 0
1116 1 2292 1
1119 15 1138 1
1119 211 4437 1
1119 67 2225 1
1119 20 306 0
1120 107 3497 1
1122 199 2372 0
1124 15 1138 0
1124 55 133 1
1124 211 4437 0
1124 191 3860 1
1124 35 4893 1
1125 209 4484 1
1125 116 4101 1
1127 209 4484 0
1127 157 5161 0
1128 155 1667 0
1129 3 1267 0
1129 170 455 1
1130 185 2523 1
1130 113 5707 1
1130 21 1194 0
1132 161 6063 0
1133 107 3497 0
1133 185 2523 0
1136 116 4101 0
1136 25 5569 1
1138 41 1110 1
1139 27 2837 0
1139 209 1558 1
1141 45 436 0
1143 134 2597 0
1143 26 3466 1
1144 171 4016 1
1146 91 5140 0
1146 209 1558 0
1148 16 6048 0
1148 161 2710 1
1150 138 801 0
1154 55 133 0
1157 157 2909 1
1157 103 4484 0
1158 51 2225 1
1160 65 5463 1
1161 157 2909 0
1162 208 3156 0
1162 92 436 0
1164 21 1267 1
1166 190 3748 1
1166 35 4893 0
1167 188 245 0
1168 127 3814 0
1170 25 5569 0
1170 179 3393 1
1172 191 3860 0
1173 190 3748 0
1176 214 2344 0
1176 106 5338 0
1178 113 5707 0
1178 51 2225 0
1179 76 801 1
1180 166 1100 0
1184 13 2292 1
1185 2 2390 0
1185 135 5112 0
1185 193 6063 0
1185 173 2344 1
1192 19 3819 1
1192 32 1737 0
1192 138 1845 1
1194 193 2372 1
1195 182 6063 0
1196 16 1740 1
1196 192 455 0
1198 21 1267 0
1198 204 1169 0
1199 171 4016 0
1199 170 455 0
1201 41 1110 0
1201 37 1968 0
1203 86 5569 1
1203 31 450 0
1204 38 2699 0
1206 67 2225 0
1208 177 715 0
1211 204 3086 1
1214 20 3748 1
1215 110 3814 0
1215 148 5471 0
1216 191 3759 1
1217 74 3819 0
1218 26 3466 0
1218 210 1100 1
1221 39 1612 1
1222 76 801 0
1223 39 1612 0
1224 13 2292 0
1227 30 436 0
1229 122 3086 0
1234 191 3759 0
1234 1 2292 0
1239 179 3393 0
1240 58 2292 0
1240 210 1100 0
1240 107 2344 1
1241 19 3819 0
1241 16 1740 0
1241 204 3086 0
1242 161 2710 0
1244 138 1845 0
1244 65 5463 0
1244 107 2344 0
1245 14 908 1
1245 181 5013 0
1246 14 908 0
1250 117 1110 0
1253 190 1100 1
1254 74 3617 1
1256 42 4016 0
1256 43 3860 0
1256 190 1100 0
1257 27 5677 1
1257 86 5569 0
1258 152 3939 0
1258 27 5677 0
1258 20 3748 0
1259 173 2344 0
1259 74 3617 0
1260 193 2372 0
15
685 926 436
866 1004 2344
1011 1157 4265
789 1139 3819
540 663 306
629 846 1631
755 873 2597
897 1067 1667
942 1165 1478
754 906 5112
543 1196 5707
705 826 3710
1073 1183 1612
759 919 245
1036 1186 2590
145 4911
868
540 55 1069 1
541 62 254 1
544 136 1822 1
545 47 2986 1
545 97 3513 1
545 70 3186 1
546 89 3370 1
547 136 1822 0
547 92 2650 1
548 27 4485 1
549 133 2163 1
550 78 741 1
550 71 3045 1
551 24 4783 1
552 19 3527 1
553 115 1781 1
554 132 4538 1
554 112 4766 1
554 28 487 1
554 61 2260 1
555 17 1497 1
556 20 2494 1
557 24 4783 0
557 128 3349 1
558 109 3458 1
559 138 2099 1
559 8 2675 1
562 126 3510 1
562 62 254 0
563 82 1429 1
564 21 4390 1
565 7 1259 1
565 24 4178 1
566 69 3527 1
566 144 1667 1
567 62 2927 1
567 112 4766 0
567 128 3349 0
568 142 1203 1
569 99 2349 1
571 9 3218 1
571 97 3513 0
572 134 4062 1
573 30 2036 1
573 17 1497 0
574 65 4101 1
574 56 1008 1
574 42 1434 1
576 79 682 1
578 135 487 1
578 112 254 1
578 19 3527 0
579 8 2675 0
580 36 2999 1
581 20 2494 0
582 90 4485 1
584 47 2986 0
587 133 2163 0
587 109 3458 0
588 83 2986 1
588 47 189 1
588 91 4308 1
588 14 2163 1
589 113 2650 1
589 38 3527 1
589 50 1291 1
590 84 2335 1
590 7 1259 0
591 133 1520 1
592 67 4766 1
592 115 1781 0
593 38 3527 0
595 46 2898 1
596 64 3513 1
597 59 3886 1
598 3 3744 1
598 107 129 1
598 19 1682 1
598 95 3513 1
599 63 4827 1
599 144 1667 0
600 21 4390 0
601 3 3744 0
601 27 4485 0
601 89 3370 0
603 74 1743 1
603 109 3370 1
604 59 3886 0
605 24 4178 0
606 60 2900 1
607 82 1429 0
608 62 2927 0
608 132 4538 0
608 110 189 1
609 2 2038 1
609 99 2349 0
609 3 1520 1
609 59 2988 1
611 115 1203 1
611 60 2900 0
611 97 2988 1
612 97 2988 0
613 134 4062 0
614 18 940 1
615 13 907 1
615 123 3513 1
616 144 3651 1
616 38 149 1
617 83 2986 0
620 58 41 1
621 19 1682 0
621 60 76 1
622 144 3651 0
623 59 2988 0
623 38 149 0
625 60 76 0
626 14 2163 0
627 136 1573 1
627 7 149 1
630 65 4101 0
630 19 377 1
630 90 4485 0
630 82 1743 1
632 77 1658 1
634 45 2565 1
634 128 4111 1
635 74 1743 0
635 94 3349 1
636 33 3707 1
636 130 4906 1
636 119 2606 1
636 61 2260 0
636 3 1520 0
636 142 1203 0
638 119 2606 0
640 19 377 0
642 46 2898 0
643 123 3513 0
643 64 3513 0
643 61 2038 1
643 19 1658 1
645 32 2565 1
645 30 2036 0
645 134 4178 1
648 138 2099 0
649 95 3513 0
650 74 4627 1
650 19 1658 0
652 3 2487 1
652 55 1069 0
653 32 2565 0
655 61 2038 0
656 109 3370 0
658 73 4535 1
658 19 1573 1
659 142 1713 1
660 111 2879 1
660 19 1573 0
661 83 1222 1
661 45 2565 0
662 126 3510 0
662 115 1203 0
662 73 4535 0
663 82 1743 0
664 96 3633 1
664 103 3707 1
665 141 3037 1
665 8 2335 1
666 65 1291 1
666 7 149 0
666 134 4178 0
667 60 741 1
668 50 1291 0
668 4 2818 1
670 64 741 1
670 106 3633 1
670 2 2038 0
670 35 189 1
673 19 517 1
674 46 2161 1
674 35 189 0
675 107 129 0
676 126 2927 1
676 36 2999 0
676 73 149 1
677 14 4178 1
678 47 189 0
678 109 2161 1
679 143 4770 1
679 65 1291 0
680 95 369 1
681 115 2914 1
681 97 4082 1
681 132 1446 1
682 94 3349 0
685 47 4538 1
686 134 2348 1
686 77 1658 0
686 91 4308 0
688 112 254 0
688 7 41 1
689 2 487 1
691 86 4065 1
691 142 1713 0
692 17 1291 1
695 138 3510 1
695 24 4766 1
696 55 3349 1
696 82 3513 1
697 15 2161 1
697 21 2986 1
699 30 4559 1
700 38 412 1
701 134 2348 0
702 34 1341 1
702 144 1222 1
703 94 4239 1
703 89 4766 1
707 8 2335 0
708 83 1222 0
708 74 4627 0
710 142 2335 1
710 70 3186 0
711 95 369 0
711 77 3886 1
712 132 1446 0
713 134 439 1
714 13 907 0
714 70 2308 1
715 117 2914 1
716 134 439 0
718 134 4430 1
718 8 4111 1
720 126 2927 0
720 127 4430 1
720 15 2161 0
722 58 41 0
722 31 4178 1
725 35 1667 1
726 32 1428 1
727 46 2161 0
731 142 2335 0
731 28 487 0
734 89 4766 0
735 24 4766 0
735 142 2988 1
736 132 2207 1
738 38 412 0
738 12 1771 1
739 55 3349 0
739 63 4827 0
739 82 3513 0
743 24 4062 1
743 8 4111 0
744 91 3989 1
745 94 4239 0
745 60 741 0
745 31 4178 0
747 123 1573 1
751 70 2308 0
751 7 41 0
752 144 1222 0
754 90 2348 1
755 7 1658 1
756 143 4770 0
756 45 907 1
756 60 2335 1
758 27 4766 1
761 28 2161 1
762 24 4062 0
763 24 2161 1
764 123 1573 0
766 55 377 1
766 112 2879 1
767 8 1518 1
768 83 4239 1
768 90 2348 0
768 77 3886 0
769 133 1520 0
771 31 1434 1
774 20 3186 1
774 85 2831 1
775 59 3513 1
775 91 3989 0
777 20 3186 0
777 18 940 0
777 138 3510 0
778 56 1008 0
778 21 2986 0
778 144 2494 1
779 19 517 0
780 20 2606 1
784 136 1573 0
784 133 1713 1
786 27 4766 0
786 142 2988 0
787 126 4101 1
787 38 189 1
788 38 189 0
788 46 3744 1
788 144 2494 0
789 63 4906 1
790 19 129 1
791 59 3513 0
792 34 1341 0
794 12 1771 0
795 20 2606 0
795 109 2161 0
796 83 4239 0
796 45 907 0
797 36 4906 1
797 99 412 1
798 138 1682 1
800 94 1822 1
801 107 3046 1
801 17 1291 0
801 63 4906 0
802 90 1069 1
804 113 2650 0
804 31 1434 0
805 132 2207 0
805 76 3596 1
805 74 3370 1
807 45 1428 1
809 4 2818 0
810 3 2487 0
810 12 2335 1
811 34 3037 1
811 126 4101 0
816 121 3349 1
817 76 3596 0
817 106 3633 0
820 112 2879 0
822 64 741 0
822 99 412 0
823 91 3021 1
825 109 4239 1
825 64 3428 1
830 115 2914 0
831 111 2879 0
832 12 2335 0
833 13 3349 1
834 55 377 0
834 45 1428 0
837 7 1658 0
838 63 41 1
839 59 3349 1
841 138 1682 0
842 36 4906 0
842 31 3186 1
843 10 4339 1
843 133 1713 0
843 58 3045 1
844 61 2831 1
846 121 3349 0
846 112 189 1
849 56 2986 1
852 64 3428 0
853 136 726 1
853 128 4111 0
854 58 3045 0
855 132 2831 1
856 99 3513 1
856 109 4239 0
856 121 1743 1
857 92 2650 0
858 73 149 0
859 111 4371 1
859 112 189 0
859 119 1008 1
860 107 3046 0
860 91 3021 0
860 83 41 1
862 74 3370 0
863 136 726 0
863 128 672 1
863 106 135 1
866 110 189 0
866 46 3744 0
869 10 4339 0
869 60 2335 0
870 28 2161 0
870 56 2986 0
870 55 1222 1
870 60 1386 1
871 144 3917 1
872 12 4766 1
872 60 1386 0
873 112 1771 1
873 127 4430 0
873 107 1429 1
877 61 2831 0
877 24 2161 0
877 89 1518 1
877 92 2879 1
877 83 41 0
879 7 4559 1
880 12 4766 0
880 143 4627 1
880 127 2818 1
880 119 1008 0
881 90 1069 0
881 85 2831 0
881 115 4239 1
881 83 4502 1
883 110 889 1
884 85 3651 1
885 104 1008 1
886 15 1057 1
887 91 1341 1
888 79 682 0
888 113 4082 1
890 42 1434 0
890 83 4502 0
891 50 682 1
892 126 517 1
892 91 1341 0
893 31 3186 0
897 67 4766 0
898 135 487 0
898 62 1822 1
899 90 3370 1
900 142 1446 1
901 86 4065 0
901 133 377 1
902 38 726 1
903 30 4559 0
903 110 889 0
904 62 1822 0
905 106 135 0
905 86 2986 1
906 73 1057 1
906 90 3370 0
907 12 1259 1
907 85 3651 0
908 61 1386 1
908 143 4627 0
908 64 377 1
910 64 377 0
911 10 2163 1
912 82 3513 1
912 9 3218 0
913 64 1386 1
913 89 1518 0
914 126 517 0
915 73 1057 0
916 34 3037 0
916 64 1386 0
918 94 1822 0
918 9 2145 1
918 83 377 1
920 59 3349 0
920 15 1057 0
922 128 672 0
922 63 41 0
923 56 1291 1
924 73 129 1
925 144 3917 0
925 73 129 0
927 36 4062 1
927 86 2986 0
928 42 41 1
928 36 4062 0
928 21 3046 1
929 2 487 0
930 115 4239 0
930 107 1429 0
931 77 4239 1
933 136 2348 1
934 32 1428 0
935 45 2898 1
936 110 3513 1
936 2 889 1
938 65 3707 1
938 38 726 0
939 105 3739 1
939 119 1291 1
940 83 377 0
942 141 3037 0
942 113 4082 0
943 141 4308 1
943 74 2898 1
944 90 1386 1
946 143 4239 1
946 45 2898 0
946 50 682 0
946 107 3651 1
949 42 41 0
949 119 1291 0
951 138 3744 1
952 132 2831 0
952 8 1518 0
952 115 3596 1
952 24 4897 1
953 96 3633 0
953 63 2349 1
953 79 2038 1
953 58 3917 1
954 77 4239 0
954 96 2163 1
954 133 377 0
954 31 3276 1
956 76 2038 1
957 3 1291 1
958 15 3120 1
960 15 3120 0
960 106 3989 1
960 55 1222 0
961 123 587 1
962 127 2818 0
962 10 2163 0
962 21 3046 0
963 20 587 1
963 60 1386 1
963 104 1008 0
964 55 3513 1
965 144 1341 1
965 92 2879 0
965 74 2898 0
966 84 2335 0
966 83 907 1
968 8 2879 1
970 3 1291 0
970 90 1386 0
971 28 4082 1
972 92 1291 1
973 24 4897 0
976 91 3510 1
978 9 2145 0
979 112 1771 0
979 50 4783 1
979 31 3276 0
981 21 935 1
982 2 889 0
982 95 4065 1
983 62 3428 1
984 42 2675 1
986 128 1222 1
986 130 4906 0
987 19 129 0
988 28 4082 0
988 9 3370 1
988 96 2163 0
988 90 3707 1
990 135 4538 1
990 56 1291 0
991 59 2999 1
992 60 1386 0
992 127 3156 1
992 74 135 1
993 92 1291 0
994 109 935 1
995 133 3037 1
998 64 1222 1
998 106 3989 0
999 67 3744 1
999 35 1667 0
999 32 2099 1
1001 56 3370 1
1002 38 1434 1
1002 142 1446 0
1002 127 3156 0
1003 62 3428 0
1004 90 3707 0
1006 7 4559 0
1008 84 907 1
1009 94 1428 1
1009 103 3707 0
1009 2 2161 1
1010 96 2606 1
1012 7 714 1
1013 130 377 1
1013 128 1222 0
1015 76 2038 0
1017 115 3596 0
1018 8 2879 0
1019 24 3633 1
1019 31 3045 1
1021 34 889 1
1022 19 4101 1
1022 92 2988 1
1023 65 3707 0
1023 70 3744 1
1023 86 2260 1
1026 2 2161 0
1026 84 907 0
1027 127 1222 1
1028 115 889 1
1028 117 2914 0
1029 61 1386 0
1030 42 2675 0
1031 14 4178 0
1031 71 3045 0
1032 59 2999 0
1032 74 135 0
1032 71 1520 1
1034 78 741 0
1035 76 4485 1
1036 135 4538 0
1036 31 3045 0
1036 30 2207 1
1038 50 4783 0
1038 136 2348 0
1039 134 4430 0
1040 31 682 1
1041 112 2207 1
1042 76 4485 0
1043 63 2349 0
1044 35 889 1
1044 128 3187 1
1044 61 1047 1
1044 86 2260 0
1046 136 3651 1
1047 10 2774 1
1047 96 2606 0
1049 85 1520 1
1049 126 377 1
1049 35 889 0
1049 86 3187 1
1050 90 1008 1
1051 77 1193 1
1051 58 3917 0
1052 85 1520 0
1053 113 3917 1
1053 123 587 0
1054 74 2145 1
1054 62 3707 1
1054 69 3527 0
1054 7 714 0
1055 90 1008 0
1055 123 1428 1
1057 96 2898 1
1058 134 2565 1
1058 119 254 1
1061 90 2610 1
1062 60 3021 1
1062 106 2494 1
1062 36 672 1
1062 19 4101 0
1063 45 4906 1
1063 4 439 1
1063 31 682 0
1067 58 2879 1
1071 4 439 0
1073 119 254 0
1074 27 3739 1
1074 92 2988 0
1077 38 1434 0
1077 132 4783 1
1077 30 2207 0
1078 78 1008 1
1079 106 2494 0
1080 3 3349 1
1081 15 41 1
1084 7 4022 1
1084 86 3187 0
1085 32 2099 0
1085 77 1193 0
1086 78 1008 0
1087 2 1658 1
1089 143 4239 0
1089 10 2774 0
1090 126 377 0
1090 90 2610 0
1092 96 2898 0
1093 17 3276 1
1095 21 935 0
1095 83 907 0
1096 13 3349 0
1096 90 4827 1
1098 8 1771 1
1099 28 4502 1
1100 55 3513 0
1100 132 4783 0
1101 112 2207 0
1102 112 1781 1
1103 7 4022 0
1108 119 2260 1
1108 19 4538 1
1108 64 1222 0
1108 128 3187 0
1108 104 2650 1
1109 82 3513 0
1109 96 587 1
1112 113 3917 0
1112 64 672 1
1115 84 4455 1
1115 32 2879 1
1116 50 3989 1
1116 35 4535 1
1117 8 1771 0
1117 85 1057 1
1118 144 1341 0
1121 78 3037 1
1122 71 1520 0
1123 141 4308 0
1124 60 3021 0
1124 95 4065 0
1127 91 3510 0
1128 92 1259 1
1128 56 3370 0
1129 64 672 0
1129 28 4502 0
1129 123 1428 0
1131 132 1429 1
1134 106 3276 1
1135 106 3276 0
1135 10 2348 1
1136 13 4616 1
1136 117 726 1
1137 144 4065 1
1139 86 3046 1
1139 27 3739 0
1139 20 587 0
1141 123 1518 1
1141 42 3739 1
1143 17 3276 0
1143 91 2914 1
1143 38 2914 1
1144 112 1781 0
1144 69 2831 1
1145 56 2308 1
1145 106 2818 1
1146 38 2914 0
1146 63 1203 1
1147 110 3513 0
1148 50 3989 0
1148 105 3739 0
1148 104 2650 0
1149 27 1386 1
1149 96 587 0
1149 10 2348 0
1152 115 889 0
1152 56 2308 0
1152 35 4535 0
1154 84 4455 0
1155 83 4897 1
1155 121 1743 0
1156 109 935 0
1157 63 1203 0
1158 46 1658 1
1159 2 1658 0
1159 3 3349 0
1160 27 1386 0
1160 36 672 0
1160 63 2099 1
1162 62 3707 0
1162 63 2099 0
1163 46 1658 0
1165 63 1428 1
1165 85 1057 0
1165 104 1520 1
1166 99 3513 0
1166 106 2818 0
1168 91 2914 0
1170 7 2036 1
1172 60 3744 1
1173 13 4616 0
1173 85 2818 1
1174 9 3370 0
1174 69 2831 0
1175 97 4082 0
1175 15 41 0
1177 63 1428 0
1177 42 3739 0
1177 38 3349 1
1179 71 3459 1
1179 123 1518 0
1179 113 2308 1
1180 107 3651 0
1181 63 1428 1
1181 134 2565 0
1183 94 1428 0
1183 144 4065 0
1184 55 3886 1
1184 62 2340 1
1185 10 1713 1
1185 106 4559 1
1185 65 3218 1
1188 83 4897 0
1188 73 3744 1
1188 103 1743 1
1189 62 2340 0
1193 96 4082 1
1198 74 2145 0
1198 55 3886 0
1198 70 3744 0
1199 19 4538 0
1199 46 1047 1
1199 113 2308 0
1201 127 1222 0
1201 103 1743 0
1202 109 1520 1
1202 97 1667 1
1203 109 1520 0
1205 35 3527 1
1205 31 2774 1
1206 119 2260 0
1207 35 3527 0
1207 14 1781 1
1209 50 2207 1
1209 73 3744 0
1209 112 1036 1
1210 141 41 1
1210 65 3218 0
1211 24 3633 0
1211 106 4559 0
1212 33 3707 0
1212 144 2161 1
1212 58 2879 0
1212 134 4430 1
1212 112 1036 0
1213 63 1428 0
1214 31 2774 0
1214 97 1667 0
1215 61 1047 0
1215 21 3276 1
1218 34 889 0
1218 50 2207 0
1219 71 3459 0
1222 117 726 0
1223 90 4827 0
1223 46 1047 0
1224 78 3037 0
1224 67 3744 0
1225 10 1713 0
1225 95 4783 1
1226 130 377 0
1226 7 2036 0
1226 134 4430 0
1227 86 3046 0
1227 136 3651 0
1227 90 1518 1
1228 144 2161 0
1228 96 4082 0
1228 132 1429 0
1228 138 3744 0
1228 134 2335 1
1228 67 4827 1
1230 46 4022 1
1230 104 1520 0
1231 42 2927 1
1233 42 2927 0
1233 38 3349 0
1235 30 4906 1
1237 8 2340 1
1237 67 4827 0
1238 46 4022 0
1241 141 41 0
1242 90 1518 0
1243 30 4906 0
1244 45 4906 0
1245 12 1259 0
1247 133 3037 0
1248 14 1781 0
1249 47 4538 0
1251 32 2879 0
1252 79 2038 0
1252 21 3276 0
1252 60 3744 0
1253 92 1259 0
1253 115 2494 1
1255 134 2335 0
1256 8 2340 0
1256 115 2494 0
1257 85 2818 0
1258 95 4783 0
1259 111 4371 0
26
1116 1222 189
584 682 1069
1102 1233 3187
750 968 439
1011 1176 2494
961 1103 3370
846 951 3633
597 720 2914
554 738 4906
596 1232 2763
675 798 3886
1045 1148 2927
1071 1193 3037
792 903 254
782 1026 2898
930 1181 2335
735 854 3370
1073 1170 2818
777 883 2927
815 985 3633
590 757 2494
836 1034 1743
641 1124 4783
734 913 1057
624 843 377
838 1189 3976
105 1613
272
540 23 309 1
544 101 1210 1
551 2 73 1
557 4 551 1
573 44 965 1
587 42 563 1
595 101 1210 0
597 81 1315 1
602 51 1210 1
603 2 73 0
607 68 559 1
609 70 776 1
612 28 1198 1
614 15 98 1
615 63 687 1
627 91 965 1
627 25 525 1
629 81 1315 0
636 23 309 0
636 65 309 1
637 44 965 0
640 65 309 0
646 28 1198 0
647 52 478 1
648 49 532 1
649 36 1516 1
652 44 899 1
653 84 507 1
654 4 551 0
658 46 808 1
659 68 559 0
662 84 507 0
662 101 478 1
664 15 98 0
666 49 532 0
669 10 1190 1
674 70 776 0
677 44 899 0
682 42 563 0
685 14 687 1
687 85 309 1
687 91 965 0
687 46 808 0
687 84 1190 1
688 15 368 1
690 65 1192 1
693 23 965 1
694 92 1516 1
695 51 1210 0
696 23 965 0
700 14 687 0
706 40 1104 1
712 65 1192 0
715 42 563 1
716 52 478 0
723 48 73 1
725 60 667 1
727 49 507 1
727 2 776 1
729 42 563 0
730 44 989 1
731 47 369 1
731 59 98 1
733 47 369 0
734 68 246 1
735 68 246 0
736 81 368 1
736 102 559 1
737 28 667 1
737 14 1173 1
738 25 525 0
741 85 309 0
744 37 1188 1
744 42 989 1
747 84 1190 0
747 52 1104 1
748 15 368 0
750 40 1104 0
752 14 1173 0
754 48 73 0
757 21 369 1
765 14 242 1
765 84 1517 1
769 42 989 0
771 10 1190 0
772 27 1188 1
777 29 369 1
779 48 1517 1
780 46 309 1
780 52 1104 0
782 21 369 0
784 42 1319 1
789 102 559 0
790 28 667 0
791 42 1319 0
792 4 240 1
795 94 1190 1
797 25 1190 1
803 21 1319 1
806 29 369 0
806 94 1190 0
809 23 687 1
814 70 1315 1
814 52 808 1
817 63 687 0
824 48 1517 0
824 49 507 0
824 46 309 0
826 38 899 1
830 81 368 0
830 36 1516 0
832 38 899 0
832 52 808 0
833 80 1169 1
836 102 309 1
837 15 896 1
838 80 1169 0
840 102 309 0
845 28 559 1
846 84 1517 0
849 81 240 1
851 27 1188 0
852 25 1190 0
865 84 697 1
874 52 697 1
876 84 697 0
876 94 1178 1
878 60 667 0
878 90 1190 1
887 25 242 1
892 65 73 1
898 48 1169 1
898 14 242 0
902 44 989 0
903 92 1516 0
903 51 525 1
906 25 242 0
907 84 532 1
911 37 1188 0
914 85 1178 1
914 37 379 1
914 92 965 1
921 90 1190 0
922 63 896 1
924 2 776 0
927 59 98 0
931 25 1188 1
933 59 681 1
936 65 73 0
950 44 242 1
957 63 896 0
961 44 242 0
964 65 1188 1
965 4 240 0
966 37 379 0
966 92 965 0
967 63 687 1
969 90 687 1
975 68 1520 1
976 23 687 0
978 52 697 0
990 49 1520 1
991 21 1319 0
991 91 1190 1
995 80 1315 1
1001 29 681 1
1002 80 1315 0
1003 68 1520 0
1007 37 989 1
1008 47 1104 1
1009 59 681 0
1016 48 1169 0
1020 47 1104 0
1022 59 1516 1
1029 48 1192 1
1030 23 1517 1
1032 84 532 0
1036 29 681 0
1040 85 1178 0
1045 90 687 0
1049 21 697 1
1049 4 1192 1
1050 38 667 1
1050 40 1178 1
1050 63 687 0
1051 48 1192 0
1051 40 1178 0
1057 4 1192 0
1060 21 697 0
1064 29 697 1
1064 23 1517 0
1074 68 896 1
1076 15 896 0
1077 80 1188 1
1078 48 369 1
1079 28 559 0
1081 2 1173 1
1083 23 1188 1
1086 81 240 0
1086 37 989 0
1087 49 1520 0
1088 15 776 1
1088 29 697 0
1089 84 73 1
1090 2 1173 0
1091 70 1315 0
1091 40 758 1
1092 29 1192 1
1094 51 525 0
1094 38 667 0
1097 48 369 0
1104 2 478 1
1110 46 507 1
1111 52 1319 1
1114 44 697 1
1118 28 1169 1
1119 52 1319 0
1119 59 1516 0
1120 91 1190 0
1127 2 478 0
1131 4 532 1
1133 40 758 0
1134 47 379 1
1135 46 507 0
1135 4 532 0
1137 21 1190 1
1137 90 1516 1
1138 80 1188 0
1142 42 563 1
1142 23 1188 0
1148 42 563 0
1149 14 1516 1
1153 36 563 1
1153 25 1188 0
1155 15 776 0
1158 59 899 1
1160 52 1319 1
1161 84 73 0
1166 37 1198 1
1166 44 697 0
1168 4 965 1
1178 91 808 1
1185 40 1173 1
1185 15 630 1
1187 59 899 0
1188 27 1198 1
1190 47 379 0
1193 29 1192 0
1196 52 1319 0
1197 48 1169 1
1203 101 478 0
1204 28 1169 0
1205 65 1188 0
1210 37 1198 0
1211 68 896 0
1213 48 1169 0
1213 36 563 0
1214 47 507 1
1217 38 687 1
1221 40 1173 0
1222 90 1516 0
1226 38 687 0
1228 4 965 0
1229 91 808 0
1232 27 1198 0
1236 15 630 0
1238 14 1516 0
1242 65 965 1
1247 21 1190 0
1255 94 1178 0
1258 65 965 0
1260 47 507 0
15
964 1146 242
856 1074 808
849 994 525
806 989 532
739 886 899
567 779 989
1043 1141 1450
570 917 1104
540 967 246
561 685 478
894 989 1178
780 1175 1520
744 1140 507
864 1089 551
719 821 912
789 9684
778
540 154 3504 1
540 26 5254 1
543 580 2946 1
546 315 760 1
547 463 855 1
551 619 4235 1
551 601 7739 1
554 14 3504 1
554 315 760 0
555 695 1672 1
555 520 2963 1
556 26 5254 0
557 164 8603 1
557 695 1672 0
558 770 4320 1
558 426 4260 1
560 611 7310 1
560 374 5937 1
561 607 3150 1
562 315 3342 1
563 465 8533 1
571 465 8533 0
572 70 4827 1
572 181 760 1
573 317 2880 1
573 460 5226 1
574 300 2011 1
574 387 6201 1
574 14 3504 0
578 131 7929 1
582 587 2746 1
584 678 5937 1
584 605 7310 1
587 583 2746 1
588 515 7839 1
590 327 7752 1
590 322 4090 1
591 768 8876 1
591 761 6587 1
594 96 4400 1
597 131 7929 0
600 463 855 0
600 13 2389 1
601 86 250 1
602 44 4834 1
602 23 7839 1
603 407 3041 1
603 61 2092 1
605 272 2346 1
605 22 700 1
606 61 2092 0
606 242 5647 1
607 530 3333 1
607 74 1812 1
608 719 1813 1
608 96 4400 0
608 558 6203 1
610 526 4012 1
611 628 6399 1
611 322 4090 0
612 70 4827 0
613 120 7574 1
614 322 2085 1
614 558 6203 0
614 23 7839 0
615 173 5824 1
615 506 9313 1
618 287 5937 1
618 399 3870 1
618 642 5170 1
619 374 5937 0
619 583 2746 0
620 701 2011 1
620 710 7468 1
621 566 4090 1
622 649 5969 1
622 327 7752 0
623 680 5216 1
624 86 250 0
625 173 5824 0
625 457 249 1
625 583 403 1
627 722 8314 1
629 56 6107 1
630 702 3207 1
632 374 4833 1
632 120 7574 0
633 462 403 1
635 530 3333 0
636 61 3041 1
637 173 3122 1
639 407 3041 0
641 583 403 0
641 605 7310 0
642 120 6201 1
642 61 3041 0
642 722 8314 0
643 611 7310 0
643 17 5226 1
643 315 3342 0
643 714 64 1
645 649 5969 0
647 291 2746 1
648 485 7929 1
648 69 7739 1
649 96 5937 1
651 287 5937 0
652 48 7468 1
652 86 5216 1
653 678 5937 0
653 106 1146 1
654 131 5024 1
655 506 9313 0
657 87 8776 1
657 701 2011 0
658 22 700 0
659 465 2963 1
660 214 626 1
661 164 8603 0
662 48 7468 0
663 526 4012 0
663 173 3122 0
664 495 8776 1
664 242 5647 0
664 583 2731 1
666 327 4980 1
667 463 5937 1
668 474 1786 1
668 219 7752 1
668 553 7881 1
669 387 6201 0
669 680 5216 0
670 83 8873 1
673 164 2444 1
674 172 4980 1
675 173 4260 1
675 566 4090 0
678 358 3335 1
678 614 8533 1
679 609 7881 1
679 173 4260 0
679 407 760 1
679 612 855 1
680 214 626 0
682 733 8533 1
682 96 5937 0
683 16 4012 1
683 439 1146 1
683 485 7929 0
684 474 1786 0
684 328 1638 1
684 733 8533 0
684 546 2214 1
685 642 5170 0
687 587 2746 0
687 761 6587 0
687 48 729 1
688 291 2746 0
690 97 403 1
690 106 1146 0
691 317 2880 0
692 278 7468 1
693 13 2389 0
694 327 4980 0
696 376 3342 1
696 106 4235 1
697 290 2880 1
699 485 4249 1
699 702 3207 0
699 69 7739 0
700 70 4036 1
700 733 4500 1
701 611 2011 1
703 407 760 0
705 358 3335 0
707 713 2293 1
708 612 855 0
710 70 4036 0
710 463 5937 0
713 315 8533 1
713 426 4260 0
714 413 3870 1
714 96 8106 1
715 219 7752 0
715 74 1812 0
716 611 2011 0
717 374 4833 0
718 580 2946 0
718 649 4833 1
719 457 249 0
719 583 2731 0
720 74 3041 1
721 129 7929 1
721 87 8776 0
721 468 3074 1
722 714 64 0
723 526 4249 1
723 637 4074 1
723 583 6201 1
723 722 3041 1
724 164 2444 0
725 407 4834 1
726 719 1813 0
726 680 2946 1
726 96 8106 0
726 48 729 0
727 172 4980 0
728 328 1638 0
728 583 6201 0
728 713 2293 0
729 612 403 1
729 582 5937 1
730 242 3150 1
731 770 4320 0
732 148 5893 1
732 733 4500 0
735 460 5226 0
735 733 4090 1
735 214 2880 1
736 74 3041 0
737 128 7574 1
737 521 8776 1
738 315 8533 0
738 546 2214 0
738 642 729 1
739 71 8603 1
739 87 8127 1
740 684 9385 1
740 462 403 0
741 637 4074 0
741 519 6508 1
742 399 3870 0
745 71 8603 0
745 515 7839 0
746 582 5937 0
746 315 7882 1
746 214 2880 0
747 288 8375 1
747 413 3870 0
748 152 7415 1
752 374 8314 1
752 761 4090 1
753 152 7415 0
753 219 5393 1
755 506 9119 1
756 97 403 0
756 555 2746 1
757 322 2085 0
759 242 3150 0
759 628 6399 0
760 749 1567 1
760 719 1695 1
763 553 7881 0
765 61 6201 1
765 407 4834 0
766 83 8873 0
766 485 4249 0
767 17 5226 0
768 684 9385 0
768 649 4833 0
768 702 2092 1
771 128 7574 0
772 673 4833 1
773 87 8127 0
775 722 3041 0
776 553 7309 1
776 462 3870 1
776 710 7468 0
777 71 7617 1
778 272 2346 0
778 558 4827 1
778 152 249 1
778 172 6508 1
779 358 9385 1
780 463 8484 1
780 377 4074 1
783 376 3342 0
784 377 4074 0
785 23 7617 1
785 611 2880 1
786 189 1138 1
787 87 9620 1
787 327 7752 1
787 719 1695 0
788 328 7739 1
788 599 5288 1
789 69 8314 1
789 722 1824 1
790 291 1638 1
790 181 760 0
791 714 4235 1
791 733 4090 0
793 642 729 0
794 278 7468 0
794 605 4500 1
797 48 7082 1
797 328 7739 0
799 44 4834 0
800 219 5393 0
804 713 3333 1
805 328 1786 1
807 131 5024 0
807 546 1786 1
807 454 7415 1
807 214 3405 1
808 495 8776 0
809 722 1824 0
809 440 5393 1
810 48 7082 0
810 106 4235 0
811 710 2092 1
811 164 1411 1
812 601 7739 0
813 460 5226 1
813 331 1411 1
814 317 5393 1
814 426 5216 1
814 377 4500 1
815 462 3870 0
817 26 7904 1
822 87 9620 0
823 710 2092 0
823 440 5393 0
823 468 3074 0
824 173 7929 1
825 771 4988 1
826 315 7882 0
827 770 2011 1
828 649 4074 1
828 614 8533 0
828 164 1411 0
830 298 5288 1
830 86 5216 0
831 23 7617 0
831 761 4090 0
831 327 7752 0
833 26 7904 0
835 69 8314 0
835 702 2092 0
836 515 3041 1
836 181 8127 1
838 399 1138 1
838 193 403 1
840 553 7309 0
841 288 8375 0
842 16 4012 0
842 701 855 1
842 628 8533 1
842 553 6201 1
845 322 4834 1
846 83 1384 1
846 287 6107 1
848 376 2293 1
850 86 7904 1
851 738 4036 1
851 553 6201 0
852 526 4249 0
852 519 6508 0
854 520 2963 0
855 56 6107 0
855 521 8776 0
855 770 2011 0
857 48 9313 1
858 710 5170 1
858 673 4833 0
858 430 1567 1
859 48 9313 0
860 131 2746 1
860 642 6201 1
861 181 8127 0
861 377 4500 0
862 214 3405 0
863 287 6107 0
865 272 2293 1
866 298 5288 0
867 291 1638 0
867 582 2444 1
867 214 7617 1
868 566 2731 1
868 607 3150 0
868 462 8106 1
869 580 249 1
870 148 5893 0
870 26 4260 1
872 426 5216 0
872 331 1411 0
873 106 320 1
873 70 403 1
874 219 2214 1
874 317 5393 0
875 684 9620 1
877 506 9119 0
881 474 2214 1
881 738 4036 0
884 358 9385 0
885 245 9462 1
885 614 320 1
886 614 320 0
888 106 320 0
889 164 729 1
890 56 4980 1
890 491 2444 1
893 96 4827 1
894 440 2092 1
894 96 4827 0
894 515 3041 0
894 278 6203 1
895 582 2444 0
895 430 1567 0
896 320 760 1
900 521 250 1
901 245 9462 0
901 611 2880 0
901 530 2389 1
901 374 8314 0
903 407 6203 1
904 612 403 0
904 738 8375 1
905 609 7881 0
905 83 1384 0
905 16 3333 1
906 642 6201 0
906 104 3207 1
907 601 5647 1
907 56 4980 0
907 521 250 0
911 738 8375 0
911 612 403 1
912 322 4834 0
913 701 855 0
913 23 2946 1
914 173 7929 0
914 474 2214 0
915 328 1786 0
918 738 6107 1
918 454 7415 0
919 300 2011 0
919 587 4980 1
920 413 4833 1
921 628 8533 0
921 491 2444 0
921 612 403 0
922 14 7468 1
923 430 1485 1
923 611 2444 1
923 457 7881 1
924 164 729 0
925 26 4260 0
925 22 8876 1
929 719 3041 1
929 70 403 0
930 678 1146 1
932 96 9313 1
932 614 9273 1
932 599 5288 0
933 374 6107 1
933 44 9313 1
934 680 2946 0
934 607 5893 1
935 649 4074 0
937 245 5288 1
937 86 7904 0
938 172 6508 0
939 530 2389 0
942 710 5170 0
942 684 9620 0
944 71 7617 0
945 272 2293 0
946 245 5288 0
947 83 5024 1
949 413 4833 0
950 290 2880 0
950 315 8603 1
950 131 2746 0
954 377 3484 1
954 457 7881 0
956 701 2389 1
956 87 3484 1
957 612 855 1
957 558 4827 0
959 553 7309 1
960 462 8106 0
961 300 3504 1
962 555 2746 0
963 519 7752 1
965 457 4988 1
965 83 5024 0
966 485 3870 1
966 599 3405 1
966 22 8876 0
967 128 2389 1
969 454 3335 1
970 695 1695 1
970 607 5893 0
971 771 4988 0
971 48 4090 1
974 710 2214 1
977 454 3335 0
977 97 6406 1
977 322 8534 1
978 713 3333 0
981 430 1485 0
982 120 6201 0
982 614 9273 0
982 48 4090 0
983 611 2444 0
984 714 4235 0
984 580 249 0
984 520 8956 1
984 387 6406 1
986 749 1567 0
986 193 403 0
986 376 2293 0
987 520 8956 0
991 582 7027 1
992 128 2389 0
992 87 3484 0
992 491 5893 1
992 642 1812 1
993 315 8603 0
993 173 2880 1
995 637 1411 1
996 463 8484 0
996 605 4500 0
997 580 5969 1
998 770 7881 1
999 377 3484 0
1004 733 3484 1
1004 298 1138 1
1004 181 5451 1
1005 71 4074 1
1006 86 2092 1
1008 173 2880 0
1008 86 2092 0
1009 86 4249 1
1010 454 8484 1
1014 22 5216 1
1015 580 5969 0
1015 181 5451 0
1016 288 1567 1
1016 377 729 1
1018 457 4988 0
1018 582 7027 0
1019 566 2731 0
1019 164 7415 1
1019 710 2214 0
1021 519 7752 0
1022 555 7082 1
1022 649 3041 1
1023 519 8801 1
1023 86 4249 0
1024 374 6107 0
1025 287 4260 1
1025 298 1138 0
1025 485 3870 0
1029 26 1672 1
1030 16 3333 0
1033 14 7468 0
1033 526 2011 1
1033 387 6406 0
1036 278 6203 0
1037 768 8876 0
1040 519 8801 0
1040 290 5024 1
1040 495 3074 1
1040 83 8956 1
1043 13 3333 1
1044 580 3039 1
1045 83 8956 0
1045 642 1812 0
1045 148 5393 1
1046 172 3150 1
1046 673 9119 1
1047 506 6497 1
1048 120 4500 1
1048 374 3504 1
1050 749 7881 1
1051 290 5024 0
1051 120 4500 0
1052 770 7881 0
1053 16 1638 1
1053 104 3207 0
1054 22 5216 0
1054 300 3504 0
1054 272 2444 1
1054 680 626 1
1055 714 9385 1
1055 48 6508 1
1056 474 320 1
1056 680 626 0
1057 104 5451 1
1058 749 7881 0
1061 439 1146 0
1063 106 4827 1
1063 457 3164 1
1064 474 320 0
1064 684 1567 1
1067 426 4235 1
1068 770 7882 1
1069 611 4012 1
1070 722 1786 1
1070 148 5393 0
1071 129 7929 0
1072 614 6107 1
1072 104 5451 0
1072 320 760 0
1073 780 8603 1
1073 614 6107 0
1073 322 8534 0
1074 474 4988 1
1075 71 4074 0
1075 377 729 0
1076 546 1786 0
1077 287 4260 0
1077 131 4012 1
1077 242 3335 1
1078 430 7752 1
1079 558 7310 1
1081 290 8801 1
1081 320 6508 1
1083 164 7415 0
1084 642 8534 1
1085 26 1672 0
1086 17 7882 1
1086 148 1679 1
1087 684 1567 0
1089 555 7082 0
1089 104 2085 1
1090 291 7752 1
1090 376 1813 1
1090 701 2389 0
1090 44 9313 0
1090 761 5216 1
1093 14 5393 1
1094 48 6508 0
1096 193 7839 1
1096 768 4833 1
1097 104 2085 0
1098 673 9119 0
1100 97 6406 0
1100 317 1384 1
1100 328 9273 1
1103 582 9385 1
1105 749 6406 1
1106 605 5034 1
1106 407 6203 0
1107 678 1146 0
1107 287 5393 1
1108 172 3150 0
1109 474 4988 0
1109 628 855 1
1110 272 2444 0
1111 468 4249 1
1113 129 3041 1
1114 148 1679 0
1114 714 9385 0
1115 317 1384 0
1115 439 4980 1
1122 761 5216 0
1124 612 855 0
1125 17 7882 0
1126 684 249 1
1126 637 1411 0
1126 173 7618 1
1128 465 2963 0
1129 768 4833 0
1129 749 6406 0
1135 74 3405 1
1135 733 3484 0
1136 468 4249 0
1137 738 6107 0
1137 327 7082 1
1137 768 8876 1
1140 290 8801 0
1140 605 5034 0
1140 61 6201 0
1141 128 3504 1
1144 722 1786 0
1144 628 855 0
1147 320 6508 0
1149 69 8873 1
1149 614 5937 1
1149 13 3333 0
1150 506 6497 0
1151 131 4012 0
1152 566 7468 1
1153 315 5937 1
1154 521 403 1
1155 69 8873 0
1156 768 8876 0
1159 701 7202 1
1160 219 2214 0
1160 649 3041 0
1160 430 7752 0
1163 74 3405 0
1164 298 729 1
1166 457 3164 0
1168 463 2963 1
1169 440 2092 0
1169 214 7617 0
1169 599 3405 0
1170 526 2011 0
1171 439 4980 0
1172 291 7752 0
1174 376 1813 0
1174 189 1138 0
1176 701 7202 0
1176 614 5937 0
1177 23 2946 0
1178 48 7752 1
1180 328 9273 0
1181 454 8484 0
1183 553 7309 0
1187 193 7839 0
1188 695 1695 0
1190 780 8603 0
1193 521 403 0
1193 770 7882 0
1194 96 9313 0
1195 16 1638 0
1195 17 7617 1
1195 48 7752 0
1196 374 3504 0
1201 413 760 1
1203 300 5893 1
1208 649 8534 1
1209 495 3074 0
1211 463 2963 0
1212 17 7617 0
1212 413 760 0
1213 611 4012 0
1213 566 7468 0
1214 152 249 0
1215 106 4827 0
1215 582 9385 0
1216 439 2629 1
1216 426 4235 0
1218 399 1138 0
1221 684 249 0
1221 128 3504 0
1223 460 5226 0
1223 719 3041 0
1224 148 9385 1
1227 587 4980 0
1228 242 3335 0
1229 154 3504 0
1230 642 8534 0
1231 387 7752 1
1231 439 2629 0
1232 387 7752 0
1235 278 9385 1
1237 713 4249 1
1238 702 5170 1
1239 327 7082 0
1239 129 3041 0
1241 315 5937 0
1241 288 1567 0
1241 278 9385 0
1241 649 8534 0
1241 154 2092 1
1242 287 5393 0
1244 580 3039 0
1244 48 7618 1
1246 48 7618 0
1247 702 5170 0
1247 582 2092 1
1250 173 7618 0
1250 558 7310 0
1251 148 9385 0
1253 300 5893 0
1255 619 4235 0
1256 154 2092 0
1257 713 4249 0
1258 491 5893 0
1258 582 2092 0
1259 14 5393 0
1260 601 5647 0
1260 298 729 0
21
591 1038 3333
563 806 9462
751 901 729
581 976 4249
611 968 8533
818 928 6203
787 1206 4074
865 1088 7839
1035 1185 855
759 1174 1138
627 861 6107
699 876 8484
918 1015 1812
619 909 8956
662 763 4827
864 978 1695
650 1076 3150
670 846 7752
783 979 2606
819 978 8106
619 753 250
242 5649
382
543 42 2729 1
548 233 2459 1
549 25 565 1
550 169 2341 1
558 25 565 0
559 29 5479 1
563 156 1089 1
567 136 4529 1
569 146 4728 1
569 206 709 1
570 102 565 1
573 111 709 1
577 147 189 1
578 42 2729 0
580 157 1832 1
587 133 1832 1
587 147 189 0
589 111 709 0
589 236 452 1
590 170 3669 1
591 156 1089 0
591 164 171 1
592 40 3550 1
596 179 646 1
598 135 4728 1
598 233 2459 0
599 133 1832 0
602 176 2341 1
603 167 1086 1
604 135 4728 0
612 235 5459 1
616 29 5479 0
617 82 171 1
617 144 4376 1
618 149 1899 1
619 42 3669 1
624 28 2364 1
624 57 2449 1
627 216 1083 1
631 9 1008 1
632 193 1670 1
637 100 3015 1
639 156 4931 1
640 147 1089 1
641 167 1086 0
643 57 2449 0
643 94 3669 1
649 130 983 1
656 206 709 0
660 209 4584 1
660 193 1670 0
661 9 1008 0
664 235 5459 0
666 7 1332 1
666 139 709 1
667 233 1520 1
667 94 3669 0
671 164 171 0
673 236 452 0
675 100 3015 0
677 9 5204 1
681 53 1008 1
681 57 709 1
685 115 4191 1
685 122 3869 1
687 146 4728 0
687 167 1670 1
688 233 1520 0
694 232 5036 1
694 105 171 1
695 136 4529 0
698 111 4736 1
700 167 1670 0
701 5 3550 1
709 209 4584 0
710 115 4191 0
713 57 709 0
714 59 1904 1
715 40 3550 0
715 147 1089 0
717 146 4529 1
718 235 3887 1
718 77 5561 1
719 77 5561 0
723 105 171 0
724 28 2364 0
725 53 1008 0
725 105 2341 1
727 7 1332 0
728 167 2341 1
729 193 2449 1
729 28 3116 1
731 133 4584 1
732 59 1904 0
732 28 3116 0
735 230 2641 1
737 136 983 1
737 167 2341 0
740 92 2459 1
744 206 5479 1
744 5 3550 0
745 235 3887 0
747 25 3116 1
750 179 646 0
753 59 983 1
759 216 1083 0
762 235 709 1
764 190 2911 1
765 28 1089 1
766 136 983 0
774 7 2988 1
777 102 565 0
777 9 5204 0
779 146 4529 0
781 29 4931 1
783 230 2641 0
785 149 1899 0
786 233 1384 1
788 146 5479 1
791 59 983 0
792 147 4931 1
794 116 4519 1
797 57 1384 1
797 122 3869 0
798 100 452 1
799 167 4376 1
801 179 3669 1
801 7 2988 0
803 176 2341 0
803 116 4519 0
803 233 1384 0
805 28 1089 0
806 230 3887 1
807 116 5561 1
809 236 3887 1
812 236 3887 0
813 122 1089 1
815 77 4221 1
815 163 2459 1
815 3 1083 1
816 94 2088 1
817 179 3669 0
820 176 5479 1
822 42 3669 0
822 133 4584 0
822 149 1520 1
825 25 3116 0
828 209 1008 1
828 102 4376 1
829 228 917 1
830 77 4221 0
830 42 1790 1
833 139 709 0
835 7 2641 1
842 3 1083 0
844 163 2459 0
847 25 1899 1
850 29 4931 0
852 9 4931 1
855 82 171 0
855 164 1694 1
856 190 2911 0
856 105 2341 0
857 115 1568 1
861 29 1089 1
862 5 2729 1
863 59 1520 1
863 9 4931 0
863 135 3116 1
863 149 1520 0
864 179 1083 1
866 149 4376 1
866 29 1089 0
866 40 4529 1
867 230 3887 0
868 116 5561 0
871 235 709 0
871 7 2641 0
872 50 4584 1
872 111 4736 0
875 139 2088 1
876 53 3669 1
876 122 1089 0
878 216 452 1
879 146 5479 0
879 40 4529 0
883 135 3116 0
885 233 1832 1
886 133 3430 1
886 139 2088 0
886 29 1899 1
887 235 2088 1
889 228 917 0
893 82 1899 1
894 116 713 1
895 40 3696 1
896 115 1568 0
901 228 452 1
901 230 3657 1
903 28 1086 1
903 236 4728 1
903 213 1008 1
903 77 2729 1
904 135 5036 1
906 115 2341 1
908 235 2088 0
911 167 4376 0
914 7 2088 1
915 144 4376 0
915 235 452 1
916 53 3669 0
917 105 2459 1
918 102 4376 0
923 102 5204 1
925 233 1832 0
927 144 1384 1
928 232 5036 0
930 77 2729 0
931 136 1083 1
933 102 5204 0
934 40 3696 0
936 42 1790 0
936 156 4931 0
937 235 452 0
942 102 2364 1
945 3 2988 1
945 170 3669 0
945 144 1384 0
951 122 2449 1
956 228 452 0
959 230 3657 0
960 233 691 1
960 206 5479 0
964 105 2459 0
965 100 452 0
965 25 1899 0
966 9 2911 1
969 57 1384 0
973 105 1008 1
976 40 1332 1
980 3 2988 0
980 116 713 0
982 149 4376 0
983 136 1083 0
984 40 1332 0
985 105 1008 0
986 209 1008 0
988 29 1899 0
991 9 2911 0
994 130 983 0
995 77 1062 1
995 230 1008 1
996 100 2449 1
996 7 2088 0
998 169 2341 0
1007 163 4191 1
1008 102 2364 0
1010 7 713 1
1011 156 2393 1
1014 9 4191 1
1014 167 1008 1
1015 216 452 0
1022 100 2449 0
1024 25 3887 1
1029 77 1062 0
1029 102 4736 1
1030 136 5459 1
1032 122 2449 0
1033 164 1694 0
1034 59 1520 0
1040 25 3887 0
1041 146 189 1
1044 170 1089 1
1044 130 1670 1
1045 163 4191 0
1047 169 1904 1
1048 57 1520 1
1052 233 691 0
1053 105 1384 1
1054 59 1008 1
1057 233 709 1
1058 7 713 0
1061 236 4728 0
1062 213 1008 0
1065 40 1384 1
1067 156 2393 0
1069 235 1695 1
1070 169 1904 0
1072 82 1899 0
1075 28 1086 0
1077 3 4529 1
1079 7 3116 1
1079 29 1086 1
1080 42 2364 1
1080 136 5459 0
1083 147 4931 0
1083 130 1670 0
1090 105 1384 0
1091 216 713 1
1093 42 2364 0
1094 7 3116 0
1095 164 1904 1
1099 116 1520 1
1099 53 4736 1
1100 40 1384 0
1102 163 1520 1
1103 136 3116 1
1106 42 4191 1
1106 164 1904 0
1113 53 4736 0
1115 156 5459 1
1117 135 5036 0
1118 167 1008 0
1120 144 4365 1
1120 115 2341 0
1121 167 5 1
1123 82 1332 1
1123 122 565 1
1124 111 1083 1
1126 216 713 0
1127 163 1520 0
1128 190 565 1
1135 111 1083 0
1142 40 1008 1
1143 144 4365 0
1143 179 1083 0
1143 42 4191 0
1144 147 3696 1
1148 133 3430 0
1150 116 1520 0
1151 5 2729 0
1153 94 2088 0
1162 232 2339 1
1166 82 1332 0
1171 190 565 0
1171 25 4931 1
1171 167 5 0
1182 156 5459 0
1183 25 4931 0
1187 133 1904 1
1188 9 4191 0
1188 133 1904 0
1190 236 2339 1
1191 59 1008 0
1191 146 189 0
1193 170 1089 0
1196 147 3696 0
1202 50 4584 0
1202 233 709 0
1202 236 2339 0
1204 167 565 1
1205 167 565 0
1208 147 1832 1
1212 29 1086 0
1215 146 4736 1
1215 176 5479 0
1218 130 646 1
1219 3 4529 0
1219 232 2339 0
1223 149 3116 1
1223 235 1695 0
1227 146 4736 0
1227 40 1008 0
1227 167 2364 1
1228 92 2459 0
1228 122 565 0
1230 136 3116 0
1232 193 2449 0
1234 235 1083 1
1235 7 5479 1
1239 230 1008 0
1240 130 646 0
1241 57 1520 0
1242 149 3116 0
1243 157 1832 0
1245 25 1520 1
1250 7 5479 0
1252 167 2364 0
1255 25 1520 0
1258 235 1083 0
1259 102 4736 0
1260 147 1832 0
2
830 1086 4519
787 922 3303
509 831
884
540 131 333 1
543 379 471 1
543 297 657 1
543 287 673 1
543 494 103 1
544 508 789 1
545 340 229 1
545 205 504 1
545 508 789 0
546 180 300 1
546 405 358 1
546 30 348 1
547 214 410 1
547 297 657 0
547 260 228 1
548 414 88 1
548 89 303 1
549 131 333 0
551 183 783 1
552 259 145 1
552 14 110 1
553 283 80 1
554 327 519 1
556 260 228 0
557 216 9 1
558 409 703 1
560 414 88 0
561 206 28 1
565 343 69 1
566 340 229 0
566 414 145 1
566 230 13 1
567 216 9 0
568 489 673 1
568 89 303 0
569 491 595 1
571 261 80 1
572 312 495 1
572 228 519 1
572 230 13 0
573 44 504 1
574 257 664 1
574 195 348 1
575 180 300 0
575 351 409 1
576 493 673 1
576 495 732 1
576 439 51 1
577 277 22 1
579 495 732 0
581 177 512 1
583 381 174 1
583 174 648 1
584 101 677 1
584 426 503 1
585 11 288 1
587 482 340 1
588 263 519 1
588 228 519 0
589 489 673 0
592 495 641 1
594 420 302 1
594 370 258 1
597 409 703 0
597 342 561 1
598 199 28 1
599 261 80 0
600 246 512 1
600 297 194 1
602 508 59 1
603 147 194 1
603 287 673 0
603 13 586 1
603 405 358 0
605 409 228 1
605 503 773 1
609 494 103 0
610 405 800 1
611 358 56 1
611 342 561 0
612 200 497 1
612 283 80 0
613 263 519 0
613 193 512 1
613 14 110 0
614 367 200 1
614 357 783 1
615 91 564 1
616 228 229 1
617 169 589 1
620 1 696 1
620 228 229 0
621 387 269 1
621 327 519 0
621 44 504 0
621 277 22 0
622 414 145 0
624 483 120 1
624 309 657 1
624 126 120 1
624 376 295 1
626 44 812 1
626 508 59 0
627 409 228 0
629 177 512 0
632 150 340 1
632 117 561 1
632 100 409 1
633 342 44 1
633 282 174 1
633 205 504 0
634 370 258 0
636 495 641 0
638 472 169 1
640 464 493 1
640 439 51 0
641 351 409 0
642 277 110 1
643 460 493 1
643 89 20 1
644 376 295 0
646 126 120 0
647 493 673 0
647 188 348 1
647 13 586 0
649 482 340 0
650 370 503 1
651 186 187 1
651 409 811 1
652 11 288 0
652 379 471 0
652 13 56 1
653 205 30 1
654 441 493 1
654 400 320 1
654 188 348 0
656 101 677 0
656 302 774 1
657 263 432 1
658 107 464 1
658 206 28 0
661 313 88 1
661 348 187 1
662 228 408 1
662 357 783 0
662 30 348 0
663 321 276 1
664 48 409 1
665 193 512 0
665 490 425 1
666 261 603 1
666 367 200 0
668 160 603 1
668 473 512 1
669 260 673 1
670 180 13 1
670 228 408 0
673 483 120 0
673 387 269 0
674 332 348 1
674 493 493 1
677 282 174 0
677 124 406 1
677 370 503 0
678 124 406 0
678 314 131 1
679 312 495 0
679 214 410 0
679 409 811 0
682 483 333 1
682 321 276 0
684 321 512 1
685 337 623 1
685 357 722 1
685 186 187 0
686 473 512 0
687 361 333 1
687 193 303 1
687 249 134 1
687 260 673 0
687 490 425 0
687 483 333 0
688 274 542 1
688 351 228 1
688 263 432 0
688 242 69 1
689 177 110 1
689 39 493 1
689 167 619 1
689 365 441 1
690 494 22 1
691 195 348 0
693 174 648 0
693 38 490 1
693 282 228 1
695 415 512 1
695 357 722 0
695 126 148 1
695 89 20 0
695 67 276 1
695 464 493 0
696 157 595 1
697 287 239 1
697 337 623 0
697 405 800 0
698 282 228 0
699 357 131 1
700 123 304 1
701 13 56 0
703 420 302 0
704 472 169 0
705 220 619 1
706 351 228 0
708 283 228 1
708 367 542 1
709 312 441 1
709 242 69 0
710 379 110 1
711 101 169 1
711 188 425 1
712 491 595 0
712 147 194 0
713 358 56 0
714 169 589 0
715 410 228 1
715 381 174 0
715 490 410 1
716 321 512 0
716 2 302 1
718 357 131 0
719 230 120 1
719 348 187 0
719 493 493 0
720 415 512 0
721 351 542 1
721 472 98 1
722 242 590 1
722 181 504 1
722 263 512 1
723 381 651 1
724 199 28 0
725 482 670 1
726 358 258 1
726 44 812 0
728 39 493 0
729 508 110 1
729 314 131 0
730 173 88 1
730 124 586 1
731 490 410 0
732 186 740 1
732 297 194 0
733 200 497 0
733 14 595 1
733 369 200 1
734 91 564 0
735 503 773 0
735 193 303 0
736 89 680 1
736 159 257 1
737 483 303 1
738 131 595 1
739 414 740 1
739 415 300 1
740 281 826 1
741 387 512 1
741 13 732 1
741 483 303 0
741 169 269 1
742 483 471 1
743 321 555 1
744 90 811 1
744 313 88 0
745 365 441 0
745 277 110 0
746 337 15 1
746 309 657 0
746 157 595 0
747 281 826 0
748 376 603 1
749 30 59 1
749 195 409 1
750 277 200 1
752 206 253 1
753 107 464 0
754 322 46 1
755 124 586 0
756 508 110 0
756 177 110 0
757 181 504 0
758 506 20 1
758 107 314 1
760 302 774 0
760 367 542 0
760 159 257 0
760 314 783 1
762 312 441 0
762 302 564 1
763 44 15 1
763 214 671 1
764 216 174 1
764 263 512 0
766 200 406 1
767 508 694 1
770 260 41 1
770 26 694 1
771 332 348 0
772 43 812 1
772 282 547 1
773 489 46 1
773 282 547 0
774 313 773 1
774 322 46 0
776 131 595 0
777 473 774 1
779 420 783 1
781 464 59 1
781 322 22 1
784 314 783 0
785 473 774 0
787 14 595 0
787 169 269 0
788 483 471 0
788 193 110 1
789 174 76 1
789 2 302 0
789 148 302 1
789 472 98 0
790 249 134 0
790 39 333 1
791 337 15 0
792 181 783 1
792 39 333 0
794 180 13 0
794 206 253 0
796 157 811 1
797 155 567 1
798 11 295 1
799 38 490 0
799 414 740 0
803 482 670 0
803 214 671 0
804 337 54 1
804 365 490 1
804 200 406 0
805 56 131 1
807 200 802 1
808 508 694 0
809 124 258 1
809 207 302 1
809 327 240 1
810 439 148 1
811 441 493 0
813 26 694 0
814 2 425 1
815 420 783 0
816 369 200 0
817 180 240 1
820 312 145 1
821 260 41 0
821 483 123 1
822 257 664 0
822 107 314 0
824 74 803 1
825 309 471 1
826 321 555 0
826 2 425 0
827 1 696 0
829 357 409 1
831 503 810 1
835 186 740 0
836 67 276 0
839 124 258 0
839 322 22 0
840 503 810 0
840 193 110 0
840 327 240 0
842 74 803 0
843 131 712 1
844 381 651 0
844 260 623 1
845 91 113 1
846 483 123 0
847 177 664 1
848 494 22 0
848 214 687 1
850 490 432 1
850 173 88 0
852 173 134 1
853 327 773 1
854 283 228 0
854 13 732 0
854 302 564 0
855 340 584 1
856 281 406 1
857 155 567 0
858 74 171 1
859 159 680 1
859 124 20 1
860 206 512 1
862 206 512 0
863 174 76 0
863 322 228 1
863 491 803 1
864 357 409 0
865 314 9 1
866 313 773 0
868 126 148 0
868 131 712 0
871 220 619 0
872 257 333 1
872 309 471 0
873 503 512 1
873 332 495 1
874 74 171 0
875 460 493 0
875 173 134 0
875 14 703 1
876 274 542 0
877 1 76 1
877 216 174 0
877 260 623 0
879 228 637 1
879 367 650 1
879 439 148 0
881 56 131 0
881 415 300 0
882 43 812 0
883 405 269 1
883 297 512 1
884 107 425 1
886 283 13 1
886 369 51 1
887 183 783 0
888 415 274 1
888 388 657 1
888 74 512 1
888 263 123 1
889 409 490 1
890 508 810 1
890 117 561 0
890 220 13 1
892 183 802 1
893 254 340 1
894 148 302 0
894 313 611 1
896 169 15 1
896 327 773 0
897 379 110 0
898 219 13 1
898 483 490 1
899 100 409 0
900 281 406 0
901 322 228 0
902 490 432 0
902 281 44 1
904 2 295 1
904 263 123 0
904 379 409 1
905 361 333 0
909 43 408 1
910 369 51 0
910 107 425 0
911 332 495 0
911 205 30 0
912 90 811 0
912 361 512 1
912 254 340 0
913 343 69 0
914 257 333 0
915 200 802 0
916 249 800 1
916 199 773 1
917 1 76 0
917 277 200 0
919 340 584 0
919 173 98 1
920 38 409 1
920 460 409 1
921 495 166 1
921 155 258 1
923 26 274 1
925 313 611 0
926 188 425 0
927 14 703 0
927 489 46 0
928 405 269 0
929 365 490 0
931 483 490 0
932 180 240 0
932 220 13 0
933 201 542 1
933 297 512 0
934 205 174 1
937 439 589 1
938 193 490 1
940 274 539 1
942 415 274 0
942 503 512 0
942 283 13 0
942 441 46 1
942 220 802 1
943 251 304 1
943 340 257 1
944 387 512 0
944 11 295 0
944 277 441 1
945 277 441 0
946 148 169 1
951 506 20 0
951 196 677 1
952 13 253 1
954 260 789 1
956 30 59 0
956 260 789 0
959 370 812 1
960 44 15 0
960 205 174 0
960 277 696 1
962 260 169 1
962 322 650 1
962 255 171 1
963 181 783 0
964 361 512 0
967 2 295 0
967 26 274 0
968 160 603 0
968 282 110 1
969 370 812 0
970 493 677 1
973 186 713 1
973 13 253 0
973 426 503 0
973 274 539 0
974 56 253 1
976 100 56 1
976 405 603 1
976 322 650 0
978 400 320 0
980 201 542 0
980 124 20 0
981 482 13 1
981 193 490 0
983 200 303 1
984 123 304 0
984 493 677 0
985 13 547 1
985 167 619 0
985 370 595 1
989 321 359 1
991 379 409 0
993 123 664 1
994 123 664 0
996 473 13 1
996 281 44 0
996 494 44 1
997 257 239 1
999 48 409 0
999 506 228 1
1000 369 69 1
1000 332 304 1
1000 254 59 1
1001 379 826 1
1001 147 406 1
1002 148 169 0
1003 200 303 0
1003 327 564 1
1004 177 664 0
1004 207 302 0
1005 13 547 0
1009 193 174 1
1010 207 88 1
1013 367 650 0
1015 302 410 1
1015 441 46 0
1015 370 595 0
1016 219 13 0
1016 255 171 0
1017 101 169 0
1017 261 603 0
1017 157 811 0
1018 506 228 0
1019 503 258 1
1020 327 564 0
1021 177 15 1
1024 473 13 0
1025 491 803 0
1028 183 802 0
1028 302 410 0
1029 410 228 0
1031 13 166 1
1032 420 80 1
1033 314 9 0
1033 506 33 1
1033 282 110 0
1034 48 59 1
1034 193 174 0
1035 259 145 0
1036 369 69 0
1036 351 542 0
1036 90 493 1
1036 1 732 1
1036 297 657 1
1037 67 512 1
1037 206 555 1
1038 472 722 1
1039 472 722 0
1041 44 673 1
1042 370 145 1
1042 260 169 0
1043 312 145 0
1044 297 657 0
1045 260 174 1
1046 126 673 1
1046 74 512 0
1047 494 44 0
1048 405 603 0
1048 13 166 0
1051 490 13 1
1051 207 88 0
1051 313 103 1
1052 177 15 0
1055 274 288 1
1056 274 288 0
1056 415 673 1
1057 483 41 1
1058 26 110 1
1060 369 722 1
1062 503 258 0
1062 199 773 0
1064 281 651 1
1065 409 490 0
1065 160 59 1
1065 38 409 0
1066 2 22 1
1066 420 80 0
1068 100 56 0
1068 148 688 1
1069 313 103 0
1069 30 677 1
1070 101 166 1
1070 506 33 0
1071 188 664 1
1071 281 651 0
1078 343 464 1
1078 297 30 1
1078 482 13 0
1080 2 22 0
1080 327 194 1
1080 503 712 1
1080 257 239 0
1081 131 13 1
1082 216 134 1
1082 370 145 0
1082 214 687 0
1082 400 408 1
1083 126 673 0
1086 343 464 0
1087 180 519 1
1087 205 145 1
1088 340 257 0
1089 257 33 1
1090 214 464 1
1091 107 41 1
1092 340 169 1
1093 495 166 0
1094 482 688 1
1095 376 603 0
1096 369 722 0
1098 249 800 0
1099 91 113 0
1099 206 555 0
1100 67 512 0
1102 193 229 1
1103 2 359 1
1103 147 406 0
1105 160 59 0
1105 67 410 1
1106 205 145 0
1106 493 425 1
1107 196 677 0
1107 254 59 0
1109 259 495 1
1110 365 774 1
1110 313 800 1
1111 259 495 0
1111 483 41 0
1111 302 131 1
1112 39 103 1
1113 186 713 0
1114 277 696 0
1115 150 340 0
1115 246 512 0
1116 414 564 1
1117 90 493 0
1117 493 425 0
1120 365 774 0
1120 370 564 1
1122 274 123 1
1123 441 773 1
1125 414 564 0
1125 321 359 0
1126 312 304 1
1126 261 169 1
1126 157 657 1
1127 460 409 0
1128 39 103 0
1128 400 408 0
1131 193 229 0
1134 14 783 1
1134 503 712 0
1134 157 657 0
1135 464 59 0
1136 490 13 0
1136 26 110 0
1137 309 64 1
1138 370 564 0
1139 254 80 1
1139 426 664 1
1141 314 789 1
1142 67 410 0
1144 160 228 1
1144 322 595 1
1146 327 194 0
1146 1 732 0
1147 503 673 1
1147 322 595 0
1147 261 169 0
1148 337 54 0
1149 337 15 1
1150 343 512 1
1151 181 314 1
1151 503 673 0
1153 420 774 1
1153 30 677 0
1156 460 28 1
1156 126 13 1
1156 131 13 0
1159 302 131 0
1161 441 773 0
1161 332 304 0
1162 255 803 1
1163 494 406 1
1163 2 359 0
1163 14 783 0
1163 220 802 0
1163 410 257 1
1164 257 33 0
1164 193 441 1
1164 314 789 0
1165 420 774 0
1166 188 664 0
1166 263 409 1
1166 44 673 0
1167 381 505 1
1168 302 425 1
1169 177 519 1
1170 255 803 0
1170 173 98 0
1171 342 44 0
1171 147 611 1
1172 48 59 0
1173 228 637 0
1173 220 340 1
1173 148 688 0
1173 177 519 0
1175 482 688 0
1175 201 425 1
1176 91 687 1
1176 506 274 1
1176 302 425 0
1177 340 169 0
1177 195 409 0
1178 379 826 0
1178 441 276 1
1180 107 41 0
1180 56 253 0
1180 312 304 0
1180 415 673 0
1181 263 409 0
1183 473 166 1
1184 260 174 0
1185 277 103 1
1185 14 519 1
1185 405 253 1
1186 483 274 1
1186 460 28 0
1187 439 589 0
1190 337 15 0
1190 343 512 0
1190 342 66 1
1192 89 680 0
1192 257 716 1
1192 56 586 1
1193 100 253 1
1193 414 497 1
1195 309 64 0
1195 420 276 1
1198 274 123 0
1198 180 519 0
1199 441 276 0
1200 205 490 1
1201 464 584 1
1201 472 60 1
1203 297 30 0
1205 283 200 1
1205 91 687 0
1206 365 409 1
1206 101 166 0
1206 30 773 1
1207 181 314 0
1207 491 295 1
1207 414 497 0
1208 159 680 0
1209 322 240 1
1209 13 586 1
1209 126 13 0
1209 426 664 0
1210 11 44 1
1212 287 239 0
1213 169 15 0
1213 2 103 1
1214 216 134 0
1214 381 505 0
1215 201 425 0
1217 473 166 0
1217 205 490 0
1217 441 194 1
1218 43 408 0
1218 441 194 0
1219 43 703 1
1219 160 228 0
1219 342 66 0
1220 358 258 0
1221 257 716 0
1222 340 148 1
1223 254 80 0
1223 2 103 0
1223 230 120 0
1223 26 314 1
1224 100 253 0
1224 43 703 0
1224 157 269 1
1224 472 60 0
1225 493 320 1
1226 255 51 1
1227 342 141 1
1227 56 586 0
1227 420 276 0
1228 388 657 0
1228 494 406 0
1228 242 590 0
1229 147 611 0
1230 277 103 0
1230 255 51 0
1230 11 44 0
1231 483 274 0
1232 30 773 0
1233 508 810 0
1234 340 148 0
1235 281 123 1
1235 193 441 0
1235 313 800 0
1235 157 269 0
1235 26 314 0
1237 13 586 0
1237 405 253 0
1238 322 240 0
1239 464 584 0
1240 220 340 0
1241 281 123 0
1242 14 519 0
1242 283 200 0
1242 506 274 0
1243 214 464 0
1249 342 141 0
1249 493 320 0
1250 365 409 0
1253 491 295 0
1256 26 166 1
1257 26 166 0
1258 251 304 0
1259 155 258 0
1259 410 257 0
21
878 1085 258
650 863 445
703 894 497
830 1055 542
544 761 141
985 1135 69
607 1168 239
859 1151 441
682 868 59
583 777 120
826 1098 512
953 1084 46
569 1184 497
964 1142 228
582 921 425
622 803 432
678 878 542
542 875 406
957 1179 687
802 1088 648
624 814 288
392 8064
238
541 289 3998 1
542 303 6349 1
544 357 6888 1
548 357 6888 0
549 46 7094 1
549 67 6888 1
555 219 910 1
559 344 3737 1
561 360 3304 1
563 67 6888 0
564 266 6888 1
565 108 6349 1
565 360 3304 0
568 243 4043 1
569 375 803 1
569 181 2487 1
569 74 803 1
572 146 3212 1
573 47 9 1
574 390 7565 1
579 328 976 1
580 285 3998 1
585 149 3333 1
588 334 8014 1
590 108 6349 0
598 357 976 1
601 52 2487 1
604 243 4043 0
606 93 8014 1
614 47 9 0
614 144 5800 1
616 240 5800 1
616 149 3333 0
618 108 3737 1
618 360 1601 1
623 146 3212 0
626 243 5811 1
626 334 8014 0
629 289 3998 0
631 219 910 0
632 149 3851 1
642 88 125 1
653 360 1601 0
655 240 5800 0
665 108 3737 0
668 181 2487 0
669 67 4234 1
690 233 2111 1
698 135 2111 1
698 285 3998 0
699 146 4916 1
700 289 5800 1
705 219 4043 1
708 52 2487 0
711 149 3851 0
712 341 976 1
716 303 6349 0
718 344 3737 0
728 233 2111 0
728 250 4043 1
729 384 7094 1
740 289 5800 0
741 240 5811 1
743 168 3333 1
754 303 7547 1
756 254 3851 1
758 250 4043 0
764 181 1695 1
770 360 6223 1
776 108 2307 1
783 270 803 1
788 360 6223 0
793 168 3333 0
800 151 3989 1
802 30 4916 1
805 375 803 0
808 357 976 0
808 344 3998 1
810 344 3998 0
810 285 6822 1
812 360 3851 1
812 30 4916 0
812 240 5811 0
814 333 4945 1
817 254 3851 0
819 151 3989 0
821 67 4234 0
821 375 611 1
821 357 910 1
830 47 2111 1
835 333 4945 0
840 233 704 1
841 360 3851 0
841 341 976 0
847 219 4043 0
849 285 6822 0
851 333 4043 1
853 270 803 0
855 47 2111 0
860 181 1695 0
865 153 3212 1
874 341 5811 1
876 333 4043 0
876 219 2629 1
878 344 3998 1
878 52 5800 1
880 181 5811 1
881 328 976 0
883 30 7691 1
885 47 2111 1
888 153 3212 0
892 285 611 1
894 333 6349 1
895 181 5811 0
900 360 8014 1
902 250 704 1
902 52 5800 0
907 289 5800 1
911 243 5811 0
912 52 5146 1
913 93 8014 0
914 144 5800 0
915 328 6888 1
918 74 803 0
918 153 7691 1
918 333 6349 0
921 266 6888 0
922 151 2111 1
925 153 7691 0
926 149 7547 1
934 46 7094 0
941 344 3998 0
942 88 125 0
947 289 5800 0
948 384 7094 0
949 144 5648 1
957 151 2111 0
958 135 2111 0
963 30 7691 0
966 328 6888 0
967 360 8014 0
967 47 2111 0
971 386 5648 1
973 266 4234 1
974 240 910 1
978 303 7547 0
979 181 1601 1
986 390 7565 0
986 344 3998 1
987 149 7547 0
989 344 3998 0
992 384 9 1
993 289 3212 1
999 386 5648 0
1000 181 1601 0
1003 93 6223 1
1004 289 3212 0
1005 30 3851 1
1018 219 2629 0
1024 250 704 0
1032 243 704 1
1034 285 611 0
1034 135 6888 1
1039 357 910 0
1040 74 3333 1
1043 360 704 1
1043 384 9 0
1046 240 910 0
1047 67 1695 1
1048 88 7565 1
1050 357 3212 1
1052 88 7565 0
1053 74 3333 0
1053 168 3212 1
1053 146 4916 0
1065 144 5648 0
1070 74 4234 1
1072 74 4234 0
1074 341 5811 0
1077 243 704 0
1077 67 1695 0
1079 47 3333 1
1081 375 611 0
1088 168 3212 0
1090 233 704 0
1092 334 6223 1
1092 47 3333 0
1095 334 6223 0
1098 30 3851 0
1100 52 5146 0
1103 384 4107 1
1108 384 4107 0
1117 93 6223 0
1123 360 704 0
1125 240 4945 1
1125 243 7094 1
1126 270 3737 1
1127 333 2629 1
1132 88 704 1
1135 153 7565 1
1139 108 2307 0
1147 357 3212 0
1147 243 7094 0
1163 88 704 0
1166 357 6223 1
1174 135 6888 0
1174 384 8014 1
1175 344 2629 1
1175 333 2629 0
1177 384 8014 0
1178 93 3851 1
1184 333 6223 1
1186 289 5811 1
1190 289 5811 0
1192 341 2487 1
1194 153 7565 0
1198 250 2307 1
1200 47 5648 1
1200 168 2307 1
1206 270 3737 0
1210 266 4234 0
1214 240 4945 0
1214 357 6223 0
1228 93 3851 0
1232 303 976 1
1237 168 2307 0
1238 344 2629 0
1241 357 2111 1
1244 360 3989 1
1247 333 6223 0
1247 341 2487 0
1250 266 3737 1
1251 357 2111 0
1255 47 5648 0
1255 360 3989 0
1256 250 2307 0
1256 303 976 0
1257 266 3737 0
46
738 916 3737
866 988 5800
840 1182 4107
970 1229 3998
609 913 3333
882 975 125
987 1113 9
883 993 6888
1087 1179 5811
778 986 9
1027 1187 125
615 781 976
1040 1137 3851
814 917 976
842 987 2111
933 1115 125
822 1126 3737
861 1052 3900
893 1067 3212
679 1216 125
649 779 3737
609 861 7547
743 838 2410
818 1006 4916
781 924 6223
660 894 2629
1014 1180 7547
658 752 125
721 888 3212
602 703 7094
919 1030 6223
752 1017 5800
723 928 1443
894 1071 2629
784 1070 1695
802 939 976
1089 1187 4107
580 864 5257
953 1240 5648
905 1149 3304
608 895 910
785 897 6223
964 1069 7094
1037 1178 803
656 883 6255
577 1004 3998
553 4478
564
540 69 531 1
543 266 2350 1
545 44 3602 1
545 334 247 1
546 8 1888 1
548 550 2974 1
548 19 1635 1
549 145 2072 1
550 528 1660 1
552 298 98 1
552 505 3952 1
553 261 8 1
554 494 3366 1
555 8 1888 0
559 44 3602 0
562 106 227 1
562 73 844 1
565 355 3064 1
568 52 532 1
570 69 531 0
577 552 1143 1
577 463 2281 1
578 439 2828 1
580 380 532 1
581 25 4059 1
582 548 4381 1
582 334 247 0
583 334 1928 1
584 528 1660 0
588 139 3710 1
589 251 3803 1
590 463 2281 0
591 44 3952 1
592 522 558 1
593 370 2870 1
593 415 3672 1
594 188 558 1
595 505 3952 0
596 463 4179 1
598 470 777 1
598 84 2870 1
598 257 3981 1
599 134 2331 1
601 7 1236 1
602 8 3803 1
603 94 3981 1
607 321 3803 1
608 494 3366 0
610 251 3803 0
611 380 532 0
612 33 2275 1
613 545 994 1
613 503 2753 1
614 8 3803 0
615 73 844 0
616 431 3756 1
618 94 3981 0
621 522 558 0
622 362 3496 1
623 463 4179 0
625 476 75 1
626 161 247 1
627 257 3981 0
629 545 994 0
629 334 1928 0
629 39 4046 1
629 463 3981 1
631 161 247 0
635 331 1398 1
636 209 3756 1
637 205 4324 1
638 371 910 1
638 7 1236 0
640 139 3710 0
642 528 2873 1
644 528 2873 0
645 181 1635 1
645 431 3756 0
646 180 1888 1
650 528 247 1
650 118 1635 1
651 39 4046 0
651 463 3981 0
652 505 558 1
653 248 1288 1
653 188 558 0
655 251 1570 1
656 551 4179 1
657 505 558 0
658 287 4381 1
659 380 278 1
660 550 2974 0
660 503 2753 0
661 106 227 0
665 503 558 1
665 449 3618 1
665 505 8 1
666 287 4381 0
666 249 4381 1
667 39 844 1
667 415 3672 0
669 118 1635 0
669 276 2085 1
671 465 3952 1
671 414 4017 1
673 449 3618 0
673 73 1635 1
673 276 2085 0
676 287 4063 1
677 550 2554 1
677 449 247 1
678 276 98 1
679 19 1635 0
679 188 4324 1
681 139 3550 1
682 552 1143 0
682 439 2828 0
683 366 1598 1
684 181 1635 0
685 482 2275 1
687 19 1888 1
691 8 75 1
693 550 2554 0
694 370 2870 0
695 261 8 0
701 414 4017 0
701 94 1422 1
704 94 1422 0
705 321 3803 0
705 73 1635 0
706 331 1398 0
707 106 3129 1
707 449 247 0
708 470 777 0
708 90 3375 1
711 528 247 0
712 366 1598 0
715 541 3952 1
717 505 8 0
718 366 3873 1
720 101 3873 1
723 494 2753 1
727 522 2357 1
731 287 4063 0
731 257 381 1
732 431 777 1
733 180 1888 0
734 39 844 0
735 276 98 0
736 7 3981 1
737 321 2828 1
738 548 4381 0
739 528 1236 1
740 248 1288 0
741 94 2309 1
742 548 3496 1
742 181 1422 1
743 517 2702 1
744 355 3064 0
746 181 1422 0
746 205 4324 0
747 327 1134 1
750 503 558 0
750 473 4046 1
751 371 910 0
751 118 4063 1
751 287 1660 1
754 94 2309 0
754 90 3375 0
757 39 2085 1
760 505 3602 1
761 94 2554 1
762 517 2702 0
763 180 4098 1
765 439 2554 1
765 188 4324 0
768 551 4179 0
769 141 2035 1
772 69 1422 1
773 251 1570 0
773 494 2753 0
774 129 979 1
774 139 3550 0
775 251 3129 1
775 220 531 1
775 439 2554 0
777 7 3981 0
778 94 2554 0
784 522 2357 0
792 141 2035 0
793 94 3375 1
795 118 4063 0
800 550 1823 1
803 482 2275 0
806 355 2554 1
808 141 4059 1
808 287 1660 0
810 276 532 1
811 482 979 1
814 257 381 0
815 209 3756 0
816 414 1288 1
816 550 1823 0
818 287 75 1
819 482 979 0
821 129 979 0
821 25 4059 0
822 118 2275 1
822 209 3451 1
823 94 3375 0
824 161 3973 1
826 298 98 0
829 291 3973 1
829 470 1888 1
832 44 3952 0
832 395 1823 1
832 380 278 0
833 321 2828 0
835 517 3710 1
835 533 994 1
836 415 3873 1
837 494 3952 1
837 370 381 1
842 500 1635 1
842 44 98 1
844 551 3535 1
845 46 1598 1
845 145 2072 0
846 182 531 1
847 19 1888 0
847 166 4179 1
851 101 3873 0
851 166 4179 0
851 161 3973 0
853 552 3648 1
853 129 1143 1
854 482 2072 1
855 535 1528 1
856 298 1236 1
857 276 532 0
858 470 1888 0
860 550 3973 1
861 181 3710 1
862 448 979 1
862 503 3756 1
864 266 2350 0
864 291 3973 0
867 463 1236 1
869 94 3496 1
869 551 3535 0
870 414 1288 0
873 182 531 0
873 370 381 0
873 139 1178 1
874 470 2350 1
877 494 3952 0
877 77 1398 1
878 181 3710 0
879 517 3710 0
879 52 532 0
879 473 4046 0
881 414 2870 1
882 44 98 0
883 465 3952 0
884 46 1598 0
884 533 994 0
885 90 3803 1
886 522 3973 1
887 19 3550 1
890 431 777 0
890 266 3672 1
890 482 2072 0
891 52 3803 1
893 473 3803 1
893 25 4381 1
894 94 3496 0
894 545 2828 1
897 541 3952 0
897 276 4324 1
899 298 1236 0
899 209 3451 0
901 234 1823 1
902 204 4179 1
904 161 3017 1
907 19 3550 0
909 166 918 1
910 327 1134 0
911 25 4381 0
912 550 3973 0
914 505 3602 0
914 106 3129 0
914 139 1178 0
916 298 227 1
916 276 4324 0
917 205 3756 1
917 118 2275 0
918 205 3756 0
918 7 3366 1
922 205 1178 1
922 44 3017 1
923 266 3672 0
923 533 4017 1
924 180 4098 0
925 134 2331 0
925 261 558 1
927 334 3044 1
927 541 1143 1
929 476 75 0
929 44 3017 0
930 291 1288 1
931 276 3952 1
933 8 75 0
933 298 227 0
933 503 3756 0
934 334 3044 0
936 73 1143 1
939 494 2350 1
941 545 2828 0
942 550 3973 1
947 550 3973 0
951 482 1660 1
953 414 2870 0
953 476 3429 1
954 188 1288 1
954 44 3803 1
956 145 3873 1
956 205 1178 0
957 439 75 1
958 188 1288 0
959 44 3803 0
962 535 1528 0
963 331 75 1
963 139 918 1
965 291 1288 0
967 257 2331 1
967 362 3496 0
968 371 1660 1
969 541 1143 0
971 415 3873 0
973 188 2350 1
975 505 1528 1
977 94 227 1
978 141 4059 0
978 500 1635 0
979 134 994 1
980 145 3873 0
982 550 1570 1
986 134 994 0
987 500 3752 1
989 494 2350 0
991 503 3710 1
992 334 1660 1
993 94 227 0
995 362 979 1
996 25 2753 1
997 395 1823 0
998 46 3535 1
998 505 1528 0
998 334 1660 0
999 431 2357 1
1000 249 4381 0
1000 180 2870 1
1000 476 3429 0
1007 517 1570 1
1007 266 3451 1
1007 202 2350 1
1009 535 215 1
1009 551 1577 1
1011 134 2655 1
1013 505 2072 1
1015 449 3451 1
1018 188 2350 0
1021 334 350 1
1022 439 75 0
1026 465 1134 1
1026 257 2331 0
1027 84 2870 0
1032 94 3672 1
1034 52 3803 0
1034 541 1982 1
1035 298 532 1
1037 180 2870 0
1038 395 4179 1
1039 181 1528 1
1039 248 3581 1
1041 181 1528 0
1042 362 979 0
1042 134 2655 0
1044 414 75 1
1045 482 1660 0
1045 118 4059 1
1045 500 3752 0
1046 494 2870 1
1046 463 1236 0
1048 482 3873 1
1049 550 1570 0
1050 145 3129 1
1050 25 2753 0
1053 276 3952 0
1054 39 2085 0
1054 202 2350 0
1055 550 3375 1
1056 90 3803 0
1057 517 1570 0
1057 205 3429 1
1057 327 4017 1
1058 415 910 1
1060 73 1143 0
1061 465 1134 0
1061 266 3451 0
1062 129 1143 0
1063 470 2350 0
1064 84 3952 1
1065 209 2350 1
1069 139 918 0
1071 517 4433 1
1074 366 3873 0
1074 355 2554 0
1077 473 3803 0
1079 482 3873 0
1080 473 1598 1
1080 541 1982 0
1082 248 3581 0
1083 161 3017 0
1083 380 8 1
1084 166 918 0
1085 257 3672 1
1086 414 75 0
1087 415 910 0
1088 541 1143 1
1088 517 4433 0
1089 550 3375 0
1090 46 3535 0
1090 182 1134 1
1090 257 3672 0
1091 266 4381 1
1092 439 3581 1
1092 202 1888 1
1092 355 3648 1
1096 84 3952 0
1097 431 2357 0
1097 473 1598 0
1098 533 4017 0
1102 69 1422 0
1104 139 350 1
1104 52 247 1
1105 257 3129 1
1106 448 979 0
1107 166 3017 1
1108 106 2207 1
1108 8 4063 1
1110 220 531 0
1110 134 4324 1
1111 470 883 1
1115 202 1888 0
1118 205 3429 0
1119 188 3375 1
1119 181 1288 1
1120 334 350 0
1121 44 1570 1
1121 209 2350 0
1122 94 3672 0
1126 331 75 0
1127 52 247 0
1130 77 1398 0
1130 46 1236 1
1131 266 4381 0
1131 129 910 1
1132 266 531 1
1134 204 4179 0
1136 522 3973 0
1137 19 2275 1
1137 181 1288 0
1138 355 3648 0
1138 380 8 0
1138 321 844 1
1139 134 4324 0
1140 94 844 1
1140 370 2870 1
1143 118 4059 0
1144 371 1660 0
1144 327 4017 0
1146 134 2974 1
1147 90 3873 1
1148 449 3451 0
1150 145 3129 0
1151 25 2309 1
1151 266 531 0
1152 465 3952 1
1160 161 2634 1
1160 46 1236 0
1161 25 2309 0
1163 503 3710 0
1167 535 215 0
1168 181 918 1
1169 415 777 1
1170 257 3129 0
1171 298 532 0
1171 431 2275 1
1172 134 2974 0
1173 494 2870 0
1174 44 1570 0
1176 321 844 0
1177 370 2870 0
1178 90 3873 0
1179 182 1134 0
1179 19 2275 0
1180 517 8 1
1181 449 1528 1
1181 161 2634 0
1182 248 3981 1
1186 181 918 0
1190 528 1236 0
1196 84 3981 1
1204 415 777 0
1208 362 227 1
1210 517 8 0
1211 505 2072 0
1213 44 1143 1
1213 90 3752 1
1214 439 3581 0
1214 291 4324 1
1220 251 3129 0
1223 395 4179 0
1223 90 3752 0
1223 331 3429 1
1226 84 3981 0
1226 449 1528 0
1227 291 4324 0
1228 473 2281 1
1229 44 1143 0
1230 94 844 0
1233 287 75 0
1233 166 3017 0
1234 180 2634 1
1235 234 1823 0
1235 552 3648 0
1235 33 2275 0
1235 465 3952 0
1235 505 883 1
1236 261 558 0
1238 551 1577 0
1238 370 350 1
1239 551 918 1
1239 188 3375 0
1239 251 1635 1
1240 473 2281 0
1240 505 883 0
1241 129 910 0
1241 180 2634 0
1243 370 350 0
1244 541 1143 0
1244 470 883 0
1247 8 4063 0
1247 362 227 0
1247 431 2275 0
1247 251 1635 0
1250 139 350 0
1250 331 3429 0
1254 551 918 0
1254 248 3981 0
1255 548 3496 0
1256 7 3366 0
1258 106 2207 0
26
956 1194 3752
774 1041 3535
943 1049 910
1073 1167 1398
591 698 3429
806 927 4179
1098 1230 1660
597 717 350
540 733 1307
728 1098 2702
888 1082 1528
943 1117 3672
628 776 350
802 967 3581
909 1179 4059
740 939 215
729 873 4059
662 869 2870
923 1123 1030
828 1046 215
827 950 531
708 816 994
1124 1238 3375
1005 1228 4098
710 854 98
761 886 2207
0 0
