176 4279
490
540 152 3788 1
541 148 3040 1
543 2 3552 1
543 15 3764 1
545 75 1925 1
545 115 1087 1
549 174 2281 1
550 67 4263 1
550 106 4173 1
551 30 1746 1
553 174 2281 0
557 82 1489 1
558 136 1630 1
558 153 1275 1
559 86 4173 1
564 47 1390 1
565 106 4173 0
566 4 3825 1
568 24 3504 1
568 29 3027 1
570 12 2390 1
572 142 3915 1
572 90 3915 1
574 1 1041 1
574 144 1409 1
576 7 2005 1
577 152 3788 0
577 84 2542 1
578 153 1275 0
578 47 1390 0
579 2 3552 0
579 132 69 1
579 174 3303 1
581 4 3825 0
583 32 4263 1
583 148 3040 0
585 9 2187 1
587 106 2606 1
590 7 2005 0
591 171 2187 1
592 15 3764 0
600 141 1489 1
601 173 1019 1
604 17 720 1
606 61 260 1
607 90 3915 0
608 26 2099 1
611 111 2327 1
611 15 3013 1
614 156 3013 1
618 143 585 1
618 7 3363 1
621 142 3915 0
622 173 1019 0
622 156 3013 0
622 1 1041 0
624 76 3361 1
626 32 4263 0
627 61 260 0
627 1 2005 1
629 65 2327 1
634 134 764 1
634 52 2099 1
635 74 4073 1
635 144 1409 0
640 119 955 1
640 7 3363 0
646 167 2542 1
646 67 4263 0
647 142 1489 1
648 12 2390 0
648 141 1489 0
649 75 1925 0
649 7 720 1
650 90 2879 1
652 61 2542 1
652 82 1489 0
655 87 1390 1
655 136 1630 0
655 153 2879 1
659 147 3552 1
660 4 2327 1
662 132 69 0
663 171 2187 0
664 12 1675 1
670 48 1675 1
671 154 69 1
671 109 4276 1
673 122 2469 1
673 74 4073 0
674 30 1746 0
675 2 1390 1
675 173 2591 1
678 76 3361 0
679 30 585 1
679 7 720 0
680 9 2187 0
685 1 2005 0
687 120 1993 1
691 134 764 0
692 32 270 1
692 36 1746 1
697 111 2327 0
697 114 1956 1
697 81 2542 1
697 143 585 0
698 171 1226 1
700 134 4273 1
701 170 2573 1
703 76 612 1
705 12 1675 0
708 148 2281 1
710 116 69 1
710 43 1993 1
712 122 2469 0
713 4 2327 0
715 1 1630 1
719 136 566 1
721 144 764 1
721 9 2005 1
722 75 2606 1
722 47 3764 1
728 26 2099 0
729 36 1746 0
733 173 2591 0
737 47 3764 0
738 142 1489 0
738 162 2184 1
739 174 3303 0
741 116 69 0
746 43 1993 0
746 34 4073 1
746 120 1993 0
747 171 1226 0
747 92 492 1
747 173 1489 1
749 29 3027 0
753 170 2573 0
754 9 2005 0
755 7 424 1
756 122 3027 1
757 144 764 0
757 73 585 1
758 74 1049 1
758 76 612 0
762 26 492 1
765 1 1630 0
767 30 585 0
767 101 720 1
768 111 3363 1
771 170 566 1
772 73 585 0
772 34 4073 0
776 132 3730 1
776 114 1956 0
777 34 407 1
778 54 1390 1
779 173 1489 0
782 120 4073 1
783 9 1630 1
784 76 1630 1
786 106 2606 0
786 109 4276 0
787 73 3552 1
789 152 4073 1
789 162 2184 0
791 106 3303 1
791 153 2879 0
794 4 2281 1
797 143 1128 1
797 84 2542 0
798 30 1489 1
798 7 424 0
799 74 1049 0
803 144 3811 1
804 129 3552 1
806 7 1049 1
818 170 566 0
818 9 1630 0
818 122 3027 0
823 101 720 0
824 148 2281 0
824 9 1171 1
828 106 3303 0
829 129 3552 0
830 109 2281 1
832 12 1925 1
833 67 2099 1
834 142 2606 1
836 73 3552 0
838 147 3552 0
839 115 1087 0
842 12 1925 0
844 101 351 1
845 106 3788 1
846 67 2099 0
848 74 260 1
851 113 1630 1
854 34 407 0
855 92 492 0
855 48 1675 0
856 129 69 1
856 162 492 1
857 54 1390 0
858 92 1226 1
860 114 2573 1
863 136 566 0
863 4 2281 0
863 34 3811 1
866 134 4273 0
868 119 955 0
869 84 2952 1
870 81 2542 0
870 148 4263 1
872 26 492 0
873 16 1230 1
875 9 1171 0
878 34 3811 0
878 113 1630 0
879 87 1390 0
882 16 1230 0
882 1 1019 1
882 139 2099 1
882 18 1415 1
883 173 2952 1
883 171 2879 1
883 84 2952 0
884 134 235 1
886 7 1049 0
887 82 1630 1
887 67 720 1
892 84 3504 1
894 109 2281 0
894 142 2606 0
896 86 4173 0
899 4 3730 1
899 34 1087 1
900 81 351 1
902 34 1087 0
903 171 2879 0
904 92 1226 0
906 90 2879 0
908 87 2072 1
908 141 1489 1
912 76 1630 0
912 162 492 0
917 159 3040 1
917 1 1019 0
917 134 235 0
919 67 720 0
922 34 260 1
922 92 2606 1
925 111 3363 0
928 7 3811 1
929 156 566 1
930 139 2099 0
930 29 69 1
931 144 3811 0
931 162 1128 1
932 75 2606 0
934 136 4273 1
934 148 4263 0
935 132 3730 0
936 65 2327 0
937 173 2952 0
938 173 2879 1
939 81 351 0
942 159 3040 0
944 29 69 0
946 174 2187 1
946 173 2879 0
948 86 3542 1
950 36 69 1
951 9 1409 1
951 101 351 0
952 143 1128 0
952 173 3040 1
953 54 3730 1
954 122 2099 1
958 36 69 0
958 111 1019 1
961 174 2187 0
964 154 69 0
965 1 3040 1
967 54 3730 0
967 122 2099 0
968 152 4073 0
968 154 260 1
972 152 1489 1
972 17 720 0
978 167 2542 0
981 106 3788 0
982 173 3040 0
982 170 1675 1
983 86 3542 0
985 154 260 0
985 162 1128 0
986 101 2606 1
986 142 2677 1
987 75 2952 1
989 120 4073 0
990 106 612 1
991 152 1489 0
992 174 1087 1
993 65 407 1
996 32 270 0
1001 122 3027 1
1002 9 1409 0
1002 26 1087 1
1003 159 3764 1
1003 115 3811 1
1006 36 2606 1
1008 148 509 1
1009 120 2184 1
1010 16 214 1
1012 167 1489 1
1012 156 566 0
1012 143 3542 1
1013 74 260 0
1013 144 3764 1
1013 170 1675 0
1014 173 4073 1
1019 37 1409 1
1019 101 2606 0
1019 18 1415 0
1019 16 214 0
1020 173 4073 0
1022 139 2005 1
1023 2 1390 0
1024 34 260 0
1024 73 250 1
1025 174 1087 0
1026 87 2072 0
1029 84 3504 0
1029 114 2573 0
1031 173 764 1
1031 17 4273 1
1032 132 1409 1
1033 17 4273 0
1034 156 2677 1
1035 47 720 1
1036 1 3040 0
1037 4 3730 0
1040 65 407 0
1041 147 1128 1
1041 111 1019 0
1043 48 1226 1
1044 167 1489 0
1044 84 2187 1
1044 29 3764 1
1046 167 566 1
1046 148 509 0
1046 82 1630 0
1047 143 3542 0
1049 30 1489 0
1049 43 3814 1
1050 24 3504 0
1051 76 3027 1
1052 173 764 0
1055 74 1171 1
1056 144 3764 0
1059 32 720 1
1060 101 3814 1
1060 120 2184 0
1061 1 3303 1
1061 76 3027 0
1061 84 2187 0
1063 67 2542 1
1065 153 4276 1
1065 101 3814 0
1071 148 2281 1
1072 2 4263 1
1075 170 260 1
1077 134 3542 1
1077 76 407 1
1082 34 3825 1
1083 143 1710 1
1085 106 612 0
1085 29 3764 0
1088 2 4263 0
1089 171 2573 1
1090 43 3814 0
1096 36 2606 0
1097 29 612 1
1098 171 2573 0
1100 61 2542 0
1100 173 4273 1
1106 2 2072 1
1106 129 69 0
1110 43 1415 1
1112 67 2542 0
1113 67 3764 1
1116 167 566 0
1117 24 3013 1
1117 156 2677 0
1118 65 585 1
1119 32 720 0
1120 173 4273 0
1124 30 1229 1
1125 152 235 1
1126 153 4276 0
1127 81 566 1
1128 154 1409 1
1128 142 2677 0
1129 16 3542 1
1133 90 2606 1
1133 76 407 0
1134 75 2952 0
1134 52 2099 0
1135 134 3542 0
1137 156 3303 1
1138 76 2542 1
1139 152 235 0
1140 82 2281 1
1142 81 566 0
1144 26 1087 0
1146 82 2281 0
1147 153 1171 1
1148 74 1171 0
1152 115 3811 0
1153 171 1049 1
1155 37 1409 0
1155 61 3363 1
1157 101 2327 1
1157 24 3013 0
1160 90 2606 0
1160 141 1489 0
1160 73 250 0
1164 1 3303 0
1169 48 1226 0
1169 65 585 0
1171 101 2327 0
1171 132 1409 0
1171 111 492 1
1176 1 3788 1
1179 129 3915 1
1179 92 2606 0
1181 7 3811 0
1181 36 1415 1
1182 129 3915 0
1182 156 3303 0
1184 18 2187 1
1184 92 2327 1
1185 2 2072 0
1185 111 492 0
1189 52 1415 1
1189 92 2327 0
1190 136 4273 0
1191 147 1128 0
1192 76 2542 0
1194 153 1171 0
1197 16 3542 0
1197 154 1409 0
1198 30 1229 0
1198 9 2184 1
1199 74 1390 1
1201 47 720 0
1203 122 3027 0
1208 116 2072 1
1210 1 3788 0
1214 173 2770 1
1215 159 3764 0
1218 67 3764 0
1221 86 2573 1
1223 87 3027 1
1224 9 2184 0
1230 139 2005 0
1233 173 2770 0
1233 170 260 0
1233 36 1415 0
1233 122 3542 1
1233 74 1390 0
1234 116 2072 0
1234 1 585 1
1235 74 720 1
1238 29 612 0
1239 18 2187 0
1239 34 3825 0
1240 86 2573 0
1242 15 3013 0
1247 52 1415 0
1250 43 1415 0
1252 87 3027 0
1252 148 2281 0
1252 74 720 0
1259 143 1710 0
1259 171 1049 0
1259 1 585 0
1260 61 3363 0
1260 122 3542 0
9
772 1019 2573
598 969 1941
898 1147 3363
707 846 4073
780 920 1630
637 898 566
895 1246 899
1045 1139 3825
904 1005 3403
355 7215
902
541 33 6148 1
542 129 5903 1
542 222 2094 1
543 208 7208 1
544 16 1088 1
545 39 5797 1
547 80 1906 1
548 221 2280 1
548 266 7092 1
548 199 1312 1
548 55 3248 1
550 71 2065 1
551 295 4560 1
552 263 6866 1
553 27 3423 1
555 42 315 1
555 266 7092 0
555 281 2634 1
556 81 3182 1
557 288 6116 1
557 112 5941 1
558 208 7208 0
558 154 5903 1
559 326 4524 1
559 351 4942 1
560 61 3869 1
561 31 5682 1
562 152 5909 1
563 183 5682 1
563 283 4006 1
563 208 2057 1
565 72 6238 1
566 197 3565 1
567 108 3130 1
567 200 4653 1
568 226 6722 1
568 321 3993 1
571 55 3248 0
573 245 2888 1
574 222 2094 0
579 200 4653 0
581 46 5143 1
583 280 134 1
585 31 5682 0
587 181 4605 1
588 26 1651 1
588 303 5676 1
588 167 2065 1
590 339 1834 1
592 230 2432 1
592 74 5936 1
593 218 2057 1
593 280 134 0
595 168 3336 1
595 283 4006 0
596 289 5515 1
598 241 4397 1
599 44 7022 1
600 280 49 1
600 327 5936 1
601 202 2954 1
603 164 1834 1
603 39 5797 0
605 31 6980 1
606 52 2065 1
607 172 583 1
609 26 1651 0
609 202 2954 0
611 235 58 1
611 281 2634 0
611 303 5676 0
613 74 5936 0
613 193 1037 1
614 113 7029 1
614 73 1450 1
615 191 1867 1
615 326 4524 0
615 186 58 1
615 16 1088 0
618 43 5143 1
618 239 1918 1
620 126 2095 1
620 351 4942 0
621 164 1834 0
622 44 7022 0
622 351 3336 1
623 91 2162 1
624 194 1556 1
624 73 1450 0
625 52 2065 0
627 317 1312 1
627 167 2065 0
628 222 6980 1
629 105 2654 1
629 347 4087 1
629 336 4560 1
630 174 4040 1
630 186 58 0
631 46 5143 0
632 299 4525 1
633 119 2503 1
633 241 4397 0
633 126 2095 0
633 150 6722 1
634 310 6069 1
635 41 2634 1
635 196 464 1
636 46 362 1
636 41 2634 0
637 237 7022 1
638 81 3182 0
639 119 2503 0
639 351 3336 0
640 276 1450 1
641 317 1312 0
642 247 1834 1
643 310 6069 0
643 165 1312 1
643 39 5105 1
644 181 4605 0
646 194 1556 0
646 152 5909 0
646 43 5143 0
647 202 7149 1
647 155 2802 1
647 280 49 0
647 340 3248 1
647 50 2580 1
649 8 3224 1
649 41 7008 1
650 309 2580 1
651 167 3130 1
653 263 6866 0
654 308 992 1
654 49 2280 1
654 33 6148 0
654 239 1918 0
658 52 5797 1
658 172 583 0
660 230 2432 0
660 246 3248 1
662 124 3270 1
662 16 2432 1
662 231 1450 1
662 169 5748 1
663 274 3187 1
663 8 3224 0
665 276 1450 0
665 266 2095 1
666 339 1834 0
666 321 3993 0
667 317 7208 1
667 150 6722 0
669 247 1834 0
670 283 3950 1
670 169 5748 0
670 41 7008 0
671 248 4397 1
672 196 464 0
675 326 5515 1
675 150 680 1
676 8 3950 1
678 340 3248 0
679 247 624 1
679 39 5105 0
681 194 433 1
681 241 3993 1
681 186 5909 1
681 154 5903 0
681 9 3993 1
683 73 3301 1
685 209 5105 1
685 70 5336 1
686 113 7029 0
688 104 2930 1
688 245 2888 0
690 77 2325 1
691 33 1404 1
691 50 2580 0
692 71 2065 0
692 243 340 1
693 160 2162 1
693 340 6726 1
693 49 2280 0
695 339 5824 1
695 126 4006 1
695 119 5748 1
698 191 1867 0
699 247 624 0
700 326 5515 0
701 248 4397 0
702 283 3950 0
704 33 1404 0
704 131 1373 1
704 208 2057 0
705 337 3182 1
706 9 3993 0
707 77 2325 0
707 55 3423 1
708 77 4560 1
710 131 1373 0
712 339 5824 0
714 290 450 1
714 315 433 1
715 160 2162 0
716 327 5936 0
717 231 1450 0
717 315 433 0
718 8 3950 0
719 150 680 0
720 294 464 1
722 256 1918 1
722 124 3270 0
722 39 2634 1
723 321 2954 1
723 295 4560 0
723 33 464 1
723 333 3565 1
726 46 362 0
727 43 4627 1
727 310 201 1
727 72 6238 0
727 197 3565 0
730 9 464 1
730 76 5866 1
730 169 1244 1
731 196 2634 1
733 280 2325 1
733 186 5909 0
733 200 5515 1
735 169 1244 0
736 50 2802 1
736 8 315 1
737 41 2634 1
737 188 5835 1
738 9 464 0
739 81 1834 1
740 295 7092 1
740 76 5866 0
741 339 4024 1
741 119 5748 0
741 77 4560 0
742 194 433 0
742 49 7208 1
745 174 4040 0
746 295 7092 0
746 245 812 1
748 91 2162 0
749 167 3130 0
751 247 2954 1
752 73 3301 0
753 46 2888 1
755 260 606 1
755 131 6524 1
756 199 1312 0
756 239 1867 1
757 202 7149 0
757 8 315 0
757 200 5515 0
758 181 320 1
760 326 4524 1
761 351 1867 1
762 303 7133 1
762 197 5029 1
764 71 6866 1
765 321 2954 0
766 347 4087 0
766 351 1867 0
767 283 433 1
767 31 6980 0
770 46 2888 0
772 339 4024 0
773 245 812 0
774 154 2095 1
774 237 7022 0
774 333 3565 0
775 154 2095 0
775 310 201 0
776 152 5456 1
776 339 5936 1
776 290 450 0
776 196 2634 0
777 71 6866 0
779 308 992 0
779 255 472 1
780 27 3423 0
781 208 5515 1
782 256 1918 0
783 193 1037 0
783 81 1834 0
784 169 867 1
784 49 7208 0
787 351 3336 1
788 140 80 1
789 266 2095 0
791 154 2094 1
792 91 6148 1
792 347 2802 1
792 327 2094 1
792 9 7008 1
793 199 1918 1
793 16 2432 0
794 288 6116 0
794 255 472 0
798 9 7008 0
799 276 1244 1
799 197 5029 0
800 108 3130 0
800 218 2057 0
801 248 2432 1
803 43 4627 0
803 169 867 0
803 31 4560 1
804 197 2855 1
804 81 680 1
804 112 5941 0
806 80 1906 0
808 241 3993 0
808 248 2432 0
809 244 4397 1
810 202 2802 1
810 112 5139 1
811 16 6524 1
811 119 5941 1
811 144 3727 1
811 186 4653 1
811 74 867 1
814 214 624 1
814 239 1867 0
815 63 3543 1
815 193 134 1
817 129 5903 0
817 239 5592 1
817 74 867 0
817 150 58 1
819 124 2065 1
821 71 3336 1
822 168 3336 0
822 222 6980 0
822 202 2802 0
822 230 6069 1
824 214 624 0
825 193 134 0
827 255 2855 1
827 290 3248 1
828 76 3182 1
828 10 58 1
831 191 3613 1
831 27 201 1
832 281 5859 1
832 336 4560 0
832 237 5105 1
833 42 315 0
833 150 58 0
837 119 5941 0
838 336 1834 1
839 336 1834 0
839 39 2634 0
839 10 58 0
840 26 2867 1
841 188 5835 0
841 42 5748 1
843 321 7029 1
843 154 2094 0
843 39 606 1
843 168 4525 1
844 288 7133 1
844 283 433 0
846 247 2954 0
847 200 3993 1
847 351 3336 0
847 24 1450 1
848 80 3590 1
849 310 6069 1
850 226 6722 0
851 303 7133 0
853 73 3270 1
854 50 2802 0
854 310 6069 0
855 183 5682 0
855 226 5592 1
855 326 4524 0
856 63 3543 0
857 169 7208 1
857 248 583 1
858 168 4525 0
860 155 2802 0
860 280 2325 0
861 188 5592 1
862 95 49 1
862 124 2065 0
863 194 1327 1
863 108 812 1
864 221 2280 0
865 295 2065 1
865 276 1244 0
865 194 1327 0
866 289 5515 0
867 46 6672 1
867 112 5139 0
868 27 201 0
868 263 4627 1
868 230 6069 0
869 315 3762 1
870 333 6878 1
870 313 80 1
870 80 3590 0
871 76 3182 0
871 226 5592 0
873 71 3336 0
873 108 812 0
874 208 5515 0
874 24 1450 0
876 197 2855 0
876 26 2867 0
877 255 2855 0
877 129 4525 1
878 347 2802 0
878 308 1551 1
878 104 2930 0
878 140 80 0
880 9 630 1
880 231 362 1
880 140 258 1
881 174 5343 1
882 208 1551 1
882 71 1404 1
884 55 3423 0
886 336 4024 1
887 81 680 0
887 113 5676 1
888 104 5157 1
888 336 4024 0
889 8 680 1
890 221 2432 1
892 237 5105 0
893 55 3543 1
893 77 4307 1
894 248 583 0
894 181 320 0
896 42 5748 0
897 174 5343 0
899 336 2539 1
899 46 6672 0
900 108 2954 1
902 167 2642 1
903 9 630 0
903 245 2432 1
904 221 2432 0
905 230 6116 1
905 218 5903 1
905 150 6878 1
905 208 1551 0
907 313 80 0
907 129 4525 0
908 303 120 1
908 132 4653 1
909 246 3248 0
909 63 5456 1
911 317 7208 0
911 95 49 0
912 72 201 1
913 63 5456 0
915 124 4627 1
915 340 6726 0
917 239 5592 0
918 295 2065 0
919 164 1037 1
920 63 5592 1
921 140 258 0
924 39 606 0
924 10 340 1
926 10 340 0
927 31 4560 0
928 104 5157 0
930 24 5773 1
931 71 1404 0
932 317 58 1
934 194 1327 1
934 113 5676 0
935 172 7092 1
935 208 3590 1
936 303 120 0
936 193 787 1
937 347 2867 1
937 140 5021 1
938 276 5676 1
938 108 2954 0
939 167 2642 0
939 340 2855 1
939 150 6878 0
940 266 6238 1
940 202 7149 1
942 46 2280 1
944 339 5936 0
946 43 4024 1
947 202 7149 0
947 61 3869 0
947 168 1906 1
949 55 3543 0
949 336 2539 0
949 208 3590 0
950 124 4627 0
950 71 7008 1
951 112 5143 1
952 41 2634 0
953 31 2802 1
954 226 4697 1
955 244 4397 0
955 168 1906 0
957 308 1551 0
959 105 2654 0
959 266 6238 0
961 72 201 0
962 218 5903 0
962 144 3727 0
962 202 7208 1
963 63 5592 0
963 77 4307 0
964 241 7008 1
965 247 6722 1
967 231 362 0
968 199 1918 0
969 132 4653 0
970 281 5859 0
970 81 5936 1
970 132 1037 1
971 290 3248 0
972 104 4556 1
972 50 1918 1
972 174 134 1
972 340 2855 0
973 33 464 0
974 63 1556 1
977 70 5336 0
977 73 3270 0
978 52 5797 0
979 255 5481 1
979 43 4024 0
979 39 1556 1
980 351 3224 1
981 289 5797 1
982 39 1556 0
982 193 787 0
983 165 1312 0
983 183 4307 1
985 193 1404 1
985 71 7008 0
986 244 6524 1
987 295 4006 1
988 71 2095 1
988 172 7092 0
988 140 5021 0
988 266 4234 1
989 337 3182 0
989 221 5021 1
990 191 3613 0
990 124 4024 1
991 231 5157 1
992 61 320 1
995 333 6878 0
996 200 3993 0
996 81 5936 0
997 160 787 1
998 55 6726 1
999 150 971 1
999 197 1906 1
1000 39 1282 1
1003 43 1834 1
1003 31 2802 0
1004 119 134 1
1007 288 7133 0
1008 155 1327 1
1009 31 4307 1
1009 129 6415 1
1009 294 464 0
1011 340 3187 1
1013 91 6148 0
1014 61 320 0
1014 196 5797 1
1016 95 2930 1
1018 199 6878 1
1019 144 3543 1
1023 194 1327 0
1023 209 5105 0
1023 113 1906 1
1025 74 5797 1
1025 248 5824 1
1026 308 4234 1
1026 169 7208 0
1026 202 7208 0
1028 44 6148 1
1028 132 1037 0
1029 209 4605 1
1030 152 5456 0
1030 313 433 1
1031 43 1834 0
1031 333 315 1
1032 31 4307 0
1032 113 1906 0
1032 295 4006 0
1032 281 5835 1
1033 289 5797 0
1033 167 5649 1
1033 71 2095 0
1033 124 4024 0
1033 61 2325 1
1034 276 5676 0
1034 310 2654 1
1034 108 6722 1
1035 295 1368 1
1036 244 6524 0
1036 119 134 0
1037 218 2634 1
1041 333 315 0
1042 196 5797 0
1043 55 6726 0
1044 131 6524 0
1045 174 134 0
1046 260 606 0
1046 119 5941 1
1046 24 5773 0
1048 243 340 0
1049 74 5797 0
1050 230 6116 0
1050 24 4942 1
1050 39 1282 0
1050 167 5649 0
1050 124 7208 1
1051 199 6878 0
1052 186 4653 0
1053 333 80 1
1053 81 2642 1
1054 119 5941 0
1055 193 1404 0
1055 243 2867 1
1056 209 4605 0
1057 174 5682 1
1058 55 867 1
1061 266 4234 0
1062 214 1906 1
1066 333 80 0
1067 246 433 1
1067 196 4560 1
1069 155 1327 0
1070 237 1450 1
1072 274 3187 0
1072 165 6228 1
1074 194 1551 1
1074 255 5481 0
1074 245 2432 0
1074 70 2954 1
1075 74 3270 1
1076 208 4087 1
1078 276 6722 1
1079 208 4087 0
1080 168 2954 1
1080 263 4627 0
1081 43 5336 1
1082 347 2867 0
1082 61 2325 0
1082 124 7208 0
1083 263 4525 1
1083 124 320 1
1083 208 6415 1
1084 237 1450 0
1085 91 1556 1
1085 31 5336 1
1086 288 3543 1
1088 347 362 1
1088 31 5336 0
1089 241 7008 0
1093 33 6069 1
1093 247 6722 0
1094 174 5682 0
1094 218 2634 0
1094 72 120 1
1096 24 4942 0
1096 241 1834 1
1097 221 5021 0
1097 266 49 1
1097 340 3187 0
1098 230 2094 1
1100 274 6415 1
1101 283 1244 1
1101 43 5336 0
1101 108 6722 0
1102 256 6142 1
1103 73 4307 1
1103 91 1556 0
1103 46 2280 0
1103 140 5157 1
1104 280 2855 1
1104 70 2954 0
1104 124 320 0
1105 336 3565 1
1106 150 971 0
1106 208 6415 0
1107 44 6148 0
1107 39 5941 1
1109 347 362 0
1110 202 4024 1
1111 310 2654 0
1111 144 3543 0
1111 169 3301 1
1112 337 2162 1
1112 340 2539 1
1112 105 1834 1
1113 172 7092 1
1113 63 1556 0
1113 336 3565 0
1114 339 340 1
1115 73 4307 0
1116 222 5835 1
1117 248 5824 0
1118 303 1373 1
1118 246 433 0
1119 49 320 1
1120 243 2867 0
1120 26 4627 1
1120 202 4024 0
1121 309 2580 0
1121 71 5909 1
1121 226 4697 0
1122 174 3336 1
1122 326 320 1
1123 231 5157 0
1123 295 1368 0
1123 191 2580 1
1124 33 6069 0
1126 193 5343 1
1127 77 4942 1
1127 209 5105 1
1127 31 3590 1
1128 263 4525 0
1128 231 3869 1
1129 327 2094 0
1129 230 2094 0
1129 9 4024 1
1130 274 6415 0
1131 46 3270 1
1132 95 2930 0
1132 340 2539 0
1132 41 5797 1
1133 155 258 1
1133 50 1918 0
1133 81 2642 0
1134 39 5941 0
1135 289 6142 1
1135 266 49 0
1135 160 787 0
1136 280 2855 0
1136 24 4307 1
1136 31 3590 0
1137 63 4397 1
1139 200 4234 1
1139 164 1037 0
1139 81 3543 1
1141 104 4556 0
1144 313 433 0
1144 208 5748 1
1144 73 5682 1
1146 8 680 0
1146 27 2162 1
1146 193 5343 0
1146 108 6415 1
1147 337 2162 0
1147 288 3543 0
1147 174 3336 0
1147 46 3270 0
1147 119 49 1
1147 26 4627 0
1148 140 5157 0
1148 24 4307 0
1148 246 58 1
1149 260 992 1
1150 16 6524 0
1153 72 120 0
1154 281 5835 0
1155 197 1906 0
1155 81 3543 0
1157 124 6238 1
1158 248 574 1
1159 313 3590 1
1160 299 4525 0
1163 41 5797 0
1164 168 2954 0
1164 172 7092 0
1165 181 5676 1
1165 52 3182 1
1165 33 3130 1
1167 152 1450 1
1168 313 3590 0
1169 315 3762 0
1170 9 4024 0
1172 160 4525 1
1172 256 6142 0
1172 104 583 1
1173 181 5676 0
1173 231 3869 0
1174 339 340 0
1174 119 49 0
1176 169 3301 0
1177 194 1551 0
1177 295 5682 1
1177 200 4234 0
1178 119 5941 1
1179 119 5941 0
1180 152 1450 0
1180 222 5835 0
1180 246 58 0
1181 8 5797 1
1181 16 201 1
1183 340 3590 1
1183 186 49 1
1183 44 4040 1
1183 218 5649 1
1183 289 6142 0
1184 186 49 0
1184 16 201 0
1184 218 5649 0
1186 260 992 0
1186 326 320 0
1187 129 6415 0
1187 8 5797 0
1187 208 5748 0
1187 73 5682 0
1188 295 5682 0
1189 193 3301 1
1189 196 4560 0
1192 321 7029 0
1193 126 4006 0
1194 49 320 0
1195 193 3301 0
1195 108 6415 0
1198 63 4397 0
1198 255 5797 1
1198 237 2840 1
1199 160 4525 0
1199 288 4234 1
1200 237 2840 0
1200 42 2580 1
1201 144 4307 1
1201 274 5336 1
1203 168 362 1
1203 308 4234 0
1205 196 867 1
1206 8 3301 1
1207 124 6238 0
1207 274 5336 0
1208 33 3130 0
1209 155 258 0
1209 183 4307 0
1209 8 3301 0
1210 26 6415 1
1210 104 583 0
1211 235 58 0
1211 140 3869 1
1213 72 1037 1
1214 77 4942 0
1215 144 4307 0
1215 74 3270 0
1215 191 2580 0
1215 245 433 1
1217 351 3224 0
1217 174 450 1
1220 194 3613 1
1221 80 2280 1
1221 288 4234 0
1221 194 3613 0
1223 71 5909 0
1225 214 1906 0
1225 112 5143 0
1232 255 5797 0
1234 317 58 0
1234 241 1834 0
1235 55 867 0
1235 276 6722 0
1235 248 574 0
1236 208 812 1
1236 209 5105 0
1241 165 6228 0
1242 80 2280 0
1242 105 1834 0
1243 168 362 0
1243 174 450 0
1244 340 3590 0
1245 208 812 0
1246 303 1373 0
1246 140 3869 0
1247 27 2162 0
1247 230 4942 1
1252 188 5592 0
1252 52 3182 0
1252 44 4040 0
1252 196 867 0
1252 245 433 0
1253 283 1244 0
1253 72 1037 0
1253 26 6415 0
1257 230 4942 0
1258 42 2580 0
40
562 718 1155
946 1089 5941
1123 1217 4697
842 1042 583
761 1029 58
1082 1209 80
869 968 134
811 986 1312
967 1080 340
880 975 5909
684 1083 6148
1028 1167 4525
778 984 1556
802 1085 3423
936 1072 5515
839 1254 630
748 1208 5139
670 1082 6980
868 1002 4006
948 1045 5859
551 1181 433
732 1210 1834
814 951 2432
955 1252 3590
733 948 5456
1079 1216 1139
561 1004 2888
738 1202 7022
968 1065 3727
846 941 3172
596 724 4397
651 1032 574
592 701 4204
946 1213 2432
713 873 4556
671 1015 340
958 1106 7133
729 865 1869
756 919 1483
951 1175 5797
113 506
204
541 28 411 1
555 87 328 1
558 45 81 1
566 61 197 1
567 36 470 1
569 28 411 0
570 35 452 1
573 44 109 1
574 96 462 1
574 28 143 1
576 61 197 0
576 44 109 0
587 71 342 1
593 91 470 1
593 106 395 1
597 28 143 0
598 22 56 1
598 102 143 1
607 99 143 1
618 35 452 0
620 4 317 1
620 113 439 1
622 61 218 1
632 113 439 0
637 7 88 1
639 61 218 0
642 113 373 1
643 56 317 1
650 56 317 0
650 34 471 1
653 107 342 1
654 51 117 1
659 106 395 0
662 103 81 1
662 106 172 1
677 113 373 0
679 36 470 0
680 7 88 0
681 34 471 0
698 106 172 0
707 107 342 0
712 99 143 0
718 61 14 1
722 36 93 1
726 22 56 0
727 87 328 0
727 61 14 0
734 5 144 1
749 72 452 1
751 102 143 0
752 61 263 1
753 56 218 1
756 91 470 0
762 34 56 1
765 103 81 0
768 58 14 1
774 102 144 1
776 106 144 1
778 90 56 1
783 28 88 1
785 51 117 0
790 107 143 1
793 21 93 1
796 4 317 0
808 99 470 1
813 107 143 0
821 56 218 0
823 34 56 0
829 106 144 0
829 7 374 1
830 90 56 0
833 44 452 1
835 102 144 0
836 91 144 1
841 103 150 1
843 28 88 0
845 87 44 1
846 4 411 1
850 76 328 1
858 87 44 0
860 87 48 1
871 72 452 0
872 36 93 0
874 7 374 0
875 61 263 0
878 34 470 1
878 45 81 0
878 106 218 1
880 99 470 0
883 22 18 1
883 21 93 0
889 28 411 1
890 36 48 1
891 21 14 1
900 87 48 0
900 56 14 1
902 61 14 1
905 76 328 0
905 36 48 0
907 90 117 1
914 96 462 0
919 102 197 1
921 61 14 0
922 87 317 1
926 28 411 0
928 36 367 1
931 76 117 1
932 113 197 1
933 107 88 1
933 102 197 0
933 58 14 0
934 35 342 1
935 36 367 0
935 51 374 1
935 76 117 0
937 45 117 1
945 4 411 0
945 21 14 0
946 36 395 1
948 35 342 0
953 36 395 0
953 107 88 0
954 35 117 1
955 44 452 0
965 28 462 1
967 87 317 0
968 7 12 1
968 90 117 0
971 22 18 0
977 21 109 1
990 22 218 1
991 35 117 0
993 90 172 1
996 113 197 0
999 76 18 1
1003 90 172 0
1005 28 462 0
1006 102 374 1
1010 44 14 1
1010 87 374 1
1011 76 18 0
1020 96 109 1
1021 113 14 1
1021 56 14 0
1024 90 342 1
1026 99 143 1
1027 44 14 0
1037 34 470 0
1038 61 471 1
1039 96 109 0
1042 44 411 1
1044 106 218 0
1044 102 374 0
1053 35 51 1
1054 72 462 1
1059 51 374 0
1066 91 144 0
1066 72 462 0
1068 4 12 1
1079 35 51 0
1082 4 12 0
1087 61 471 0
1094 28 51 1
1098 99 143 0
1104 21 109 0
1105 45 117 0
1106 61 93 1
1106 113 14 0
1112 7 12 0
1112 34 12 1
1120 21 48 1
1129 103 150 0
1134 34 12 0
1141 87 374 0
1147 91 143 1
1152 72 263 1
1153 90 342 0
1156 28 51 0
1158 21 48 0
1161 99 150 1
1168 72 263 0
1181 56 341 1
1182 71 342 0
1182 35 317 1
1185 71 367 1
1188 91 143 0
1190 58 367 1
1190 113 144 1
1192 71 367 0
1194 22 218 0
1198 4 439 1
1203 44 411 0
1207 5 144 0
1208 35 317 0
1219 99 150 0
1223 107 197 1
1224 61 93 0
1232 4 439 0
1233 56 341 0
1243 58 367 0
1247 113 144 0
1250 87 12 1
1251 107 197 0
1251 87 12 0
19
925 1090 367
1152 1248 470
1007 1102 88
829 1249 363
883 1097 263
889 1123 471
729 1078 51
1028 1219 44
811 1095 341
568 698 395
791 891 471
1153 1249 144
742 965 81
1119 1241 373
854 1167 117
673 1136 48
664 806 373
1002 1129 430
857 1056 81
924 4878
428
541 65 2946 1
546 65 2946 0
547 223 2600 1
552 425 1799 1
555 395 4483 1
555 79 2881 1
557 65 1320 1
559 762 2600 1
560 803 2881 1
563 550 1941 1
563 374 2699 1
564 65 1320 0
565 701 4839 1
567 261 1941 1
570 210 2275 1
570 79 2881 0
572 52 3269 1
576 789 4400 1
577 349 2842 1
580 202 354 1
581 261 1941 0
586 216 4181 1
587 349 2842 0
587 789 4400 0
590 782 2827 1
594 6 466 1
595 651 1915 1
598 909 501 1
600 497 1799 1
601 702 1029 1
603 510 278 1
604 542 639 1
607 541 3801 1
607 88 1915 1
610 400 2600 1
614 631 168 1
619 224 1941 1
622 293 278 1
622 203 1432 1
631 425 1799 0
634 374 2699 0
636 626 3068 1
637 145 177 1
641 729 3269 1
644 445 2827 1
646 923 2904 1
646 510 278 0
647 217 2288 1
649 52 3269 0
649 651 1915 0
652 42 2825 1
654 202 354 0
654 120 278 1
655 725 501 1
658 243 3336 1
658 9 945 1
661 6 466 0
666 600 4343 1
667 600 4343 0
669 801 466 1
672 425 474 1
674 400 2600 0
678 789 626 1
678 923 2904 0
678 349 4343 1
679 400 2904 1
681 349 4343 0
688 702 1029 0
689 216 4181 0
692 854 2881 1
695 775 78 1
696 395 4483 0
696 908 78 1
700 261 2842 1
700 908 78 0
701 762 2600 0
704 923 2146 1
705 909 501 0
705 445 2827 0
709 9 945 0
709 205 2946 1
710 79 4362 1
712 131 1058 1
720 689 2946 1
721 610 2288 1
724 243 3336 0
724 395 783 1
724 924 1799 1
725 345 1647 1
726 78 4362 1
726 775 78 0
728 205 2946 0
731 374 1029 1
731 77 117 1
733 626 3068 0
733 854 2881 0
733 425 474 0
737 689 2946 0
738 801 466 0
738 848 2842 1
740 145 177 0
741 567 1491 1
743 701 4839 0
744 610 2288 0
747 689 2825 1
750 395 783 0
750 88 1915 0
751 701 639 1
751 645 763 1
751 923 2146 0
753 645 763 0
756 52 1915 1
758 17 4400 1
761 210 2275 0
761 600 2827 1
762 349 474 1
763 17 4400 0
765 120 278 0
767 78 4362 0
768 689 2825 0
772 9 78 1
773 205 474 1
773 923 1058 1
774 400 2904 0
778 651 466 1
778 243 2904 1
779 494 737 1
779 567 1491 0
780 494 737 0
781 803 2881 0
781 120 1799 1
785 145 2210 1
789 729 3269 0
789 210 2288 1
790 633 4483 1
790 909 177 1
791 389 4468 1
793 444 2946 1
795 17 2904 1
795 134 2288 1
797 645 4839 1
799 510 2946 1
799 600 2827 0
800 389 4468 0
800 52 1915 0
803 134 2288 0
805 52 626 1
809 9 78 0
812 541 3801 0
815 223 2600 0
815 909 177 0
816 626 4483 1
819 633 4483 0
819 923 1058 0
821 908 1349 1
823 923 4722 1
823 77 117 0
825 78 158 1
826 242 2275 1
829 77 4839 1
833 762 177 1
833 120 1799 0
833 42 2825 0
835 17 2904 0
836 293 278 0
839 9 1029 1
843 243 2904 0
843 600 4181 1
845 884 639 1
846 6 1320 1
850 242 2275 0
851 17 4483 1
852 9 1029 0
856 494 4722 1
856 242 705 1
860 848 2842 0
861 762 177 0
861 131 1058 0
862 923 4722 0
862 803 4025 1
864 923 598 1
865 345 1647 0
865 242 705 0
867 923 598 0
868 261 2842 0
868 242 501 1
868 541 1518 1
868 210 2288 0
872 349 474 0
874 762 2146 1
878 689 4004 1
878 52 626 0
882 42 3599 1
883 242 501 0
884 65 639 1
884 9 1799 1
886 848 1057 1
888 541 1518 0
890 389 1915 1
895 203 1432 0
896 425 1518 1
898 884 639 0
898 610 1320 1
901 729 1349 1
901 884 501 1
902 645 4839 0
903 444 2946 0
906 702 3189 1
907 923 4839 1
908 854 4343 1
913 6 1320 0
915 848 1057 0
915 42 3599 0
916 77 4839 0
916 854 4343 0
918 701 639 0
919 725 501 0
928 510 2946 0
929 261 737 1
931 261 737 0
932 567 1057 1
932 762 2146 0
932 349 4181 1
934 542 639 0
934 79 4362 0
934 775 705 1
935 6 783 1
940 644 4468 1
942 400 1244 1
943 567 1057 0
945 79 501 1
946 217 2288 0
947 444 3269 1
950 494 4722 0
955 909 474 1
956 52 354 1
957 88 2842 1
957 631 168 0
961 374 1029 0
963 803 4025 0
964 884 501 0
964 924 1799 0
968 389 1915 0
970 120 3801 1
979 801 2933 1
980 216 501 1
981 242 3336 1
981 217 679 1
981 134 2146 1
983 42 679 1
986 261 626 1
989 884 2946 1
990 88 2842 0
991 725 2842 1
992 494 1058 1
993 444 3269 0
993 389 3599 1
995 550 1941 0
995 725 2842 0
996 374 1244 1
997 216 501 0
997 349 4181 0
998 567 2210 1
999 42 679 0
1000 210 1029 1
1000 134 2146 0
1001 567 2210 0
1001 217 679 0
1004 291 1058 1
1009 610 1320 0
1009 374 1244 0
1010 261 626 0
1010 217 945 1
1014 79 501 0
1015 210 1029 0
1017 78 158 0
1018 224 1941 0
1018 729 1349 0
1018 293 4004 1
1020 134 783 1
1022 395 2600 1
1025 217 945 0
1026 909 474 0
1027 389 3599 0
1027 120 3801 0
1028 789 626 0
1028 88 2288 1
1028 701 1941 1
1029 202 32 1
1031 42 4343 1
1032 9 1799 0
1034 345 1320 1
1036 801 2933 0
1040 395 2600 0
1040 702 3189 0
1041 725 1058 1
1042 729 1058 1
1042 216 1915 1
1044 6 783 0
1052 725 1058 0
1055 651 466 0
1055 400 1244 0
1057 909 1915 1
1058 291 1058 0
1059 389 2946 1
1059 134 783 0
1059 345 1320 0
1065 909 1915 0
1068 216 1915 0
1070 541 466 1
1071 134 4004 1
1072 134 4004 0
1073 610 278 1
1074 494 1058 0
1074 131 2904 1
1079 349 783 1
1080 77 3801 1
1081 17 4483 0
1082 120 1057 1
1083 702 1432 1
1084 854 2827 1
1086 425 1518 0
1087 884 2946 0
1087 79 32 1
1089 775 705 0
1092 923 4839 0
1101 205 474 0
1104 65 639 0
1104 291 3269 1
1111 633 1941 1
1111 217 2600 1
1112 293 4004 0
1113 145 2210 0
1114 541 466 0
1116 243 1941 1
1119 600 4181 0
1122 203 4722 1
1125 9 2827 1
1126 389 2946 0
1128 497 1799 0
1130 729 1058 0
1131 243 1941 0
1132 216 1244 1
1132 908 1349 0
1133 923 4468 1
1138 400 168 1
1140 542 3336 1
1141 848 3189 1
1143 79 32 0
1143 626 4483 0
1146 425 278 1
1146 217 2600 0
1148 494 2904 1
1148 633 1941 0
1149 445 2699 1
1150 345 1244 1
1152 494 2904 0
1155 633 466 1
1157 291 3269 0
1159 131 2904 0
1159 400 168 0
1167 494 4125 1
1168 542 3336 0
1169 645 2842 1
1170 42 4343 0
1174 293 4343 1
1175 701 1941 0
1176 425 278 0
1176 645 2842 0
1177 88 2288 0
1178 626 3842 1
1178 923 4468 0
1178 550 705 1
1179 702 1432 0
1180 631 117 1
1182 203 4722 0
1183 782 2827 0
1184 689 4004 0
1185 345 1244 0
1187 444 354 1
1188 349 783 0
1191 702 4032 1
1196 626 3842 0
1196 205 610 1
1196 542 3842 1
1199 541 1491 1
1199 217 3599 1
1199 293 4343 0
1199 702 4032 0
1201 52 354 0
1201 541 1491 0
1201 205 610 0
1202 445 2699 0
1203 77 3801 0
1203 9 2827 0
1207 494 4125 0
1210 633 466 0
1212 550 705 0
1213 610 278 0
1215 923 2146 1
1215 120 1057 0
1215 542 3842 0
1216 349 4722 1
1219 349 4722 0
1220 923 2146 0
1220 42 4032 1
1221 134 2881 1
1230 631 117 0
1232 729 2946 1
1234 854 2827 0
1234 923 3801 1
1237 444 354 0
1239 216 1244 0
1239 134 2881 0
1240 242 3336 0
1241 644 4468 0
1250 729 2946 0
1251 202 32 0
1253 701 3336 1
1253 42 4032 0
1254 610 4131 1
1254 42 1915 1
1254 217 3599 0
1256 610 4131 0
1256 848 3189 0
1256 42 1915 0
1256 701 3336 0
1258 923 3801 0
13
689 883 626
582 793 4343
840 1243 679
1071 1224 3338
614 873 639
748 973 2842
791 902 1073
835 1070 4032
769 897 2061
1017 1257 4032
734 878 4125
911 1033 1647
612 726 168
40 7611
240
547 18 6550 1
548 29 6395 1
563 25 6512 1
563 35 5618 1
568 34 4128 1
568 37 3964 1
568 16 696 1
568 27 1092 1
574 18 6550 0
580 20 1784 1
587 12 5302 1
588 7 6871 1
591 5 1684 1
592 38 2702 1
594 2 5302 1
595 16 696 0
598 27 1092 0
605 27 1684 1
608 5 1684 0
608 4 6837 1
609 17 4965 1
613 5 4825 1
614 7 6871 0
619 20 1784 0
620 20 2255 1
622 36 6837 1
630 27 1684 0
630 12 5302 0
631 25 6512 0
631 7 4433 1
634 2 5302 0
636 11 4298 1
639 26 3964 1
640 39 4191 1
640 30 3537 1
641 2 2553 1
656 2 2553 0
658 25 6576 1
659 25 6576 0
660 5 4825 0
664 34 4128 0
672 12 2264 1
674 16 2506 1
676 25 449 1
677 7 4433 0
678 8 1092 1
680 13 1784 1
680 29 6395 0
685 5 4433 1
685 6 747 1
685 34 6871 1
691 29 696 1
692 2 2255 1
694 39 4191 0
700 6 747 0
706 11 4298 0
711 18 920 1
714 6 6871 1
715 6 6871 0
716 7 2506 1
717 37 3964 0
718 30 3537 0
719 26 3964 0
726 12 2264 0
738 36 6837 0
739 26 747 1
754 39 3537 1
757 37 4825 1
758 11 696 1
759 29 696 0
766 36 4318 1
766 12 5618 1
767 35 5618 0
770 1 6576 1
778 11 696 0
783 27 5939 1
786 12 5618 0
792 39 3537 0
793 38 2702 0
794 27 5939 0
796 29 449 1
815 29 449 0
819 12 5993 1
822 6 4318 1
826 1 6576 0
827 12 5993 0
830 25 449 0
830 36 4318 0
832 13 1784 0
835 17 4965 0
837 12 3537 1
839 18 920 0
840 37 4825 0
840 34 6871 0
848 6 4318 0
850 26 747 0
851 26 5302 1
852 25 2702 1
854 29 6395 1
854 27 2255 1
859 7 2506 0
864 27 2255 0
865 35 2506 1
868 29 6395 0
872 36 4191 1
872 12 3537 0
872 7 3537 1
884 1 5302 1
885 35 2506 0
886 31 3964 1
886 34 1092 1
891 17 920 1
892 1 5302 0
893 36 4191 0
894 39 6550 1
901 27 6871 1
901 18 3964 1
902 4 6837 0
908 37 5618 1
909 26 5302 0
910 7 3537 0
911 12 5993 1
912 25 2702 0
915 7 747 1
927 8 1092 0
942 30 5993 1
947 1 4318 1
948 34 1092 0
949 37 5618 0
952 6 4638 1
955 27 6871 0
955 38 5589 1
963 36 2506 1
963 38 5589 0
964 8 4128 1
972 5 4433 0
972 37 6837 1
972 13 4965 1
973 25 2282 1
976 5 5993 1
979 5 5993 0
981 12 5993 0
983 29 4825 1
985 6 4638 0
985 12 2702 1
986 34 6576 1
987 27 6512 1
991 27 6512 0
991 26 696 1
992 4 7075 1
994 11 6576 1
997 25 2282 0
999 29 4825 0
999 5 5302 1
1001 37 6837 0
1017 30 5993 0
1022 37 3964 1
1024 31 3964 0
1024 11 6576 0
1027 17 920 0
1029 25 4081 1
1029 6 6871 1
1029 12 2702 0
1034 18 3964 0
1035 27 6512 1
1036 20 2255 0
1048 27 6512 0
1050 2 2255 0
1055 38 3165 1
1059 36 2506 0
1063 5 5302 0
1070 6 6871 0
1072 39 6550 0
1082 25 4081 0
1085 18 1684 1
1086 4 7075 0
1086 2 5618 1
1086 37 3964 0
1092 34 6576 0
1096 31 747 1
1098 31 747 0
1100 8 4128 0
1100 17 4128 1
1104 5 6550 1
1109 38 3165 0
1110 34 747 1
1112 31 696 1
1113 1 4318 0
1115 39 5939 1
1115 18 1684 0
1116 39 5939 0
1121 2 5618 0
1121 38 4128 1
1125 27 2282 1
1126 27 2282 0
1128 1 1606 1
1134 6 6395 1
1135 37 6755 1
1135 1 1606 0
1141 11 3165 1
1146 34 747 0
1150 8 4081 1
1151 25 6837 1
1153 17 4128 0
1154 5 6550 0
1156 36 696 1
1158 5 5618 1
1160 29 6576 1
1161 1 1784 1
1169 4 6837 1
1171 34 6395 1
1173 2 4433 1
1174 25 6837 0
1175 37 6755 0
1176 2 4433 0
1179 12 2553 1
1184 1 1784 0
1192 27 4318 1
1192 12 2553 0
1193 11 3165 0
1204 34 6395 0
1206 8 4081 0
1210 38 4128 0
1213 29 6576 0
1216 27 4318 0
1219 20 2255 1
1222 2 2264 1
1228 6 6395 0
1229 31 696 0
1232 26 696 0
1237 5 5618 0
1238 20 2255 0
1242 13 4965 0
1242 4 6837 0
1243 13 2282 1
1245 16 2506 0
1247 2 2264 0
1248 36 696 0
1250 7 747 0
1258 13 2282 0
16
553 770 4128
819 916 4318
721 1168 1458
624 878 5939
596 961 5618
633 887 920
799 990 1606
1008 1237 1684
620 964 696
576 989 2702
1086 1180 3537
1133 1257 6550
917 1052 2553
1035 1165 6755
1013 1205 1092
710 849 4298
261 6770
382
541 228 1982 1
541 7 1396 1
542 41 3840 1
543 17 5635 1
544 37 6484 1
550 160 1082 1
551 198 3038 1
551 160 1082 0
552 109 6151 1
554 113 2470 1
555 192 4707 1
557 163 4650 1
557 7 1396 0
558 160 6151 1
558 168 6151 1
563 57 6110 1
569 57 6110 0
576 127 1428 1
577 17 5635 0
580 127 1428 0
583 162 966 1
585 228 1982 0
591 188 1942 1
593 140 676 1
593 12 1665 1
593 6 3840 1
595 6 3840 0
597 113 2470 0
598 137 983 1
599 7 966 1
599 56 1533 1
603 125 6482 1
604 125 6482 0
605 226 2833 1
607 198 3038 0
607 178 1533 1
610 247 1942 1
610 63 676 1
611 41 3840 0
616 41 2698 1
616 51 5482 1
617 56 1533 0
618 160 6151 0
618 6 574 1
625 125 305 1
625 12 1665 0
626 228 5176 1
627 160 2302 1
628 161 693 1
630 51 5482 0
632 41 2698 0
637 113 1082 1
637 51 3038 1
641 160 2302 0
646 204 3038 1
646 64 303 1
647 188 1942 0
648 165 6484 1
648 115 6110 1
652 188 6710 1
652 162 966 0
653 34 305 1
654 247 1942 0
656 69 574 1
657 198 6151 1
659 142 2698 1
660 7 966 0
661 218 6690 1
662 46 305 1
662 160 6482 1
662 83 1942 1
663 181 983 1
666 212 3752 1
667 69 574 0
668 69 717 1
671 247 2309 1
673 31 1665 1
675 73 693 1
676 163 4650 0
677 170 2470 1
678 204 3038 0
678 16 1533 1
681 156 574 1
681 115 6110 0
683 17 3038 1
683 217 1533 1
684 217 1533 0
685 73 693 0
686 56 1396 1
686 192 4707 0
687 142 2698 0
687 218 6690 0
690 163 305 1
692 163 305 0
692 165 6484 0
693 204 2698 1
693 109 6151 0
695 140 676 0
699 63 676 0
700 178 1533 0
700 250 1396 1
702 100 2833 1
704 181 983 0
709 57 3038 1
709 63 1428 1
714 51 3038 0
715 133 4599 1
715 163 1082 1
715 115 6484 1
717 64 303 0
719 67 3840 1
719 52 590 1
723 217 760 1
723 63 1428 0
724 113 1082 0
726 51 305 1
728 198 6151 0
729 118 3960 1
729 116 3388 1
729 228 5176 0
730 56 1396 0
731 127 1665 1
733 100 2833 0
734 56 966 1
734 73 760 1
740 116 3388 0
740 204 2698 0
740 41 2309 1
741 218 6690 1
742 217 760 0
743 100 4297 1
744 31 1665 0
746 115 6484 0
749 119 1634 1
749 52 590 0
754 127 1665 0
754 34 305 0
756 83 1942 0
757 160 6482 0
758 218 6690 0
759 64 1614 1
762 246 2474 1
762 178 6484 1
765 160 5635 1
765 163 1082 0
765 34 5836 1
767 73 760 0
772 242 188 1
773 51 305 0
774 63 983 1
776 83 950 1
776 12 950 1
779 113 2309 1
780 83 950 0
784 41 2309 0
788 41 2302 1
790 46 305 0
792 242 188 0
794 133 4599 0
795 198 255 1
796 165 4599 1
803 63 983 0
807 246 2474 0
810 160 5635 0
815 69 717 0
815 181 2302 1
821 54 303 1
827 12 950 0
831 247 2309 0
832 162 2302 1
836 160 1982 1
838 156 574 0
838 73 3752 1
844 204 5996 1
845 129 1533 1
848 116 3752 1
850 204 5996 0
851 51 1665 1
853 51 1665 0
855 228 574 1
857 246 6690 1
861 63 6110 1
864 12 4650 1
865 192 6110 1
865 116 3752 0
867 188 6710 0
868 192 6110 0
871 67 3840 0
871 37 6484 0
871 247 2302 1
874 125 305 0
876 125 4358 1
877 16 1533 0
879 140 3038 1
880 115 5482 1
880 67 574 1
883 165 4599 0
884 100 4297 0
886 83 2474 1
888 109 1942 1
889 160 1982 0
891 52 6484 1
892 115 5482 0
895 178 6484 0
896 156 2084 1
901 133 6484 1
902 160 5996 1
903 178 3752 1
906 133 6484 0
914 113 2309 0
915 6 574 0
919 140 3038 0
920 246 6690 0
923 100 1665 1
924 34 5836 0
928 137 983 0
931 217 2134 1
932 170 2470 0
936 242 4358 1
937 142 1665 1
938 46 760 1
939 63 6110 0
940 212 3752 0
942 142 1665 0
944 161 693 0
946 160 5996 0
946 188 255 1
947 162 2302 0
951 204 6482 1
953 41 2302 0
955 242 4358 0
956 51 3388 1
956 67 574 0
957 217 2134 0
957 113 4358 1
960 16 5176 1
961 165 3038 1
961 63 1634 1
961 163 1437 1
964 162 4707 1
967 192 2084 1
968 137 676 1
969 63 1634 0
969 37 1116 1
972 228 574 0
973 163 1437 0
974 69 4707 1
976 212 5176 1
977 51 3388 0
980 51 2354 1
989 109 1942 0
989 218 3038 1
989 181 2302 0
996 79 2183 1
998 127 6110 1
1000 83 2474 0
1002 115 1437 1
1003 160 5996 1
1006 119 1634 0
1006 63 3840 1
1007 188 255 0
1011 46 760 0
1017 100 1665 0
1019 204 6482 0
1020 31 1116 1
1022 37 1116 0
1024 137 676 0
1026 119 1008 1
1027 247 2302 0
1027 178 3752 0
1028 31 1116 0
1035 198 255 0
1038 69 4707 0
1039 46 2470 1
1039 118 3960 0
1040 69 2860 1
1043 181 966 1
1045 208 3752 1
1045 160 5996 0
1046 165 3038 0
1048 100 5482 1
1052 41 1614 1
1053 133 303 1
1055 52 6484 0
1058 17 3038 0
1063 204 1437 1
1066 83 4358 1
1067 17 2860 1
1074 64 1614 0
1075 6 950 1
1075 118 4297 1
1076 250 1396 0
1076 178 983 1
1078 54 303 0
1079 163 590 1
1081 129 1533 0
1083 109 2309 1
1084 56 966 0
1090 125 4358 0
1095 204 1437 0
1095 217 5176 1
1097 73 3752 0
1099 250 3840 1
1099 162 4707 0
1100 16 5176 0
1103 208 3752 0
1103 56 717 1
1105 51 2354 0
1105 163 590 0
1107 34 2084 1
1111 34 2084 0
1112 17 2860 0
1116 163 1008 1
1119 6 950 0
1119 67 2833 1
1121 115 1437 0
1121 125 6151 1
1122 212 5176 0
1125 63 3840 0
1126 137 1982 1
1128 17 966 1
1128 109 2309 0
1131 168 6151 0
1132 115 5176 1
1134 242 2833 1
1135 119 1008 0
1136 168 3388 1
1136 250 3840 0
1136 192 2084 0
1136 125 6151 0
1138 64 4650 1
1142 79 2183 0
1145 100 5482 0
1147 116 2470 1
1147 113 4358 0
1151 218 3038 0
1151 52 966 1
1156 56 717 0
1158 163 1008 0
1161 250 3960 1
1163 37 574 1
1165 34 1396 1
1172 142 5482 1
1173 46 2470 0
1174 57 3038 0
1174 116 2470 0
1178 17 966 0
1181 178 983 0
1184 41 1614 0
1190 64 4650 0
1191 118 4297 0
1191 142 5482 0
1193 168 3388 0
1195 226 2833 0
1195 133 303 0
1199 160 693 1
1201 51 303 1
1201 57 5836 1
1202 57 5836 0
1203 217 5176 0
1204 12 4650 0
1214 178 2354 1
1214 156 2084 0
1215 181 966 0
1216 127 6110 0
1216 69 2860 0
1220 51 303 0
1221 116 3752 1
1221 137 1982 0
1224 37 574 0
1227 178 2354 0
1229 242 2833 0
1232 67 2833 0
1234 250 3960 0
1236 52 966 0
1244 83 4358 0
1246 125 2698 1
1247 115 5176 0
1252 34 1396 0
1253 125 2698 0
1255 160 693 0
1259 116 3752 0
49
754 1009 58
836 994 1614
1093 1231 5767
776 875 4260
576 882 1116
794 938 1942
744 1096 5635
640 792 2183
767 1174 2134
966 1189 2084
719 867 6151
572 739 1982
1072 1182 1116
626 1058 966
939 1240 5996
688 1122 5996
657 786 5739
963 1132 1665
546 712 3038
793 1052 4650
843 1231 1533
640 954 1982
811 931 4214
637 1158 6006
869 1087 3840
700 840 3847
779 1227 2183
1017 1115 2469
786 1094 590
842 1177 1665
728 963 6484
879 1103 5567
663 809 4650
805 1148 3960
872 1128 1008
797 942 3038
777 928 5482
852 994 1396
682 791 6690
1033 1212 5996
590 846 676
748 923 4599
731 1129 2860
633 1113 1533
956 1059 4599
594 914 5288
790 1105 2302
943 1171 983
566 722 6484
980 1870
366
542 408 114 1
542 37 43 1
544 255 384 1
548 969 407 1
549 461 650 1
554 51 1359 1
554 133 1538 1
557 562 384 1
557 790 1202 1
558 186 322 1
561 153 1623 1
563 525 1697 1
572 109 1078 1
575 748 1851 1
576 271 1359 1
578 342 407 1
580 172 1752 1
580 790 1202 0
582 342 407 0
584 37 43 0
586 188 1818 1
592 880 423 1
602 562 384 0
602 960 145 1
603 283 322 1
607 874 1704 1
610 969 407 0
610 153 1623 0
611 109 1078 0
612 269 114 1
617 421 390 1
618 153 820 1
618 790 1512 1
618 37 1816 1
619 525 1697 0
619 271 1359 0
621 722 486 1
621 549 423 1
626 549 423 0
627 283 322 0
629 150 532 1
631 144 820 1
634 630 1851 1
635 960 145 0
638 271 1359 1
638 831 1773 1
638 188 1818 0
639 533 1152 1
641 790 1512 0
641 880 423 0
648 348 114 1
652 960 1697 1
652 433 43 1
656 880 1538 1
662 92 1818 1
666 186 322 0
669 562 532 1
670 637 415 1
671 790 486 1
673 533 1152 0
674 722 486 0
675 602 340 1
676 109 1359 1
679 748 1851 0
683 816 1818 1
683 916 145 1
684 131 910 1
689 833 1359 1
689 150 532 0
690 37 1816 0
691 916 145 0
693 283 368 1
694 153 820 0
696 969 650 1
710 562 532 0
711 960 1697 0
711 153 1271 1
722 430 407 1
725 960 839 1
726 144 820 0
732 51 1359 0
740 150 1180 1
744 352 1152 1
745 120 381 1
746 186 1020 1
746 51 1538 1
748 632 839 1
749 51 1538 0
750 90 384 1
750 133 1538 0
751 630 1851 0
752 421 390 0
753 960 839 0
754 533 1202 1
755 813 532 1
755 188 390 1
755 748 1818 1
755 421 1538 1
756 234 1818 1
761 916 1471 1
766 837 1471 1
767 880 1538 0
773 320 653 1
775 150 1180 0
777 418 1538 1
777 837 1471 0
779 596 650 1
779 790 486 0
783 421 1538 0
785 118 1816 1
788 131 910 0
793 186 1020 0
798 722 340 1
800 748 1818 0
802 144 1599 1
802 433 43 0
803 348 114 0
805 549 1623 1
809 269 114 0
810 392 654 1
812 144 1599 0
815 533 1202 0
816 833 1359 0
819 169 1334 1
823 549 1623 0
825 169 1334 0
836 131 993 1
841 150 1078 1
842 916 1471 0
848 960 1599 1
854 790 1623 1
856 320 653 0
858 562 1316 1
860 255 384 0
860 722 340 0
862 562 1316 0
865 118 1816 0
866 169 839 1
867 188 390 0
868 880 486 1
869 352 1152 0
871 269 224 1
873 271 1359 0
875 837 415 1
875 269 224 0
881 153 1271 0
883 172 1752 0
883 748 653 1
884 352 905 1
887 630 390 1
892 416 224 1
894 533 1597 1
895 118 993 1
897 186 339 1
902 118 993 0
904 837 415 0
906 408 114 0
906 433 1704 1
907 960 1599 0
911 153 368 1
912 602 340 0
913 408 1851 1
914 131 993 0
916 37 993 1
919 133 1152 1
919 320 383 1
919 416 224 0
920 320 383 0
925 90 384 0
925 630 390 0
926 352 905 0
927 90 1471 1
927 188 1202 1
927 960 1152 1
929 864 383 1
929 421 1851 1
931 118 1793 1
932 596 650 0
933 51 1359 1
933 869 1241 1
935 186 339 0
939 271 43 1
940 833 1020 1
942 837 532 1
946 51 1359 0
949 342 1359 1
955 169 839 0
956 880 486 0
957 153 368 0
965 172 1152 1
967 172 1152 0
967 632 839 0
968 269 1334 1
969 433 1704 0
972 283 368 0
974 837 532 0
976 90 1471 0
976 153 1304 1
978 525 1752 1
980 150 1078 0
984 637 415 0
987 837 1078 1
991 816 1818 0
991 525 1752 0
992 283 721 1
992 169 384 1
996 144 707 1
997 144 707 0
997 869 1241 0
998 269 1334 0
999 109 1359 0
1000 969 650 0
1001 51 654 1
1002 392 654 0
1002 271 43 0
1005 421 1851 0
1006 131 820 1
1007 632 1202 1
1010 549 1793 1
1011 722 1078 1
1011 421 486 1
1012 722 1078 0
1016 169 384 0
1018 533 1597 0
1023 562 1816 1
1023 37 993 0
1023 348 390 1
1025 408 1851 0
1026 596 905 1
1028 790 1623 0
1028 816 1316 1
1030 874 1704 0
1031 133 1152 0
1032 960 1152 0
1033 269 308 1
1034 408 1202 1
1034 632 1202 0
1037 437 384 1
1038 869 641 1
1041 302 839 1
1042 969 1359 1
1044 342 1359 0
1046 562 1816 0
1048 188 1202 0
1049 437 384 0
1050 416 340 1
1053 269 308 0
1059 169 641 1
1060 302 839 0
1061 283 721 0
1061 416 340 0
1062 416 820 1
1063 960 1710 1
1065 833 1020 0
1066 408 1202 0
1070 831 1773 0
1070 153 1304 0
1073 549 1793 0
1073 342 905 1
1074 430 407 0
1077 813 532 0
1080 430 1623 1
1083 234 1818 0
1084 813 1316 1
1085 51 654 0
1086 833 1152 1
1089 392 707 1
1089 150 839 1
1089 632 1599 1
1090 748 653 0
1090 188 1623 1
1091 596 905 0
1092 549 1710 1
1095 348 390 0
1096 302 339 1
1098 271 1271 1
1099 131 820 0
1100 418 1538 0
1106 916 905 1
1107 348 1773 1
1108 433 322 1
1112 816 1316 0
1113 833 1152 0
1113 837 1078 0
1115 150 839 0
1116 549 1710 0
1118 144 1020 1
1119 352 721 1
1120 418 660 1
1121 37 532 1
1123 150 1697 1
1125 120 381 0
1127 234 782 1
1129 722 1597 1
1129 433 322 0
1130 169 641 0
1132 549 390 1
1133 342 905 0
1134 421 486 0
1135 602 721 1
1135 188 1623 0
1137 722 1597 0
1139 813 1316 0
1140 186 1710 1
1141 320 782 1
1142 348 1773 0
1143 408 415 1
1143 632 1599 0
1148 109 1597 1
1148 269 384 1
1149 433 1471 1
1152 302 339 0
1153 234 782 0
1154 118 1793 0
1156 630 707 1
1156 408 415 0
1159 131 1851 1
1160 352 721 0
1165 37 532 0
1168 430 1623 0
1168 960 1710 0
1168 133 532 1
1170 133 532 0
1171 342 1471 1
1172 416 820 0
1173 880 415 1
1175 421 43 1
1175 418 660 0
1176 630 707 0
1178 342 1471 0
1178 969 1359 0
1183 109 1597 0
1183 144 1020 0
1184 525 654 1
1184 960 905 1
1190 92 1818 0
1190 549 390 0
1191 916 905 0
1193 869 641 0
1193 874 1202 1
1197 433 1471 0
1197 186 1710 0
1198 602 721 0
1199 37 322 1
1200 144 114 1
1200 874 1202 0
1202 525 654 0
1205 120 1597 1
1205 320 782 0
1208 461 650 0
1216 150 1697 0
1217 437 1599 1
1226 153 653 1
1230 880 415 0
1230 960 905 0
1232 421 43 0
1234 37 322 0
1237 269 384 0
1239 864 383 0
1242 120 1597 0
1243 271 1271 0
1248 153 653 0
1253 144 114 0
1257 392 707 0
1257 131 1851 0
1258 437 1599 0
15
557 664 1512
773 865 910
683 847 423
613 973 1697
652 849 308
668 981 1710
875 986 654
720 1256 1078
812 1087 1359
742 870 322
864 1029 993
709 853 1816
668 1132 532
878 1064 150
808 1159 1597
707 1302
112
550 121 944 1
554 121 944 0
570 702 1009 1
572 479 904 1
576 121 944 1
580 8 308 1
587 212 279 1
590 52 1021 1
595 8 308 0
600 212 279 0
610 206 904 1
611 44 1009 1
612 479 904 0
621 262 1031 1
621 221 279 1
630 407 1029 1
642 285 445 1
645 285 445 0
651 285 1031 1
661 221 279 0
669 295 1021 1
674 379 308 1
692 221 1021 1
694 195 1280 1
709 479 942 1
721 44 1009 0
722 8 496 1
723 638 616 1
733 195 1280 0
735 52 1021 0
738 195 363 1
749 71 1145 1
755 8 496 0
760 295 1021 0
762 232 1145 1
767 195 363 0
768 212 279 1
770 262 1031 0
778 285 1031 0
782 52 1004 1
794 407 1029 0
796 52 1004 0
805 212 279 0
806 195 904 1
808 683 904 1
808 71 1145 0
814 52 944 1
815 212 363 1
818 232 1145 0
818 212 363 0
848 52 944 0
850 649 445 1
853 649 445 0
870 295 616 1
893 206 904 0
896 232 1021 1
916 683 904 0
924 52 440 1
929 71 1021 1
930 121 944 0
930 407 944 1
942 295 616 0
946 407 944 0
950 52 440 0
960 221 1021 0
962 212 308 1
979 262 744 1
982 221 440 1
984 8 308 1
995 295 440 1
1007 121 942 1
1025 8 308 0
1032 479 942 0
1040 212 308 0
1048 285 744 1
1053 479 744 1
1058 44 308 1
1068 479 744 0
1069 121 942 0
1069 285 744 0
1083 232 1021 0
1095 212 904 1
1097 212 904 0
1102 649 1280 1
1102 702 1009 0
1103 71 1021 0
1106 221 440 0
1109 71 904 1
1123 8 1031 1
1126 52 744 1
1126 407 279 1
1127 702 1021 1
1136 195 904 0
1141 71 904 0
1144 232 1004 1
1155 44 308 0
1162 295 440 0
1167 52 744 0
1169 52 547 1
1169 212 308 1
1172 8 1031 0
1173 262 744 0
1202 379 308 0
1207 683 1145 1
1212 52 547 0
1212 683 1145 0
1217 212 308 0
1226 649 1280 0
1243 638 616 0
1245 702 1021 0
1249 407 279 0
1253 232 1004 0
40
902 1002 695
1001 1127 440
553 672 1145
705 890 440
911 1063 616
853 1001 1009
917 1067 1262
992 1237 1009
670 779 1026
660 807 455
540 1123 1031
1069 1218 308
574 700 445
804 978 888
1054 1179 1280
590 1068 744
785 1197 445
672 981 279
645 995 496
789 1036 1145
1067 1196 308
592 771 944
1037 1128 1021
625 867 363
695 794 308
578 916 496
587 1230 944
768 862 363
692 1182 1280
795 945 546
613 752 1145
838 1023 363
808 911 1029
651 798 547
783 1207 1137
585 1254 279
666 933 904
883 1089 496
614 718 751
561 850 744
187 1985
120
555 183 1286 1
562 37 463 1
564 37 463 0
566 41 619 1
583 75 1446 1
591 94 847 1
593 95 650 1
598 28 1131 1
603 41 619 0
610 12 1377 1
610 94 847 0
626 37 568 1
630 12 1377 0
640 41 465 1
642 12 1286 1
652 28 1131 0
656 28 950 1
666 12 1286 0
677 75 1446 0
680 169 561 1
686 172 650 1
688 143 1721 1
688 41 465 0
688 169 561 0
692 28 950 0
705 9 1131 1
709 156 1286 1
719 110 1853 1
721 12 1626 1
722 24 1853 1
722 89 1377 1
725 156 1286 0
727 143 1721 0
736 24 1853 0
737 88 1759 1
737 9 1131 0
743 80 782 1
745 75 1052 1
745 95 650 0
755 37 568 0
756 28 1974 1
761 28 1974 0
762 143 1759 1
769 80 782 0
771 110 1853 0
793 156 619 1
794 172 650 0
794 94 1767 1
797 12 1626 0
801 94 1767 0
803 24 1767 1
811 37 619 1
817 41 465 1
817 110 1626 1
824 9 1974 1
832 172 1626 1
840 89 1377 0
849 24 1767 0
850 41 465 0
851 95 1052 1
852 172 1626 0
853 9 1974 0
863 75 1052 0
872 89 1377 1
878 172 561 1
889 156 619 0
889 28 1721 1
900 24 150 1
903 95 1052 0
904 41 1052 1
912 95 1721 1
913 169 950 1
924 143 1759 0
925 9 1131 1
943 9 1131 0
951 75 1767 1
954 169 950 0
959 73 1974 1
960 41 1052 0
962 172 561 0
978 37 619 0
978 143 465 1
980 88 1759 0
981 110 1626 0
984 94 619 1
992 94 619 0
1000 156 950 1
1002 73 1974 0
1005 95 1721 0
1031 156 950 0
1070 41 1052 1
1070 94 1446 1
1072 94 1446 0
1087 75 1767 0
1092 183 1286 0
1099 37 847 1
1109 169 150 1
1110 80 782 1
1114 75 463 1
1121 88 1446 1
1121 169 150 0
1125 41 1052 0
1143 37 847 0
1146 28 1721 0
1153 41 950 1
1159 169 1759 1
1167 75 463 0
1174 88 1446 0
1176 143 465 0
1180 80 782 0
1182 89 1377 0
1190 169 1759 0
1190 80 950 1
1194 88 782 1
1199 95 465 1
1213 80 950 0
1227 95 465 0
1236 24 150 0
1252 41 950 0
1252 88 782 0
25
747 950 1759
723 815 1974
915 1043 465
572 822 150
804 969 1759
989 1095 782
615 723 1974
794 1115 463
1029 1214 1767
789 1086 465
777 1017 847
569 706 1286
996 1180 1286
1078 1195 150
1058 1194 847
813 1209 847
673 782 1052
833 1050 568
895 1103 1377
555 656 1767
725 1114 1759
659 824 1853
725 919 465
755 873 1767
687 1135 1131
0 0
