3 5 6
1 18
2 19
1 2
3 4 1
1 1
2 1
3 1
0 2 5
100 100 100
1 589
1 314
3 905
2 607
4 749
2 474
6 265
8 235
3 263
7 191
7 333
11 100
5 960
7 154
13 303
13 855
4 8
7 957
7 821
16 835
14 661
16 739
17 593
13 890
1 358
16 336
27 57
17 346
16 231
19 886
25 154
8 684
32 997
8 515
17 530
22 718
2 61
16 88
7 732
3 798
25 563
30 710
6 71
24 697
13 811
34 528
23 622
30 826
27 602
37 651
13 233
28 576
30 625
37 544
47 548
41 182
15 835
50 367
57 746
16 570
54 206
47 77
44 97
62 701
20 20
51 274
20 707
32 858
24 292
29 437
1 29
23 363
23 591
27 96
68 464
75 843
23 98
26 276
26 65
28 358
33 158
38 350
59 47
31 747
31 938
31 309
83 36
73 372
75 232
36 710
87 341
31 208
34 589
49 710
34 202
70 261
35 34
37 434
44 317
37 267
99 1 100
1 608
2 139
2 268
4 418
4 346
5 992
2 980
8 699
9 764
6 802
6 890
10 974
2 159
2 677
2 269
8 676
13 722
5 20
6 609
8 788
11 242
11 870
21 650
15 963
4 648
10 912
21 101
7 586
13 503
30 926
20 135
20 771
26 416
10 218
18 800
20 843
29 653
32 211
38 704
35 332
37 156
31 822
10 304
42 230
40 159
40 610
10 29
24 372
24 992
14 683
43 611
45 206
36 906
44 971
53 215
36 527
15 334
35 611
50 68
35 207
36 779
40 32
61 4
47 292
50 650
50 528
50 522
54 992
54 454
54 397
62 478
72 2
64 250
54 717
72 563
54 368
55 271
56 202
57 198
57 785
61 776
72 914
62 883
65 626
66 770
68 902
69 677
70 374
70 929
70 83
71 857
76 896
91 407
94 269
76 329
76 614
77 209
96 870
99 791
0 1 1
99 100 1
1 324
1 837
3 974
3 541
3 674
1 605
5 225
5 851
5 141
5 391
7 284
8 760
3 749
14 962
4 855
12 895
8 425
18 250
4 795
7 156
4 981
6 885
16 965
16 388
19 529
10 98
26 847
6 376
25 801
6 49
27 647
32 913
26 915
6 101
18 406
13 837
18 91
12 52
22 919
37 313
13 741
42 871
32 373
13 795
6 766
23 264
23 829
23 985
29 306
39 673
24 556
38 788
26 441
26 893
42 373
26 292
51 781
36 621
36 727
36 407
49 418
37 861
49 141
37 882
38 21
39 892
41 850
45 894
57 490
41 566
71 485
44 51
45 934
46 211
47 586
47 433
47 70
51 523
51 301
51 904
52 277
55 64
56 571
64 878
57 553
59 547
60 449
64 609
67 820
86 190
79 649
79 985
85 352
86 877
89 250
90 31
93 51
98 617
99 634
0 33 81
75 7 44
1 389
2 76
1 885
2 973
1 438
6 56
5 104
8 294
3 825
9 224
1 156
1 573
1 477
13 617
9 248
8 672
11 160
13 521
5 466
8 423
5 149
18 275
18 10
6 782
17 271
7 895
7 769
6 827
14 349
18 882
31 916
19 877
20 991
2 16
21 522
36 167
13 148
31 511
21 25
8 646
7 539
26 340
5 347
20 878
23 626
29 254
29 515
12 909
6 939
28 49
16 515
46 298
21 889
14 326
11 383
13 48
30 551
24 476
18 377
53 896
59 457
22 472
25 386
53 832
1 212
50 569
24 380
31 485
61 251
21 814
26 413
21 506
45 497
72 254
58 537
27 93 77
1 733
2 585
3 645
3 413
5 893
1 950
7 971
7 474
4 694
5 562
9 417
4 851
8 119
1 589
4 1
5 893
4 939
4 509
3 828
2 420
10 500
22 864
18 160
22 158
5 145
24 308
21 450
19 15 71
1 285
2 619
1 260
1 48
4 251
1 805
5 61
2 192
5 357
10 493
4 232
11 150
5 330
5 572
8 940
15 532
15 281
17 153
10 317
33 91 21
1 796
1 74
1 13
4 786
2 804
2 268
4 847
5 473
1 222
6 697
11 976
2 447
2 582
12 233
15 249
8 262
12 799
10 584
19 224
13 578
18 519
16 283
7 964
10 767
15 631
7 854
13 973
6 439
18 782
24 61
10 760
7 192
24 772
48 78 34
1 417
2 7
3 786
4 197
2 450
6 969
5 834
3 23
8 502
3 485
5 430
9 289
12 923
13 271
15 739
10 285
6 759
10 875
8 610
14 866
1 455
14 988
20 277
20 448
23 596
13 55
13 298
20 970
21 485
1 796
6 791
24 542
21 129
11 807
17 487
34 980
37 555
23 657
15 393
32 850
6 646
6 910
41 38
39 656
6 273
12 43
29 106
5 409
42 59 10
1 531
2 91
1 186
3 737
1 294
2 228
5 900
8 493
4 548
3 847
6 712
7 486
4 335
3 81
3 356
10 238
8 39
6 484
17 989
5 988
6 547
9 17
21 694
19 231
12 30
4 350
3 425
20 391
17 355
19 1000
7 619
23 210
13 897
11 803
35 92
34 436
2 784
9 499
17 628
38 981
26 170
27 788
67 86 35
1 368
1 169
2 480
4 176
5 280
3 693
2 561
3 23
3 371
1 503
9 487
1 477
4 31
12 2
12 426
15 313
8 113
3 678
19 390
18 421
15 251
12 146
17 915
14 249
22 172
3 742
24 876
27 630
9 509
15 487
10 775
2 506
33 314
25 692
28 674
26 758
18 849
22 189
29 584
10 682
22 934
25 558
10 266
40 323
12 433
21 732
42 872
28 751
15 898
14 332
14 919
31 734
3 343
9 146
1 802
38 410
40 645
19 253
14 98
23 954
14 877
1 949
16 225
22 915
58 291
57 950
16 128
57 78 100
1 336
1 200
1 147
1 331
2 114
3 440
1 360
2 206
5 893
10 831
1 873
4 908
3 162
3 583
8 243
14 738
14 194
7 357
12 644
16 437
5 46
8 479
13 855
12 997
4 811
21 103
1 14
17 325
22 739
23 713
17 782
13 610
7 682
3 516
18 910
6 185
37 291
35 609
35 743
22 926
24 760
37 60
22 580
33 708
21 121
11 466
43 803
45 230
42 692
12 517
32 707
4 665
46 691
26 665
40 411
49 933
8 126
19 27 1
1 933
1 923
3 110
2 289
3 757
4 877
5 641
8 89
9 376
1 492
11 914
11 477
11 362
14 942
13 463
13 589
12 13
16 351
18 457
33 60 89
1 41
1 508
2 374
4 728
2 305
1 610
3 598
4 747
5 341
5 366
10 380
4 619
9 83
12 931
10 155
12 389
12 473
15 415
13 799
16 337
19 1
10 947
21 926
24 112
1 495
20 89
9 330
23 753
1 847
7 970
8 237
5 918
9 148
98 78 17
1 133
2 107
1 800
3 184
1 375
4 219
2 471
5 891
2 255
9 677
11 67
9 121
2 165
12 98
13 922
14 853
17 673
14 979
1 642
19 223
13 861
18 944
18 99
19 249
20 586
22 769
3 664
17 524
17 6
26 573
30 126
17 718
29 401
19 214
17 97
25 437
17 865
2 151
21 491
21 858
16 742
37 22
16 941
4 745
15 12
27 4
35 700
15 605
41 12
18 395
40 913
18 110
30 736
20 714
43 151
44 260
53 757
15 23
47 603
15 322
46 683
21 49
25 43
59 6
55 501
16 513
16 572
1 821
36 787
57 287
59 68
15 577
26 556
43 706
15 928
15 365
15 873
66 59
23 493
44 204
23 952
39 362
17 487
54 513
71 190
17 865
73 839
17 279
17 311
51 346
19 633
85 355
19 613
68 50
49 152
22 428
39 568
62 332
3 8 35
1 829
1 297
1 696
88 71 97
1 18
1 879
3 662
3 250
5 751
6 757
4 114
6 738
8 610
10 625
1 959
10 571
7 343
12 541
15 413
3 958
16 707
8 183
7 608
17 855
9 530
7 272
2 286
23 657
3 99
21 273
10 581
1 53
22 247
18 222
14 536
29 314
11 632
19 926
33 205
13 892
37 571
1 750
1 534
39 543
12 775
37 809
34 763
28 161
35 35
15 44
18 657
29 469
18 995
20 893
38 70
12 653
23 403
12 90
12 885
12 805
16 894
57 118
27 812
35 156
16 796
31 37
52 179
16 732
31 621
16 715
24 976
63 399
58 506
33 769
18 681
26 874
44 519
1 611
67 790
63 338
25 876
37 122
71 331
2 507
24 708
30 123
26 287
30 573
60 183
32 73
14 634
49 839
70 59 35
1 961
2 310
3 639
2 608
4 324
2 717
7 660
5 947
6 613
4 913
4 953
7 267
6 376
10 774
8 43
14 80
3 35
12 511
5 472
20 306
13 445
4 804
1 153
13 637
23 73
17 691
23 688
23 655
8 256
26 410
20 674
24 565
31 859
9 711
31 702
8 169
2 797
21 582
10 52
40 974
34 820
36 258
11 87
13 946
5 33
36 707
9 707
10 467
35 314
23 964
37 822
47 112
25 927
5 908
46 27
53 417
42 337
5 606
49 498
31 815
53 542
5 487
3 632
37 202
29 367
15 481
4 612
50 909
51 375
55 277
88 87 75
1 889
1 513
2 489
3 202
1 986
5 916
1 690
7 227
6 106
9 532
9 389
11 851
8 730
10 281
8 707
14 797
9 74
8 590
15 551
4 786
13 144
19 46
14 342
23 579
19 807
1 545
6 30
19 403
1 901
16 718
29 769
18 975
29 393
21 968
8 521
21 991
18 786
28 516
24 15
17 157
13 565
7 118
6 121
14 138
37 386
38 593
12 595
44 949
1 811
9 582
51 354
50 29
14 673
18 425
22 661
1 835
15 865
38 32
29 434
46 44
56 944
6 397
52 115
27 93
53 147
50 627
20 671
37 160
3 69
58 625
28 955
31 894
33 396
1 147
14 33
55 428
51 991
32 569
67 274
36 36
30 932
34 119
1 936
81 932
77 423
21 113
19 878
59 148
98 42 68
1 460
1 825
3 987
3 148
1 964
5 563
2 778
7 271
4 524
2 700
2 202
1 547
3 185
12 24
6 633
4 782
4 91
10 622
7 888
1 246
6 381
16 823
20 980
14 621
19 843
1 410
15 343
26 792
4 426
22 11
20 912
15 627
16 122
12 375
7 995
13 958
1 479
32 574
15 473
31 691
1 555
36 745
5 200
42 309
30 150
8 34
30 279
28 41
21 286
25 275
23 846
14 816
39 310
20 210
51 858
33 163
57 939
58 850
22 359
51 806
17 769
13 442
2 153
10 164
25 50
25 627
55 128
56 768
7 655
67 916
67 727
67 466
54 133
70 11
23 457
23 806
16 1000
72 135
45 445
10 496
1 410
24 22
8 248
60 946
4 924
14 65
68 848
76 220
27 326
60 562
55 952
77 739
49 238
50 578
34 714
70 107
25 442
97 150
97 63 13
1 761
2 395
3 645
3 526
3 429
6 756
3 7
7 219
1 576
3 742
1 122
8 857
2 908
5 250
9 955
3 482
17 965
9 920
6 246
8 392
8 46
22 306
19 362
6 669
5 905
23 454
8 961
1 338
10 830
14 938
11 926
5 233
9 52
34 930
18 390
13 994
24 342
24 451
31 707
14 772
10 952
23 53
14 194
39 113
6 864
12 893
27 992
5 766
19 512
48 671
27 91
8 581
36 192
46 77
55 170
7 450
7 598
47 227
48 399
59 549
30 496
33 929
33 468
33 507
57 388
33 163
54 241
20 848
8 544
53 385
65 841
19 499
61 846
68 127
45 583
8 393
67 54
53 283
67 866
40 118
66 551
18 790
56 72
64 194
28 539
40 68
75 512
64 43
88 119
88 128
1 845
67 58
27 153
10 223
43 303
75 7
26 532
9 21 1
1 735
1 377
3 513
1 395
5 69
3 116
3 859
1 223
4 688
8 94 63
1 732
2 780
2 928
1 660
5 835
4 813
3 464
7 184
6 3 7
1 602
2 568
3 555
3 809
3 467
6 289
83 54 59
1 820
2 802
1 606
3 317
4 385
2 954
2 498
4 811
3 273
8 79
8 646
6 347
13 698
5 787
4 975
4 247
10 261
9 41
2 134
8 791
13 83
4 199
14 750
2 766
6 82
9 460
6 684
21 928
6 744
6 604
8 372
28 917
30 727
6 521
33 41
20 581
1 257
5 137
21 665
23 946
40 737
34 573
17 61
23 267
10 807
28 885
43 642
24 925
5 655
33 678
49 311
13 441
49 893
20 382
27 655
34 675
19 17
32 188
54 118
25 479
6 677
30 954
47 292
24 676
18 891
6 508
53 687
64 378
33 889
67 113
8 426
31 349
29 592
5 822
74 307
17 930
68 548
61 456
23 518
52 381
43 287
6 41
24 220
30 39 2
1 894
1 498
2 547
1 44
5 907
6 954
2 823
6 138
2 646
1 77
6 917
6 34
1 659
1 392
1 325
15 332
15 41
5 378
11 601
18 758
5 411
15 971
17 200
14 716
17 187
18 697
5 241
17 166
17 673
5 441
77 32 59
1 388
1 582
3 772
4 142
2 18
5 497
6 397
8 993
9 429
3 649
2 672
10 50
2 736
6 971
9 94
12 801
10 519
12 234
13 129
7 370
8 837
13 400
1 711
24 258
3 630
22 903
10 589
7 582
2 574
6 18
15 937
5 496
16 327
18 8
16 737
29 435
36 692
23 111
29 961
22 902
8 707
34 241
11 212
16 921
16 304
15 787
19 407
29 547
47 816
17 923
41 312
43 29
6 45
14 271
49 262
53 613
33 98
15 867
32 886
17 654
17 648
5 785
32 768
29 77
29 561
33 986
52 106
42 523
58 762
62 529
39 769
68 837
22 301
69 83
71 370
32 914
18 651
33 38 25
1 333
1 873
1 64
4 428
3 844
6 229
3 357
7 124
4 55
1 536
9 128
8 562
6 854
1 302
9 194
9 380
4 139
3 161
4 19
3 797
17 2
11 732
9 453
14 84
7 946
16 410
26 949
27 358
11 562
19 92
11 11
26 820
11 898
2 62 4
1 967
2 688
67 2 54
1 155
2 61
3 399
3 606
2 521
2 627
7 767
8 131
5 398
5 406
6 265
3 273
7 694
6 760
13 41
12 331
10 535
4 131
5 203
17 191
11 106
5 94
9 656
14 455
7 431
1 111
22 598
23 378
8 391
6 819
23 193
26 92
1 685
27 970
19 171
10 902
1 628
4 536
4 658
15 222
12 536
1 986
29 802
33 292
37 584
19 793
32 248
19 889
9 768
36 370
6 906
17 372
47 697
23 50
20 383
6 82
40 959
39 932
6 110
7 622
49 74
52 155
16 323
27 53
57 2
8 299
7 94
66 91 73
1 987
2 795
3 346
2 683
2 951
4 476
5 707
8 935
9 717
6 803
8 877
12 197
6 582
7 118
15 974
8 126
15 291
18 939
17 987
9 847
6 80
15 146
4 254
17 379
19 875
10 253
19 402
23 64
9 699
28 497
6 482
17 365
19 787
19 500
1 847
34 367
7 302
4 990
12 73
21 736
39 194
27 163
27 699
42 453
45 513
30 764
12 633
44 289
8 263
21 321
16 698
24 507
21 893
39 998
35 425
8 438
15 81
19 877
7 228
8 902
22 342
25 145
7 116
60 14
48 436
1 399
22 24 23
1 184
1 270
3 321
1 813
5 418
3 701
3 550
1 805
5 901
1 951
7 911
10 649
5 705
7 235
10 674
5 108
6 775
1 311
8 177
16 17
8 576
9 143
45 30 77
1 767
2 830
2 583
2 197
5 686
4 724
5 980
7 514
5 978
2 578
2 301
2 169
3 656
12 725
14 340
3 861
13 1000
15 272
5 359
10 866
20 201
13 664
3 979
5 871
15 538
14 998
21 688
14 446
11 61
11 692
19 689
23 370
15 388
15 619
12 106
35 181
12 278
13 845
28 211
39 151
25 193
3 647
42 217
33 404
5 895
40 78 100
1 248
2 511
1 408
3 670
3 547
2 806
5 195
4 238
4 993
6 359
5 569
8 232
6 366
5 274
14 604
12 30
1 300
15 843
13 122
8 981
4 314
4 61
2 33
7 205
21 329
7 383
13 923
8 340
21 296
23 635
4 4
4 216
21 526
17 306
9 102
18 381
32 505
32 224
16 244
5 602
26 63 39
1 254
2 688
1 603
2 463
4 675
4 946
1 884
6 96
2 600
5 626
4 747
7 119
5 838
10 330
8 908
15 882
15 713
15 774
14 217
17 363
13 573
1 51
10 452
22 43
2 314
25 930
13 41 90
1 789
2 722
2 794
4 886
3 378
6 368
5 10
1 727
3 564
2 748
6 926
12 531
9 139
36 4 12
1 630
1 338
1 694
1 837
5 863
4 353
1 347
7 400
1 46
1 865
8 75
8 293
8 846
9 353
5 913
7 615
7 514
10 893
14 122
20 267
8 691
7 538
12 441
24 838
22 565
12 173
21 842
19 741
12 501
13 811
25 387
28 229
15 602
17 587
21 910
32 419
93 40 80
1 243
1 827
2 298
2 886
4 445
1 29
1 561
6 201
4 366
10 915
2 725
2 770
1 236
3 358
5 78
16 383
1 766
17 115
17 324
5 863
8 398
15 49
22 831
8 689
5 556
20 931
2 955
27 811
12 391
18 530
12 902
23 968
2 203
19 109
25 479
36 890
23 643
23 15
16 272
27 548
18 711
5 927
22 645
10 220
16 590
40 427
22 363
38 562
3 22
37 393
51 977
48 312
15 734
23 306
48 635
53 483
20 298
45 279
15 191
49 648
17 662
17 601
26 785
50 31
52 401
17 288
43 788
25 571
35 373
17 839
44 751
34 816
72 736
72 851
53 765
17 43
70 363
17 380
69 195
69 397
17 299
17 723
34 806
32 400
67 792
82 826
27 152
83 865
48 886
55 777
17 355
88 683
48 209
47 56 76
1 852
2 598
3 581
2 825
1 88
2 258
3 577
1 60
5 57
5 414
5 146
4 720
7 582
2 833
9 929
9 464
5 321
11 727
8 379
8 744
3 146
13 145
23 189
9 557
3 443
1 557
3 285
17 7
19 232
27 549
5 277
32 408
11 495
12 745
20 105
29 315
4 713
19 945
20 845
22 855
1 304
41 705
26 513
40 677
3 865
9 115
29 49
38 21 83
1 583
1 296
1 463
1 401
3 871
5 987
5 424
5 9
7 756
10 144
7 415
1 268
3 21
10 715
7 427
4 721
3 106
9 857
10 46
14 581
21 206
2 372
15 947
20 347
18 732
24 423
20 791
1 167
24 184
27 358
4 249
24 437
10 478
16 1000
33 130
1 352
20 287
10 988
70 53 29
1 792
2 382
3 83
4 528
2 233
5 153
5 215
7 654
3 763
2 149
10 595
7 446
13 69
11 396
10 989
14 657
15 481
16 502
3 917
1 410
20 96
8 16
23 681
1 114
23 328
24 665
8 111
28 343
28 44
17 332
6 788
31 658
16 436
1 546
35 992
27 241
15 995
31 833
37 643
38 889
38 163
38 288
17 378
19 36
43 749
37 469
20 712
19 734
22 4
3 368
23 966
18 812
49 437
20 118
3 157
19 199
28 364
1 732
50 111
29 133
27 722
18 898
27 764
40 928
44 251
27 649
43 824
27 147
44 835
42 682
47 9 87
1 846
2 288
2 984
3 353
3 222
6 127
2 792
5 568
9 782
1 928
2 919
12 720
4 609
6 436
9 919
2 430
17 957
16 634
6 267
19 247
19 105
14 866
7 684
13 537
14 549
26 604
1 310
8 980
20 81
20 476
1 408
19 231
10 405
16 742
30 571
34 316
14 12
38 891
23 937
14 796
3 737
13 853
32 993
9 987
16 884
23 145
37 937
52 32 96
1 810
1 75
1 427
2 886
1 166
4 674
3 65
6 814
6 76
4 552
9 268
5 738
12 697
6 329
7 487
16 451
5 101
18 845
13 91
12 607
5 44
22 694
15 720
22 716
9 903
9 452
4 435
10 917
4 354
21 581
2 335
24 545
4 958
19 302
28 934
20 818
28 966
19 196
37 935
29 77
7 760
33 463
15 481
33 412
31 98
17 300
29 57
17 664
27 500
43 18
26 184
4 673
76 89 32
1 559
2 773
2 79
4 711
2 555
6 76
3 117
3 469
5 782
6 52
8 129
4 46
5 495
13 909
13 123
13 732
13 645
6 325
10 196
17 276
4 252
16 93
18 96
21 307
21 801
14 943
16 36
24 193
3 265
1 899
1 7
22 425
2 383
15 342
35 308
13 927
36 466
36 569
26 870
30 976
18 650
4 942
8 899
13 109
14 970
30 518
17 506
10 7
28 341
5 891
44 404
35 180
31 575
41 892
3 237
26 56
17 24
25 165
25 107
20 220
55 987
13 314
13 495
40 980
12 526
6 292
35 46
12 167
7 949
37 705
62 986
35 952
42 366
44 272
24 529
21 477
7 4 2
1 457
2 27
1 689
2 439
4 418
1 539
3 718
21 97 91
1 107
2 427
1 329
3 10
4 743
6 825
5 299
1 531
8 477
6 322
11 43
9 74
6 965
5 115
15 423
10 716
12 619
10 541
6 498
17 378
21 379
45 80 49
1 768
2 951
2 411
1 62
4 163
2 74
3 677
1 373
3 40
2 914
11 399
2 761
4 329
7 488
6 407
5 71
1 553
14 962
5 69
18 282
1 397
1 89
17 348
12 139
17 548
19 241
13 295
27 864
11 721
13 541
23 358
3 127
27 565
22 714
33 272
7 577
7 32
30 565
5 40
26 265
1 518
24 131
25 91
31 148
39 922
70 78 74
1 29
1 932
2 695
2 290
2 854
2 781
6 676
5 485
2 783
2 62
10 516
4 390
1 582
11 493
13 80
7 595
15 475
8 304
6 464
18 221
16 919
1 88
9 872
17 436
12 759
12 31
15 213
9 277
14 609
5 881
23 469
13 852
18 877
29 886
1 730
11 577
30 236
1 950
1 271
23 663
24 948
6 147
8 802
20 104
37 227
34 554
44 958
32 282
45 95
42 258
36 889
26 565
49 611
33 690
51 243
46 281
55 157
13 183
40 699
3 939
24 448
6 27
56 633
55 544
21 383
30 488
2 960
42 777
60 520
55 361
2 80 70
1 581
2 183
54 70 9
1 42
2 757
1 521
4 156
3 757
4 508
7 1
6 820
7 59
4 509
3 703
1 838
2 865
12 723
8 789
13 805
1 137
14 836
12 783
7 560
4 449
14 295
1 5
12 385
6 520
6 640
1 695
10 179
16 848
10 794
17 711
17 715
6 502
16 756
28 236
23 570
9 691
32 475
15 614
40 795
9 628
12 940
38 46
9 535
33 134
10 29
2 393
41 946
9 888
28 575
28 253
52 896
46 966
52 898
21 82 49
1 653
1 146
2 180
1 89
2 823
1 857
7 908
8 536
3 808
1 873
2 386
1 17
1 812
7 912
2 945
14 767
12 911
18 49
4 540
2 247
14 206
82 75 26
1 299
2 864
3 478
2 275
4 773
6 47
6 830
8 95
4 764
1 133
5 519
3 760
2 504
7 308
10 337
5 244
10 123
16 90
10 721
12 343
17 50
20 206
9 116
20 835
22 621
6 938
14 562
3 97
23 137
12 847
12 715
6 70
3 787
6 203
18 949
8 431
4 511
12 294
13 636
1 252
19 127
6 415
28 431
41 384
18 116
10 43
25 625
11 982
44 510
39 568
37 677
37 142
18 914
49 738
3 783
52 7
1 788
43 482
3 82
44 249
38 118
33 245
21 477
18 137
16 169
62 922
23 836
19 847
58 868
42 877
46 205
52 66
45 726
16 911
54 526
52 461
22 137
30 321
13 964
19 371
18 681
71 616
44 14 67
1 658
1 37
2 943
4 768
3 673
3 915
1 529
8 574
8 600
8 914
11 587
2 158
12 529
8 139
2 372
2 52
14 242
12 37
13 868
6 679
2 559
11 813
23 578
14 408
25 58
9 95
14 853
7 533
9 63
27 427
24 127
5 702
25 154
21 787
9 422
34 386
6 897
30 714
2 629
34 881
41 679
20 820
28 650
27 792
91 43 41
1 974
2 809
3 560
1 19
2 579
4 347
5 251
6 540
5 673
1 111
4 30
8 397
1 483
10 543
14 821
12 685
5 998
11 165
7 495
20 676
4 497
16 433
4 289
20 904
10 420
22 490
2 465
28 33
19 740
18 192
2 569
17 906
22 805
33 746
24 160
14 702
2 799
2 962
31 383
12 485
6 561
1 375
41 458
40 938
29 287
15 414
4 677
19 145
27 127
46 88
1 681
26 526
4 463
27 749
4 672
10 848
31 41
46 116
7 628
12 14
6 583
53 451
33 649
51 849
11 647
53 17
44 133
63 484
8 440
53 962
10 151
10 444
14 42
39 351
56 229
68 190
62 290
67 417
67 388
19 821
21 372
40 220
36 761
57 464
73 293
76 253
2 711
42 944
77 81
5 274
62 388
0 0 0
