100 100 100
1 373
2 68
1 351
4 720
3 69
3 87
1 615
1 417
8 400
1 232
9 648
12 643
1 215
3 636
4 363
6 27
9 151
11 325
6 616
8 589
15 156
1 420
21 241
23 586
12 768
24 968
20 532
12 510
13 403
21 474
30 63
26 114
30 857
9 127
35 948
8 137
16 889
18 272
35 524
26 421
38 194
7 593
4 967
33 338
6 103
17 737
19 951
28 168
12 466
47 167
16 881
31 459
43 306
11 160
43 148
33 113
11 101
35 939
27 433
18 316
57 198
26 797
63 470
32 240
43 314
14 368
57 975
33 772
31 6
14 706
51 677
23 298
56 450
46 73
26 993
36 744
33 528
71 238
33 101
33 513
25 626
2 742
42 30
39 527
69 150
82 433
39 460
1 701
43 920
55 477
86 412
86 642
28 516
12 70
12 723
2 779
75 9
52 590
90 873
39 804
99 1 100
1 780
2 367
1 336
2 916
2 750
6 853
4 132
2 318
5 495
9 518
2 254
5 108
11 302
2 277
13 923
16 676
14 398
3 302
9 532
12 237
17 476
5 742
3 886
22 946
25 161
7 778
26 797
9 392
14 451
9 530
16 705
22 628
2 284
9 92
11 326
20 604
37 86
26 303
14 557
11 93
35 42
35 833
39 50
11 237
12 246
44 38
15 119
23 200
43 419
44 623
45 518
36 370
31 647
16 418
17 32
41 167
17 191
56 562
17 587
2 386
46 170
33 547
37 722
47 134
63 210
53 869
54 374
16 203
16 29
53 367
56 886
60 608
63 827
63 578
63 310
65 687
65 211
66 560
67 596
70 917
71 273
72 605
72 818
76 783
72 423
76 342
76 431
76 954
89 373
80 536
84 659
80 152
80 503
80 650
95 992
85 620
97 872
98 478
99 257
0 1 1
99 100 1
1 760
1 389
3 572
1 635
2 885
1 429
1 550
7 422
9 86
10 853
7 332
2 731
11 232
5 801
3 767
14 676
4 922
7 923
8 772
9 115
6 902
14 229
6 705
20 133
8 289
17 181
8 64
10 91
24 220
24 992
14 906
10 909
33 274
16 341
10 543
26 73
2 409
25 417
9 964
36 250
19 697
9 123
2 616
27 562
28 725
38 514
38 946
46 205
22 81
31 19
36 906
46 337
41 586
1 146
40 93
10 711
46 876
56 74
46 370
53 214
40 442
42 457
48 461
53 511
48 661
49 838
50 536
50 141
51 37
53 805
53 644
56 337
70 382
59 55
60 667
60 49
60 326
78 580
61 721
61 364
61 187
63 817
68 325
69 586
75 278
84 778
78 81
79 688
79 124
79 829
81 257
92 784
82 250
83 234
88 11
94 706
95 413
98 160
1 16
0 67 12
87 9 61
1 53
1 833
2 964
3 737
5 130
1 947
5 187
5 846
5 763
5 368
1 5
8 666
4 847
11 160
6 263
5 763
11 671
15 339
18 337
15 843
20 342
16 104
4 782
23 404
20 77
25 425
10 124
17 195
7 864
22 191
9 441
23 531
33 538
34 178
6 435
29 773
17 741
36 185
22 969
20 586
14 819
19 243
31 895
19 31
6 221
7 941
7 208
20 842
34 466
16 313
39 892
16 835
16 995
31 77
16 765
21 751
40 606
56 559
33 354
20 170
23 891
52 647
20 770
20 123
55 155
41 84
22 984
20 940
37 986
46 501
53 362
37 910
67 229
8 579
56 247
66 185
19 812
47 767
30 756
71 248
55 57
42 726
21 106
45 983
38 280
1 352
38 644
24 10 14
1 565
1 817
1 962
3 377
3 499
1 287
7 771
8 610
2 35
8 65
8 475
8 721
13 461
9 876
12 22
14 733
17 581
12 290
17 761
3 140
16 238
16 73
1 321
22 649
74 72 87
1 842
1 319
3 449
2 358
2 783
2 340
7 476
3 479
2 107
6 89
3 999
4 85
13 474
11 349
15 681
16 201
12 995
9 753
10 266
15 548
8 999
18 785
3 471
9 442
7 615
21 961
16 689
12 53
4 697
18 841
19 115
9 237
14 458
22 433
6 117
1 683
33 493
28 301
4 809
24 296
27 738
42 674
10 322
15 860
28 263
25 533
33 14
28 973
1 179
15 649
49 677
38 679
12 189
39 74
43 711
16 388
6 345
5 547
52 936
17 500
15 570
54 500
30 831
19 998
46 440
59 790
20 290
39 396
20 205
45 390
9 867
9 467
60 599
52 212
62 41 58
1 511
1 638
3 177
3 671
2 89
2 703
2 199
8 294
6 118
1 839
7 203
6 745
3 841
10 127
11 871
5 684
8 361
16 197
10 45
6 150
20 794
1 777
7 193
22 919
23 572
11 325
14 278
4 930
1 52
10 929
15 709
22 457
5 97
21 711
12 618
9 101
8 995
9 978
10 734
13 964
25 106
32 121
13 961
38 196
36 900
12 197
24 642
39 317
10 264
32 127
47 380
50 953
51 813
19 135
23 254
50 411
13 18
13 416
8 764
25 92
5 445
36 654
67 96 98
1 279
2 442
1 854
1 855
1 650
5 541
4 139
2 497
5 319
7 788
6 934
4 709
4 473
1 298
12 10
16 918
5 207
9 92
9 745
12 745
16 737
3 768
1 921
1 327
21 136
13 174
17 441
2 240
2 905
12 994
20 768
2 680
7 226
30 327
9 260
9 413
13 795
16 853
24 288
4 414
21 206
10 187
17 59
16 453
45 250
12 676
20 513
21 374
39 181
48 792
3 760
18 157
41 926
36 774
24 173
17 483
38 750
45 518
58 132
18 242
44 896
11 303
5 425
2 748
46 619
51 382
4 830
27 16 3
1 459
1 538
3 147
4 337
1 347
3 926
4 216
7 235
9 245
1 537
11 358
6 234
13 968
1 680
1 149
1 157
16 505
16 994
16 870
20 524
16 334
21 874
16 306
24 623
16 187
22 451
23 21
99 39 8
1 23
1 176
2 829
1 105
1 150
6 35
7 496
6 789
5 414
10 187
3 825
3 753
6 835
9 719
3 534
10 24
14 586
13 157
18 442
13 437
14 790
7 864
7 493
15 906
18 196
15 106
15 538
11 330
9 501
17 345
16 587
5 899
32 91
8 874
5 631
16 934
12 352
36 833
23 981
9 908
3 452
10 84
37 655
28 628
18 441
35 839
12 702
35 189
34 474
22 67
33 674
44 854
34 943
46 229
8 314
32 64
41 450
10 364
35 384
50 814
59 147
8 722
2 991
64 139
48 187
41 141
15 645
40 115
55 776
42 937
54 818
15 280
71 500
54 7
43 759
52 261
65 140
3 729
8 917
29 488
49 892
67 471
61 15
10 345
9 623
27 250
27 345
7 818
61 42
68 181
9 234
87 249
26 657
83 568
26 493
65 266
29 560
40 578
56 274
91 30 62
1 349
2 905
2 301
3 890
2 619
1 109
3 352
3 718
7 830
7 764
7 894
11 338
11 889
12 872
8 792
10 834
17 573
15 406
12 597
10 426
4 527
12 769
17 453
4 995
8 525
25 428
6 793
3 507
11 914
18 367
9 21
1 735
33 421
25 398
21 96
9 356
4 856
8 9
28 942
14 877
23 320
18 355
31 965
40 592
8 375
20 602
8 526
20 979
49 441
22 856
45 86
31 366
8 592
19 868
29 29
44 320
20 935
10 149
14 785
26 607
19 550
44 839
54 65
45 218
50 249
20 625
21 993
4 25
32 668
41 716
35 671
9 7
9 423
61 441
61 838
9 945
63 164
42 901
64 871
13 887
80 653
69 67
41 413
45 297
61 121
13 905
37 567
65 471
31 526
69 508
14 743
52 53 66
1 325
1 792
1 285
1 102
3 371
2 751
7 796
8 332
4 475
7 352
6 588
8 898
13 362
9 95
14 628
10 829
12 951
2 649
1 245
1 1000
16 635
1 333
14 768
1 592
4 641
17 525
7 97
1 693
18 518
20 517
7 929
21 925
11 465
18 269
33 465
2 117
31 43
5 13
39 1
28 374
15 640
4 277
26 797
35 422
11 516
45 729
37 448
28 961
36 177
41 532
36 61
22 942
21 67 93
1 461
2 656
3 655
3 626
4 783
4 358
1 914
4 878
2 844
1 395
11 828
4 508
7 395
1 888
6 698
10 561
9 957
6 541
9 872
12 682
20 291
74 98 97
1 58
1 257
2 217
3 761
3 222
5 823
5 166
4 2
4 379
7 185
5 950
10 880
1 817
6 784
3 197
8 212
9 82
18 311
6 801
2 955
17 377
17 29
1 651
23 876
5 422
5 465
21 84
11 304
9 705
28 758
19 601
12 304
3 50
28 706
21 832
11 611
8 260
10 913
25 504
17 860
36 800
29 199
23 436
4 655
33 596
46 959
36 248
23 830
4 739
17 830
30 626
39 314
18 337
39 452
30 114
29 350
32 362
50 319
12 329
23 920
14 122
51 389
30 165
36 158
40 487
27 579
14 275
35 776
5 49
2 821
47 475
64 44
46 326
25 614
67 51 56
1 124
2 533
1 775
3 291
1 350
2 592
1 161
8 403
6 919
4 897
2 830
1 623
10 739
11 869
14 563
16 158
5 687
6 654
11 101
6 226
21 809
14 240
3 280
13 722
8 436
4 466
24 713
24 460
2 498
20 586
27 41
20 584
10 418
5 893
35 114
6 668
2 841
4 603
2 937
35 527
30 562
41 597
9 893
18 635
41 410
5 150
33 988
5 819
47 41
5 142
9 529
12 302
27 50
32 261
47 698
9 748
53 16
35 514
26 772
5 2
11 833
52 251
34 480
49 401
26 991
18 774
31 809
35 9 96
1 515
1 68
3 283
4 683
4 809
5 635
5 342
6 302
7 89
1 522
10 271
10 901
11 732
1 250
12 208
9 116
2 315
17 479
18 149
8 494
20 764
11 894
8 452
10 99
18 431
18 576
8 313
8 674
24 248
29 93
31 977
19 172
8 802
24 426
21 122
48 19 54
1 172
1 734
2 789
1 365
2 872
6 557
3 289
8 843
1 616
10 582
4 56
4 351
12 371
1 561
14 332
7 563
7 131
9 121
2 358
10 186
11 370
11 752
12 62
18 985
4 840
10 879
10 471
23 817
3 708
9 203
19 734
21 297
26 696
9 114
15 394
11 453
27 41
10 622
11 803
17 4
28 282
13 983
17 516
38 604
41 935
23 469
40 201
33 796
35 86 43
1 93
1 121
3 59
3 925
5 223
4 502
2 899
7 921
8 268
4 89
7 809
1 397
5 570
11 135
2 585
13 295
11 881
16 989
5 693
9 22
17 371
4 126
22 471
4 436
7 341
20 795
11 397
4 812
1 795
10 729
29 574
28 397
27 471
10 256
22 692
83 47 84
1 21
1 874
1 957
1 459
3 508
4 704
1 346
2 604
4 751
4 363
8 365
12 496
1 642
7 272
4 726
11 489
17 104
3 284
10 551
10 704
10 76
10 198
2 312
9 91
17 609
5 751
14 895
3 166
29 415
7 322
23 443
19 863
11 351
16 302
25 952
22 888
18 419
20 728
16 215
33 822
20 171
19 853
37 98
27 854
3 63
9 19
7 724
29 164
32 525
26 131
48 459
17 428
17 704
42 692
38 193
17 32
26 828
6 519
46 131
13 893
6 389
27 488
57 135
46 905
11 927
14 545
13 292
23 881
37 493
48 549
25 762
71 725
50 634
45 820
66 578
76 825
70 790
49 122
29 959
51 66
14 953
1 227
79 394
16 23 100
1 337
1 115
2 963
3 240
3 887
5 906
4 279
3 29
4 882
1 109
7 74
7 487
3 355
4 825
12 306
9 48
77 89 51
1 793
1 746
1 465
1 436
1 161
6 788
2 759
5 781
5 46
8 976
2 739
2 497
1 213
5 405
12 816
2 381
2 317
3 305
10 82
1 247
5 658
16 539
15 736
17 899
10 357
5 851
9 156
5 152
26 70
1 993
20 167
12 929
33 781
28 308
16 800
31 612
22 322
36 858
15 860
14 105
4 306
30 547
21 588
22 482
36 154
34 703
3 589
43 398
22 908
22 214
1 943
19 391
6 246
19 261
21 614
27 451
44 503
12 643
34 312
42 353
34 133
58 676
21 953
33 89
39 350
50 22
12 573
35 443
10 515
28 232
40 11
65 907
21 428
47 378
75 477
68 391
1 272
94 59 100
1 910
1 197
3 826
3 243
1 560
1 76
2 848
3 106
3 293
2 330
5 592
3 995
7 100
9 290
3 5
9 531
4 674
2 770
14 329
2 711
9 705
19 119
19 907
17 8
1 898
24 205
3 625
28 54
12 875
14 971
30 695
11 743
2 857
22 993
24 556
22 217
11 487
12 382
4 387
30 677
9 124
13 530
39 760
3 218
41 753
24 33
26 622
41 598
7 80
16 855
50 921
29 33
42 470
34 877
54 349
43 143
37 849
8 737
14 953
24 507
42 122
34 785
4 601
7 995
12 810
31 545
46 495
28 812
22 729
64 720
65 859
61 119
9 106
3 997
53 449
18 661
14 424
69 911
79 963
66 218
17 796
80 81
83 697
38 469
21 413
63 497
8 561
81 823
51 510
17 786
2 369
41 237
86 809
86 270
50 11 8
1 990
1 945
2 809
1 259
5 912
2 34
5 184
3 110
7 631
10 701
9 886
8 843
13 691
6 926
11 52
6 867
16 48
1 780
16 214
2 941
17 850
1 885
13 837
3 204
22 441
17 556
3 787
4 292
10 605
25 914
24 401
5 533
29 447
16 791
16 606
5 782
28 728
36 638
30 647
28 194
41 387
42 807
31 447
12 121
26 976
46 447
40 851
41 440
29 686
4 653
34 24 23
1 944
2 87
3 808
3 449
5 288
5 474
7 605
8 209
7 33
5 384
7 862
5 163
2 981
7 43
2 817
12 761
11 630
16 762
17 575
11 488
2 519
11 337
11 978
13 490
4 358
1 114
17 891
25 995
29 878
14 839
18 614
32 989
28 973
3 660
43 38 78
1 660
2 507
3 519
2 686
1 43
3 460
4 259
6 139
8 249
5 745
1 39
10 678
8 569
10 96
14 647
10 593
10 553
18 673
5 309
5 936
2 804
13 880
15 518
23 73
15 683
3 971
24 778
24 224
21 105
14 968
1 994
32 548
7 455
33 133
21 658
21 207
31 907
21 899
31 295
21 798
23 64
15 362
22 558
80 80 49
1 913
2 712
3 711
2 403
1 768
5 804
4 156
1 97
5 819
2 443
11 279
10 459
3 98
5 903
5 980
14 748
15 758
6 500
9 19
2 713
12 652
11 506
9 383
12 218
4 507
23 761
4 556
9 474
12 89
2 108
20 478
28 691
28 603
1 270
24 724
26 235
21 289
31 872
11 858
10 307
17 21
34 254
1 359
30 752
4 68
21 728
33 600
39 27
15 59
15 625
14 954
9 369
8 196
29 988
19 241
46 197
22 316
21 678
24 196
21 907
45 61
34 184
36 812
8 991
61 762
17 872
46 222
8 319
18 44
35 152
69 707
45 484
70 604
70 598
60 344
6 291
19 233
44 79
26 919
46 701
13 57 32
1 686
2 256
1 535
2 536
3 320
1 741
6 132
1 195
4 486
7 529
8 209
1 485
12 648
76 68 26
1 894
2 313
1 808
2 127
1 328
5 550
3 255
4 171
4 809
2 604
8 991
11 210
3 253
12 53
4 752
11 35
14 539
9 109
16 526
13 311
3 371
9 386
22 248
16 199
4 477
24 256
27 826
14 982
16 943
10 635
10 79
3 671
23 433
29 726
10 298
9 667
32 630
22 843
21 446
25 772
18 138
39 263
21 340
20 667
9 44
33 32
34 437
33 523
32 631
14 879
9 829
41 755
25 725
35 934
32 175
1 118
24 653
57 969
1 903
16 395
59 366
28 785
60 78
38 148
62 871
32 356
54 258
57 436
16 67
23 167
50 578
64 110
35 811
47 515
26 801
51 290
100 46 59
1 763
1 829
3 148
4 127
5 918
1 122
2 551
2 540
8 54
5 900
5 487
6 928
4 411
8 363
11 769
12 223
3 738
2 796
9 293
9 429
19 103
18 508
5 317
19 968
15 689
10 306
5 664
5 51
20 995
7 553
11 896
30 278
29 782
19 998
16 130
30 154
12 79
32 421
2 636
35 263
41 994
22 918
38 582
30 189
38 733
36 562
6 267
16 106
18 898
27 743
42 31
2 806
52 999
53 715
1 721
27 629
51 231
53 698
26 654
34 274
56 214
52 569
9 853
26 871
42 587
43 12
8 617
25 1
64 331
26 718
4 12
16 6
42 562
48 541
16 179
48 752
70 324
56 122
36 688
59 856
3 30
21 735
59 488
63 933
21 562
52 850
60 332
37 565
74 80
89 358
21 98
12 256
54 554
28 961
11 434
57 571
73 229
33 694
69 689
53 544
39 86 86
1 116
2 646
2 556
2 1000
5 52
6 673
4 435
4 652
7 869
10 885
8 505
5 776
10 836
1 554
9 60
1 713
1 487
8 48
7 761
9 458
1 339
13 375
4 465
6 356
18 12
23 373
6 206
10 22
21 949
28 783
13 70
15 53
4 907
13 789
13 832
28 989
26 357
16 410
30 169
46 55 1
1 726
2 380
2 586
2 493
3 613
6 448
3 858
3 63
6 586
7 628
7 558
12 884
6 642
11 553
10 289
7 42
17 626
8 153
8 338
8 169
21 856
8 801
16 749
21 505
11 555
9 17
10 280
24 66
18 181
19 592
12 379
28 340
10 10
10 50
35 679
24 501
37 934
18 853
10 770
40 841
18 610
10 508
43 283
43 118
43 166
44 124
87 52 52
1 318
2 8
2 341
1 664
1 814
2 417
1 317
5 755
5 445
9 391
6 615
1 543
2 905
11 413
13 683
2 861
16 173
7 47
5 20
4 684
1 715
3 859
21 830
2 858
9 186
7 855
14 696
7 313
19 273
30 47
7 947
17 315
5 122
8 184
35 843
35 838
8 280
3 126
4 752
3 937
1 928
33 923
23 284
19 781
43 267
17 510
44 991
8 932
29 162
50 455
17 683
14 324
35 808
12 465
44 390
42 883
14 435
51 830
25 885
6 4
17 411
32 687
3 2
60 802
8 538
38 841
28 381
14 152
38 43
43 386
55 452
66 302
10 688
22 14
32 703
13 526
75 869
34 591
55 830
31 1
21 75
81 208
55 121
1 486
22 597
34 678
42 143
19 41 64
1 159
2 386
1 326
4 912
1 85
2 41
1 139
7 117
7 77
6 661
3 553
8 317
9 179
1 676
10 945
6 945
2 372
15 748
3 422
2 81 37
1 264
2 237
45 84 78
1 846
1 844
3 268
2 512
3 238
3 684
2 111
8 721
1 175
6 772
5 569
1 604
7 768
3 853
1 621
6 369
5 302
15 476
18 406
7 119
11 292
13 385
4 424
21 152
6 369
19 359
4 156
17 704
12 933
28 141
14 299
25 662
30 186
11 159
15 525
9 349
12 282
8 361
18 374
34 236
40 209
30 721
43 760
41 526
35 41
48 96 57
1 54
2 592
2 376
3 121
3 494
5 30
2 996
7 375
4 479
9 895
8 400
9 807
2 964
10 365
7 86
14 605
9 909
18 848
7 602
4 63
20 841
17 902
1 578
3 634
15 328
19 364
10 406
12 652
9 113
13 381
24 905
15 260
1 761
32 656
30 421
34 597
25 180
22 783
29 555
39 229
35 896
41 169
41 640
29 897
25 496
30 103
47 105
17 907
23 83 99
1 216
1 980
3 225
3 821
1 539
5 461
1 489
6 174
9 54
1 322
9 207
8 301
1 619
8 731
2 480
5 922
9 867
18 876
4 307
16 4
11 746
10 688
15 713
27 89 87
1 746
2 451
2 57
3 826
3 424
3 221
7 176
5 769
2 222
7 522
4 5
1 41
5 145
2 961
11 993
4 850
9 217
9 286
4 26
4 763
11 976
14 669
16 83
1 924
16 572
10 285
8 329
83 88 86
1 600
2 574
1 669
4 674
5 510
3 498
7 410
2 203
2 527
7 252
1 37
3 311
11 125
12 188
9 943
10 435
12 454
7 523
11 971
4 964
5 661
7 109
4 912
22 739
12 41
21 168
27 648
20 747
5 470
13 178
3 386
26 649
22 751
5 291
15 463
3 615
19 959
37 544
35 372
40 713
21 640
2 119
43 965
18 145
23 647
1 135
20 812
13 19
31 418
4 8
16 162
27 134
19 471
19 830
20 984
9 328
36 284
31 407
53 776
9 119
38 980
5 905
49 880
5 826
25 228
39 97
58 867
52 229
36 451
50 451
43 666
43 997
21 553
52 946
5 878
14 606
63 369
74 230
28 524
76 682
56 951
68 902
36 721
87 53 48
1 38
1 384
3 908
4 474
1 255
4 776
4 557
2 376
1 529
2 135
4 161
7 616
12 719
3 394
9 316
7 259
14 434
7 243
4 423
6 355
12 893
1 260
3 226
18 348
20 594
7 285
9 106
1 741
28 296
12 817
24 284
5 228
30 241
22 698
19 232
14 21
23 562
5 838
24 55
16 915
15 160
3 591
29 235
18 981
29 433
24 350
10 430
14 851
45 976
6 221
3 427
16 117
40 609
6 473
9 357
48 985
5 196
23 102
9 57
44 463
37 422
19 769
42 931
5 296
8 31
54 888
56 629
24 189
62 70
55 507
66 533
32 713
3 63
64 860
42 286
21 263
69 949
4 241
79 19
68 962
4 47
54 302
45 46
34 461
8 478
10 221
35 884
60 97 66
1 358
1 810
3 693
3 499
4 430
6 267
4 523
6 992
3 813
7 383
11 443
6 624
12 857
8 471
10 706
5 268
12 32
14 944
15 559
19 738
8 988
5 741
19 557
12 593
9 873
7 891
17 627
7 384
18 636
28 605
12 723
13 989
7 59
5 869
14 234
15 202
36 826
4 445
12 621
27 935
32 889
21 375
26 564
6 581
41 518
6 706
19 589
7 230
30 563
43 278
38 478
19 968
49 743
41 612
45 868
7 874
14 198
30 58
26 955
29 193
36 24 93
1 742
1 773
1 34
1 870
5 741
5 147
7 760
7 74
9 338
7 91
2 722
2 724
2 902
6 332
15 467
6 474
1 474
6 534
15 240
1 616
12 894
13 237
21 56
9 509
16 818
1 250
4 768
26 948
21 969
17 878
6 652
5 708
32 457
10 213
17 349
19 301
71 50 40
1 452
2 861
2 50
1 596
5 997
1 560
3 171
1 663
9 508
2 880
5 19
3 910
4 260
8 739
6 55
10 94
9 160
12 306
15 362
6 629
17 521
19 931
1 473
23 124
16 135
7 638
24 802
4 771
9 484
27 104
7 107
31 296
1 46
17 190
35 454
14 492
11 828
33 270
11 178
38 848
9 149
25 92
22 103
29 461
15 582
10 458
5 122
36 998
27 434
23 597
45 507
5 497
31 521
33 842
13 102
10 115
20 35
14 190
41 785
56 483
14 284
18 547
58 689
19 11
19 423
34 207
55 395
66 954
64 141
34 127
42 907
82 47 32
1 894
1 250
3 262
2 469
2 781
4 410
5 24
4 409
8 412
5 402
1 509
4 267
2 927
2 604
7 662
7 22
16 37
5 130
19 483
17 319
3 197
12 611
13 473
20 690
22 787
20 661
23 583
11 897
8 647
24 600
17 479
32 878
15 442
34 826
9 136
26 322
14 509
6 971
28 980
23 759
20 645
34 911
28 407
29 781
37 354
9 157
12 58
21 673
30 977
32 833
12 599
1 388
8 498
52 726
24 289
3 763
22 932
10 669
25 503
10 342
12 393
61 527
12 589
58 407
32 103
39 712
59 662
59 194
56 380
22 746
1 919
66 659
28 394
65 187
48 565
3 885
29 153
28 817
21 623
24 778
5 521
9 725
51 55 67
1 755
1 987
1 597
1 382
4 731
1 16
1 612
1 435
8 225
3 833
6 820
4 559
11 117
7 194
5 362
9 436
13 402
3 371
9 958
14 457
1 92
9 173
10 458
15 797
13 163
18 395
20 553
20 702
4 409
9 667
8 387
9 365
14 574
21 301
2 117
12 191
35 112
6 496
34 859
25 994
30 991
26 658
15 88
5 45
23 127
41 862
26 674
29 60
22 26
20 445
9 888
7 30 47
1 331
1 121
3 757
1 418
2 418
1 851
6 152
91 38 31
1 970
1 979
1 590
3 730
4 131
2 858
7 358
2 769
4 703
10 276
11 922
2 491
2 268
8 385
10 641
9 656
4 175
7 804
19 406
9 179
17 950
22 160
3 733
11 505
22 5
4 1
6 254
25 576
28 146
30 803
10 173
10 218
26 1000
9 692
17 792
35 434
29 955
13 212
7 931
1 82
28 118
6 467
39 373
39 629
8 955
6 343
12 338
11 896
34 538
17 365
43 105
13 400
16 789
22 99
30 332
16 122
41 42
30 752
57 947
24 563
16 308
4 183
15 733
32 45
32 357
32 166
46 644
57 395
57 896
50 570
37 246
37 306
37 820
37 901
56 704
37 809
46 752
68 569
37 682
37 622
65 122
37 79
47 262
47 399
50 113
77 557
47 914
57 794
47 736
78 797
47 787
5 47 12
1 686
2 248
2 347
2 257
3 489
85 60 4
1 1000
2 464
1 540
4 13
3 697
6 994
2 606
4 979
5 279
2 53
3 912
6 134
9 715
9 259
6 417
10 284
3 274
12 174
10 985
15 829
15 334
16 176
11 466
7 364
19 641
23 121
8 111
22 549
28 239
14 919
23 428
5 744
21 536
8 748
1 541
18 138
28 133
37 880
34 512
11 138
2 424
23 982
32 581
25 711
45 607
34 435
31 445
10 812
38 958
17 337
38 82
20 790
10 635
22 405
52 727
52 361
24 787
27 628
1 487
38 128
32 126
38 222
51 129
13 938
46 595
25 638
52 833
25 392
30 713
65 342
14 740
36 475
52 677
41 70
24 635
24 6
24 682
58 204
26 881
48 965
49 613
75 438
69 402
60 635
37 877
95 8 77
1 840
1 518
3 426
2 317
3 376
2 758
3 394
5 799
6 610
3 959
7 850
7 983
2 123
8 136
7 139
1 291
17 172
16 394
10 585
1 121
19 595
14 262
19 617
14 751
11 803
13 73
23 951
26 821
21 316
24 207
22 841
9 250
23 114
17 138
27 786
12 613
24 519
9 67
12 149
27 955
35 48
41 817
1 171
24 185
13 851
37 180
46 665
23 67
16 221
13 154
42 551
13 462
13 328
38 667
19 181
13 628
22 314
41 249
35 868
32 745
27 266
41 565
43 402
21 933
63 2
51 470
13 94
57 82
47 691
70 583
33 865
55 391
17 721
33 57
1 801
60 181
58 115
13 710
2 896
35 619
11 37
78 755
52 923
21 897
36 45
63 164
36 129
13 192
45 613
85 732
40 86
31 985
22 774
71 138
14 919
25 30 80
1 885
1 438
2 815
2 172
5 817
4 325
6 138
3 636
5 500
4 708
7 911
6 559
2 323
6 985
2 447
3 364
14 955
11 732
5 622
12 322
16 982
22 638
19 25
19 38
5 469
78 95 29
1 66
2 363
2 554
4 421
1 257
3 876
6 492
3 290
2 889
1 895
2 347
12 549
2 213
7 599
3 250
5 754
4 689
17 61
8 399
3 741
12 176
1 377
15 848
13 309
8 907
13 730
21 686
7 578
10 917
29 784
16 36
3 670
16 615
9 688
25 688
3 446
32 490
21 959
31 603
15 353
28 726
31 87
35 854
19 696
45 678
26 44
30 158
44 188
20 922
9 319
49 506
13 707
8 186
42 133
22 942
56 75
19 182
35 504
11 663
13 845
8 239
37 831
44 737
43 250
28 833
31 525
29 507
61 25
28 754
24 447
62 91
62 151
43 878
27 252
37 93
24 260
50 935
57 152
80 56 92
1 71
1 861
2 305
1 939
5 392
2 872
4 664
6 399
4 440
9 398
4 770
8 282
9 499
2 21
3 853
12 506
1 577
5 782
13 706
11 859
9 50
21 617
23 29
6 171
24 557
13 812
6 374
9 4
27 34
1 499
14 57
26 785
27 667
25 670
19 329
36 14
25 283
16 383
36 237
1 567
21 66
28 923
7 309
28 225
15 160
32 238
30 84
24 998
23 91
46 553
1 717
12 907
33 757
43 349
20 535
17 93
47 416
39 527
58 43
39 734
23 308
12 573
63 313
31 137
57 197
57 301
7 239
13 524
52 175
66 872
27 740
57 43
4 481
8 613
37 400
65 719
7 973
4 608
40 101
73 509
0 0 0
