6.0 1.0 6
-4 0
2 0
2 8
-1 8
-2 2
-4 2
6.0 1.0 6
-4 0
2 0
3 8
-1 8
-2 2
-4 8
10.0 1.0 3
-10 0
10 0
0 20
10.0 1.0 4
-3 0
3 0
3 12
-3 12
10.0 1.0 4
-3 0
3 0
4 12
-4 12
3.0 3.0 8
-1 0
1 0
1 -1
2 -1
2 0
4 0
4 5
-1 5
7.0 1.0 12
-2 0
1 0
1 -3
2 0
2 -3
3 0
3 -3
5 0
4 -7
13 -7
13 10
-2 10
9.0 1.0 10
-2 0
1 0
1 2
2 3
2 -1
-5 -1
-5 -12
10 -12
10 13
-2 13
10.0 1.0 6
-5 0
5 0
5 -10
9 -10
9 11
-5 11
40 1 11
-5 0
10 0
10 -10
20 0
20 -10
30 0
30 -10
40 0
100 0
100 50
-5 50
50 1 10
-5 0
40 0
40 -9
41 -9
41 -20
100 -20
100 36
36 36
36 100
-5 100
3 10 18
-3 0
2 0
10 1
9 6
7 8
-1 4
-2 4
-7 8
-4 3
-7 2
-6 -1
-9 -2
-8 -5
-3 -4
-2 -6
2 -5
3 -10
9 -8
360 10 100
-5 0
5 0
39 -13
25 -75
-24 -127
-72 -164
-71 -230
-59 -296
-51 -375
35 -465
63 -456
126 -396
189 -271
263 -270
368 -320
367 -387
310 -478
332 -533
386 -594
440 -610
537 -597
629 -542
676 -477
699 -404
673 -355
574 -336
502 -250
542 -197
618 -158
728 -78
833 -34
922 34
959 93
973 206
996 283
954 347
861 415
860 459
841 506
748 525
701 477
602 392
547 317
453 244
382 206
279 231
194 307
187 369
194 464
154 550
38 648
-75 711
-112 772
-105 831
-119 913
-208 931
-268 982
-341 978
-437 928
-536 854
-702 820
-769 875
-856 868
-930 694
-932 617
-926 431
-734 318
-605 267
-396 243
-280 190
-279 160
-508 119
-685 64
-849 27
-887 -49
-941 -144
-980 -197
-984 -296
-958 -327
-972 -416
-954 -507
-885 -514
-822 -414
-752 -334
-662 -278
-631 -410
-604 -500
-616 -574
-579 -696
-480 -840
-408 -887
-178 -960
18 -948
133 -964
207 -850
184 -740
110 -662
0 -607
-207 -550
-272 -482
0 0 0
