90.0 1.0 8
-20 0
50 0
50 -100
100 -100
100 0
150 0
150 120
-20 120
6.0 1.0 10
-2 0
3 0
4 3
4 0
7 0
7 9
2 9
1 6
1 9
-2 9
90.0 1.0 8
-20 0
20 0
20 -100
100 -100
100 0
150 0
150 120
-20 120
90.0 1.0 8
-20 0
20 0
10 -100
100 -100
100 0
150 0
150 120
-20 120
90.0 1.0 8
-20 0
20 0
30 -100
100 -100
100 0
150 0
150 120
-20 120
10.0 1.5 20
-2 0
1 0
1 -2
2 0
2 -2
3 0
3 -2
4 0
4 -2
5 0
6 0
7 -2
7 0
8 -2
8 0
9 -2
9 0
12 0
12 12
-2 12
2.0 2.0 8
-1 0
1 0
1 1
2 1
2 0
4 0
4 5
-1 5
3.0 2.0 8
-1 0
2 0
6 -2
2 -5
2 -10
10 -10
10 10
-1 10
10.0 2.0 7
-7 0
7 0
7 -3
10 -3
0 40
-10 -3
-7 -3
10.0 1.0 14
-5 0
5 0
5 -10
9 -10
9 15
7 15
7 11
8 10
7 9
6 9
5 10
6 11
6 15
-5 15
50 1 12
-5 0
50 0
50 -10
60 -10
60 -20
70 -20
70 -30
80 -30
80 -40
120 -40
120 60
-5 60
200 1 8
-50 0
173 0
173 280
300 280
300 400
0 400
0 280
-50 280
2.5 10 20
-2 0
9 0
6 2
7 5
3 4
4 9
1 8
-5 5
-2 3
-6 3
-10 5
-11 -1
-9 -1
-10 -4
-5 -3
-4 -3
-1 -10
4 -4
3 -11
5 -2
300 10 100
-5 0
2 0
50 -27
105 -73
95 -126
92 -222
66 -271
7 -333
-10 -409
-26 -494
-32 -646
2 -701
101 -803
219 -880
374 -928
555 -954
712 -948
793 -895
908 -770
944 -602
983 -351
944 -25
952 167
919 313
831 520
860 593
912 660
885 765
867 860
810 932
750 972
638 977
475 977
258 941
146 877
128 831
118 746
116 676
53 593
18 515
-41 488
-159 491
-196 534
-238 606
-248 707
-269 755
-334 844
-453 892
-565 896
-715 873
-796 821
-864 782
-917 700
-946 532
-961 451
-983 340
-941 214
-948 149
-932 47
-965 -12
-968 -71
-978 -127
-973 -191
-978 -279
-961 -370
-951 -435
-952 -477
-971 -565
-968 -670
-954 -739
-912 -784
-866 -834
-788 -875
-709 -918
-645 -944
-586 -937
-490 -921
-424 -896
-355 -853
-311 -826
-237 -752
-141 -657
-93 -544
-99 -511
-133 -452
-199 -396
-308 -324
-377 -324
-459 -288
-551 -240
-610 -158
-600 -83
-552 -21
-484 41
-401 113
-378 115
-341 123
-296 122
-248 98
-164 75
0 0 0
