183.851
97.125
154.464
36.738
200.267
84.646
143.438
212.911
1.375
131.438
242.285
225.892
112.122
152.25
144.515
2.5625
210.989
215.725
37.8125
145.812
242.232
189.875
83.8125
187.675
18.536
245.688
34.256
104.906
135.273
105.062
73.75
23.176
253.650
116.322
147.25
228.688
58.375
38.625
191.877
42.70
160.889
179.913
23.638
226.312
235.221
134.2
69.580
153.615
198.375
255.75
58.75
190.375
33.5
173.062
64.5
57.125
136.292
69.740
40.1875
164.562
94.625
214.963
247.625
14.496
195.40
160.979
212.188
231.149
106.185
185.279
170.312
149.562
204
205.964
129.312
233.278
123.248
234.062
224.479
232.875
187.34
214.938
227.812
6.3125
43.680
90.791
74.425
13.550
252.518
227.75
158.375
125.75
187.75
33.87
211.656
189.403
37.614
36
75.1875
156.562
53.82
177.706
9.301
57.0625
52.625
187.402
202.875
144.812
145.062
210.062
169.840
36.9375
187.75
161.125
217.935
56.460
33.6875
190.943
50.6875
47.625
220.562
176.630
11.877
0.6875
104.853
112.477
76.497
28.75
194.265
175.812
161.688
123.625
121.607
245.375
196.5
204.75
3.496
223.290
226.062
18.875
105.868
14.754
170.177
245.688
19.125
76.369
68.8125
203.153
96.875
173.688
194.688
127.425
140.75
90
9.966
63.73
161.688
161.25
166.248
35.3125
236.239
113.203
223.143
201.125
26.905
59.143
62.8125
91.8125
233.75
155.804
11.1875
135.924
250.581
166.25
139.812
189.286
195.314
250.25
65.1875
44.352
184.812
186.489
36
56.111
7.603
248.698
193
231.768
190.562
64.622
15.8125
105.116
95.5
6.4375
78.8125
213.375
20.789
79.691
53.5
147.5
218.5
124.704
29.8125
225.312
222.438
26.286
219.702
151.434
23.569
145.881
185.422
251.917
223.875
68.109
252.947
121.375
143.217
135.625
21.5625
105.438
246.25
229.438
66.138
53.988
209.240
64.851
76.796
233.499
33.0625
227.125
109.312
46.754
185.924
255.312
83.5
88.0625
142.408
49.5625
154.192
178.688
234.189
227.562
38.1875
184.188
252.953
114.312
201.508
227.318
19.258
109.843
87.59
74.304
113.938
151.32
57.232
95.374
234.762
179.224
201.125
235.800
153.623
28.262
60.178
145.312
142.904
66.667
249.562
89.221
41.83
163.313
42.25
240.812
255.938
15.304
97.236
104.955
56.395
54
236.75
137.5
226.186
160.533
87.3125
106.389
14.75
121.563
204.87
162.322
80
192.57
74.67
1.972
179.562
121.689
106.80
36.4375
15.875
185.664
217.681
26.129
230.938
244.627
191.282
249.542
89.9375
73.80
230.140
176.724
129.375
27.552
55.125
100.312
130.25
250.807
248.750
176.317
33.5625
230.312
12.692
205.342
190.5
7.73
153.25
199.375
189.932
160.438
107.75
9.499
183.13
113.963
151.5
108.75
158.931
178.359
124.951
243.479
199.391
84.614
40.3125
189.75
220.375
187.869
31.4375
160.188
38.283
4.410
97.941
119.890
104.856
210.562
64.25
42.625
36.961
3.782
54.875
163.438
247.864
222.625
223.375
169.396
102.850
151.998
200.375
138.562
180.683
253.139
14.370
4.822
65.947
167.842
92.211
0.700
29.9375
245.78
156.989
143.312
38.467
15.64
51.4375
246.562
91.459
114.27
120.625
162.405
43.930
184.125
18.588
189.688
50.5
164.111
116.427
24.760
120.625
29.944
248.125
27.25
243.875
58.625
34.25
180.26
22.6875
46.5625
216.4
95.75
18.286
212.938
169.472
165.562
25.625
202.758
184.938
18.125
97.3125
131.442
153.756
17.825
162.111
60.294
104.492
219.875
103.91
235.495
150.71
75.27
197.525
247.75
92.875
194.062
108.188
238.180
115.688
214.875
212.25
186.364
3.276
229.771
26.625
212.375
232.815
180.188
19.5625
177.062
230.562
72.1875
25.37
15.75
217.389
165.801
217.418
211.216
189.380
87.963
17.782
112.938
196.188
158.125
1.318
137.334
207.17
90.9375
108.188
110.562
70.25
132.375
190.362
24.1
40.68
90.375
65.3125
54.125
102.5
60
112.375
135.5
61.756
133.377
88.37
206.911
118.562
76.802
65.4375
230.668
20.870
221.938
162.812
253.308
32.42
70.1875
231.5
158.467
194.504
9.271
115.062
115.125
207.12
44.375
229.562
40.0625
42.257
159.276
202.734
188.942
85.720
93.848
41.6875
238.554
195.874
76.4375
242.188
211.300
127.5
117.871
117.875
0.5
28.695
14.5
230.199
217.688
200.625
206.69
80.625
142.516
190.536
135.125
112.438
165.875
180
81.3125
212.9
148.850
126.5
5.159
50.718
94.1875
245.438
110.812
83.355
225.993
200.688
91.385
10.9375
119.375
125.814
32.738
177.25
129.438
55.878
249.312
184.5
8.940
239.812
252.780
27.342
29.337
114.29
252.188
197.062
61.3125
145.335
57.678
95.375
52.1875
212.888
180.524
124.99
255.11
103.688
165.5
21.375
164.688
82.75
92.9375
149.37
161.955
111.25
213.25
217.062
105.190
122.200
182.375
175.562
222.562
58.625
150.812
167.410
237.469
63.8125
120.375
24.493
93.549
164.876
28.0625
186.451
53.4375
12.983
106.938
169.5
14.133
50.25
191.167
148
149.189
130.763
5.709
236.938
192.125
245.75
152.686
224.660
196.400
51.375
200.25
150.812
7.875
210.344
165.875
97.875
60.6875
89.75
194.508
229.551
65.25
116
161.288
17.687
219.159
111.149
164.5
18.1875
106.812
54.473
188.188
80.875
46.251
5.293
50.25
6.4
148.808
80.0625
133.545
55.25
139.125
4.617
69.241
31.5625
84.797
155.375
48.867
184.849
166.694
108.415
68.183
75.238
157.434
244.75
95.400
132.25
92.297
161.562
251.062
240.760
38.373
21.875
202.125
90.692
255.938
183.813
217.812
123.520
154.062
131.375
73.339
25.181
202.755
216.244
2.909
11.6875
184.337
110.438
111.106
61.10
252.188
225.062
65.75
86.125
207.341
162.875
20.1875
232.540
7.9375
22.592
43.700
190.625
229.312
164.125
211.977
154.54
129.2
143.662
198.312
251.29
179.562
166
181.606
11.958
120.281
93.597
121.375
2
153.2
205.174
131.188
75.535
158.621
84.374
190.562
75.702
204.5
11.4375
233.125
118.5
164.188
90.125
192.5
187.915
238.25
147.687
104.451
228.375
39.67
13.499
139.5
170.812
191.125
207.689
166.25
241.745
72.318
94.820
100.188
180.312
247.780
9.6875
237.156
107.712
110.680
180.748
244.375
245.194
121.560
188.938
192.188
77.833
103.456
62.331
191.794
193.334
161.964
120
230.9
139.062
83.706
247.528
69.6875
57.1875
32.142
63.142
222.875
131.462
97.687
139.75
219.516
141
71.5
11.973
180.375
78.375
113.5
117.775
123.062
2.664
148.504
76.376
210
122.963
89.8125
168.562
92.8125
0.625
177.375
22.1
217.338
30.32
238.625
28.641
209.688
85.5
178.812
76.196
135.699
172.169
185.062
21.648
18.3125
52.553
71.948
253.125
172.438
95.488
37.20
94.423
186.312
51.110
227.562
146.688
107.487
132.491
193.625
220.875
176.867
112.125
131.600
46.608
98.1875
108.312
122.625
20.75
40.25
78.269
140.25
109.791
59.299
73.265
160.262
142.79
237.688
209.25
20.375
15.908
131.998
185.688
48.129
74.819
234
139.375
35.734
145.13
164.125
241.12
229.41
107.75
55.642
175.573
92.373
213.312
220.482
162.875
251.602
218.938
105.948
194.717
11.375
94.1875
1.723
107.062
110.516
16.5625
172.688
12.354
122.5
235.85
122.105
178
96.627
127.438
202.342
233
143.812
216.875
241.688
79.163
110.441
93.694
37.882
231.901
174.25
145.938
97.252
58.4375
66
186.994
242.426
83.249
11.9375
10.625
85.159
90.597
5.5625
174.312
139.647
209.375
227.796
252.639
12.9375
224.903
107.972
79.107
37
219.89
7.588
110.87
73.158
108.25
202.938
218.790
7.9375
193.125
220.723
130.53
212.147
8.0625
254.483
76.704
190.062
162.130
8.625
197.370
46.625
242.32
92.75
91.312
179.629
111.125
208.886
97.625
87.164
187.875
227.750
199.5
247.164
13.124
125.816
90.4375
135.737
54.210
111.106
153.688
91.625
234
27.375
40.185
60.6875
93.8125
74.125
36.136
214.534
208
203.75
29.22
149.688
132.256
19.790
95.625
53.3125
52.317
5.337
150.600
99.506
201.498
231.75
132.863
66.3125
36.797
161.562
140.902
197.125
120.75
163.625
224.212
206.625
173.625
48.5
235.875
221.125
44.5
208.155
50.270
121.875
192.680
13.875
247.75
48.125
161.938
147.885
142.925
104.332
110.625
222.626
61.254
186.630

23.5
158.1
-1.0
