NA
01100001.0010
NA
NA
NA
NA
NA
NA
00000001.0110
NA
NA
NA
NA
10011000.0100
NA
00000010.1001
NA
NA
00100101.1101
NA
NA
10111101.1110
01010011.1101
NA
NA
NA
NA
NA
NA
NA
01001001.1100
NA
NA
NA
10010011.0100
NA
00111010.0110
00100110.1010
NA
NA
NA
NA
NA
NA
NA
NA
NA
NA
11000110.0110
11111111.1100
00111010.1100
10111110.0110
00100001.1000
NA
01000000.1000
00111001.0010
NA
NA
00101000.0011
NA
01011110.1010
NA
11110111.1010
NA
NA
NA
NA
NA
NA
NA
NA
NA
11001100.0000
NA
NA
NA
NA
NA
NA
11101000.1110
NA
NA
NA
00000110.0101
NA
NA
NA
NA
NA
11100011.1100
10011110.0110
01111101.1100
10111011.1100
NA
NA
NA
NA
00100100.0000
01001011.0011
NA
NA
NA
NA
00111001.0001
00110100.1010
NA
11001010.1110
NA
NA
NA
NA
00100100.1111
10111011.1100
10100001.0010
NA
NA
00100001.1011
NA
00110010.1011
00101111.1010
NA
NA
NA
00000000.1011
NA
NA
NA
00011100.1100
NA
NA
NA
01111011.1010
NA
11110101.0110
11000100.1000
11001100.1100
NA
NA
NA
00010010.1110
NA
NA
NA
NA
00010011.0010
NA
01000100.1101
NA
01100000.1110
NA
NA
NA
10001100.1100
01011010.0000
NA
NA
NA
10100001.0100
NA
00100011.0101
NA
NA
NA
11001001.0010
NA
NA
00111110.1101
01011011.1101
11101001.1100
NA
00001011.0011
NA
NA
10100110.0100
NA
NA
NA
11111010.0100
01000001.0011
NA
NA
NA
00100100.0000
NA
NA
NA
11000001.0000
NA
NA
NA
00001111.1101
NA
01011111.1000
00000110.0111
01001110.1101
11010101.0110
NA
NA
00110101.1000
10010011.1000
11011010.1000
NA
00011101.1101
NA
NA
NA
NA
NA
NA
NA
NA
NA
11011111.1110
NA
NA
01111001.0110
NA
10000111.1010
00010101.1001
NA
11110110.0100
NA
NA
NA
NA
NA
NA
NA
00100001.0001
11100011.0010
NA
NA
NA
NA
01010011.1000
01011000.0001
NA
00110001.1001
NA
NA
NA
NA
00100110.0011
NA
NA
NA
NA
NA
NA
NA
NA
NA
NA
NA
NA
NA
NA
NA
11001001.0010
NA
NA
NA
NA
NA
NA
NA
NA
NA
NA
NA
00101010.0100
NA
NA
NA
NA
NA
NA
00110110.0000
11101100.1100
10001001.1000
NA
NA
01010111.0101
NA
00001110.1100
NA
NA
NA
01010000.0000
NA
NA
NA
NA
NA
NA
00100100.0111
00001111.1110
NA
NA
NA
NA
NA
NA
NA
01011001.1111
NA
NA
NA
10000001.0110
NA
00110111.0010
NA
10000010.0100
NA
11111000.1100
NA
00100001.1001
NA
NA
NA
10111110.1000
NA
10011001.0100
11000111.0110
NA
NA
01101011.1100
NA
NA
NA
10010111.1000
01101100.1100
NA
NA
NA
NA
NA
NA
00101000.0101
10111101.1100
11011100.0110
NA
00011111.0111
NA
NA
NA
NA
NA
NA
NA
01000000.0100
00101010.1010
NA
NA
00110110.1110
NA
NA
11011110.1010
11011111.0110
NA
NA
NA
11001000.0110
NA
NA
NA
NA
NA
NA
NA
NA
NA
00011101.1111
NA
NA
NA
NA
NA
00110011.0111
NA
NA
NA
01111000.1010
NA
NA
10111000.0010
NA
NA
00110010.1000
NA
NA
NA
01111000.1010
NA
11111000.0010
00011011.0100
11110011.1110
00111010.1010
00100010.0100
NA
00010110.1011
00101110.1001
NA
01011111.1100
NA
NA
NA
NA
00011001.1010
NA
NA
00010010.0010
01100001.0101
NA
NA
NA
NA
NA
NA
11011011.1110
NA
NA
NA
NA
NA
11110111.1100
01011100.1110
NA
NA
NA
NA
11010110.1110
11010100.0100
NA
NA
NA
00011010.1010
11010100.0110
NA
NA
00010011.1001
NA
NA
01001000.0011
NA
00001111.1100
NA
NA
NA
NA
NA
NA
NA
NA
NA
10011110.0010
NA
NA
NA
01011010.1111
NA
NA
01000110.0100
10000100.0110
NA
NA
NA
01011010.0110
01000001.0101
00110110.0010
01100110.1000
00111100.0000
01110000.0110
10000111.1000
NA
NA
NA
NA
NA
NA
01000001.0111
NA
NA
NA
NA
NA
NA
01000110.0011
11100111.1000
NA
NA
NA
NA
01110011.0010
NA
00101100.0110
NA
00101000.0001
NA
NA
NA
NA
NA
NA
00101001.1011
NA
NA
01001100.0111
NA
NA
01111111.1000
NA
01110101.1110
00000000.1000
NA
00001110.1000
NA
NA
11001000.1010
NA
01010000.1010
NA
NA
10000111.0010
NA
10100101.1110
10110100.0000
01010001.0101
NA
NA
01111110.1000
NA
NA
01011110.0011
NA
NA
NA
NA
NA
NA
00001010.1111
01110111.0110
NA
NA
10110001.0100
NA
NA
NA
10111000.1000
NA
NA
NA
NA
NA
NA
NA
NA
00111101.0101
NA
NA
01011111.0110
00110100.0011
NA
NA
NA
NA
NA
10100101.1000
00010101.0110
NA
01010010.1100
01011100.1111
NA
NA
01101111.0100
11010101.0100
NA
NA
NA
10110110.0110
NA
NA
00111010.1010
NA
NA
NA
00111111.1101
01111000.0110
NA
NA
NA
00011100.0001
NA
00110101.0111
NA
NA
10101001.1000
NA
00110010.0100
NA
10010100.0000
NA
NA
NA
NA
11000000.0010
11110101.1100
NA
NA
NA
00110011.0110
11001000.0100
NA
00000111.1110
NA
10100101.1110
01100001.1110
00111100.1011
01011001.1100
NA
NA
01000001.0100
01110100.0000
NA
NA
NA
NA
10100100.1000
00010010.0011
NA
NA
NA
01010000.1110
NA
NA
00110010.0100
NA
NA
01010000.0001
NA
00110111.0100
10001011.0010
NA
NA
00011111.1001
NA
10011011.0110
NA
NA
NA
NA
NA
NA
NA
11110100.1100
NA
10000100.0100
NA
NA
NA
NA
NA
00010101.1110
11001010.0010
NA
NA
NA
NA
NA
NA
10000011.0110
NA
NA
NA
NA
NA
00001011.1011
NA
NA
NA
NA
NA
NA
01000001.1100
01010110.0010
NA
10100010.1110
00010100.0011
NA
00000111.1111
NA
NA
10111110.1010
NA
10100100.0010
NA
NA
NA
NA
NA
NA
NA
10100110.0000
NA
NA
NA
NA
01111001.0110
00000010.0000
NA
NA
NA
NA
NA
NA
NA
NA
11001100.1000
00001011.0111
11101001.0010
01110110.1000
NA
01011010.0010
11000000.1000
NA
11101110.0100
NA
NA
11100100.0110
NA
NA
10001011.1000
NA
10111111.0010
NA
10100110.0100
NA
NA
NA
NA
NA
NA
00001001.1011
NA
NA
NA
NA
11110100.0110
NA
NA
NA
NA
NA
NA
NA
NA
NA
NA
01111000.0000
NA
NA
NA
NA
01000101.1011
00111001.0011
NA
NA
11011110.1110
NA
NA
10001011.1100
NA
10001101.0000
01000111.1000
NA
10110100.0110
01001110.0110
01110001.1000
NA
NA
NA
NA
NA
11010010.0000
NA
01011001.1101
NA
01011100.1101
00000000.1010
10110001.0110
NA
NA
NA
11101110.1010
NA
NA
01010101.1000
NA
NA
NA
NA
NA
NA
00010010.0101
NA
NA
11111101.0010
NA
NA
NA
NA
NA
NA
NA
NA
NA
NA
11000001.1010
11011100.1110
NA
01110000.0010
NA
NA
01100010.0011
NA
01111010.1010
00010100.1100
00101000.0100
NA
10001100.0100
NA
NA
NA
NA
NA
NA
11010001.0100
00010100.0110
NA
NA
NA
NA
NA
11101010.0000
10001011.0110
NA
NA
10100100.0010
NA
NA
01101011.1100
NA
NA
NA
NA
NA
10100010.1110
NA
NA
NA
NA
00001011.0110
01011110.0011
NA
NA
NA
00010000.1001
NA
NA
01111010.1000
NA
NA
10110010.0000
NA
NA
NA
11101001.0000
NA
11011000.1110
NA
NA
NA
NA
NA
NA
10101110.0100
NA
NA
00111010.0111
01000010.0000
NA
NA
NA
00001011.1111
00001010.1010
NA
NA
00000101.1001
NA
NA
11010001.0110
NA
NA
00001100.1111
NA
NA
NA
00100101.0000
NA
NA
NA
NA
01101100.0100
NA
NA
00000111.1111
11000001.0010
NA
NA
NA
00001000.0001
NA
NA
NA
NA
00001000.1010
NA
00101110.1010
NA
01011100.1100
NA
NA
01101111.0010
NA
01100001.1010
NA
10111011.1110
11100011.1100
11000111.1000
NA
NA
NA
01011010.0111
NA
NA
NA
NA
01011011.1010
11101010.0000
00011011.0110
NA
00111100.1011
01011101.1101
01001010.0010
NA
NA
11010000.0000
11001011.1100
NA
NA
NA
NA
01011111.1010
00110101.0101
NA
NA
NA
NA
NA
11100111.1100
NA
01000010.0101
NA
NA
NA
11000101.0010
01111000.1100
10100011.1010
NA
11001110.1010
10101101.1010
00110000.1000
11101011.1110
11011101.0010
00101100.1000
NA
NA
01111001.1110
NA
00001101.1110
11110111.1100
00110000.0010
NA
NA
NA
NA
01101110.1010
NA
NA
NA
00010111.1000
NA
