100
84 5 86 10 15 75 4
5 1 20
17 2 32 48
42 1 4
31 4 27 14 28 100
25 5 80 43 62 6 93
80 3 25 22 69
18 3 5 40 30
71 4 87 47 81 35
87 1 24
50 1 97
68 3 79 39 11
9 3 31 92 45
56 0
86 1 50
37 4 41 61 19 99
97 2 40 52
49 3 14 20 58
79 6 84 97 32 59 67 45
22 1 89
32 2 1 52
43 4 33 53 40 94
12 2 67 26
21 4 68 44 4 89
24 3 92 20 70
41 2 49 63
62 4 12 33 59 64
88 3 56 82 100
46 3 97 91 58
10 5 80 39 54 66 75
39 4 12 23 60 7
92 1 34
33 1 42
61 2 68 77
72 4 42 1 3 83
34 0
59 3 49 20 63
19 2 17 56
96 2 93 94
54 3 88 61 30
67 5 72 93 73 48 4
51 4 31 87 12 24
27 2 50 6
74 4 49 47 2 13
53 3 39 72 45
78 1 32
26 5 59 93 69 4 52
82 2 29 69
14 0
1 3 18 97 90
11 3 27 14 29
6 5 96 15 45 20 35
29 1 85
57 3 25 79 23
95 2 67 1
23 5 25 46 1 57 100
93 2 29 3
40 1 7
15 1 55
45 1 97
73 3 87 32 38
16 3 84 46 1
99 4 80 53 6 45
66 1 72
76 0
20 2 86 27
91 2 79 27
44 3 79 91 55
47 3 42 15 83
94 8 84 71 39 34 59 16 28 7
30 2 82 13
2 1 10
75 3 88 27 58
77 3 87 67 23
70 5 43 41 62 64 60
90 3 88 99 28
48 4 9 74 66 89
69 5 49 21 41 62 98
64 4 86 96 57 3
38 1 82
3 3 39 100 58
85 3 11 83 60
4 7 84 62 67 14 38 89 8
98 3 18 77 90
28 1 96
63 3 70 90 100
36 3 21 19 29
89 2 38 13
81 3 9 12 98
35 2 71 97
83 2 88 16
100 4 19 26 82 75
60 6 9 86 82 11 93 52
52 1 20
65 4 61 72 74 47
8 1 64
7 3 27 81 58
58 4 88 6 70 35
13 5 56 79 46 34 19
55 2 43 74
1000
10 41 4
64 26 4
51 40 4
62 26 0
100 4 3
54 78 10000
49 33 3
99 77 1
35 24 1
94 28 3
4 67 4
73 85 7
47 40 3
14 60 10000
59 73 9
84 81 5
98 90 2
49 91 9
16 79 4
99 62 3
53 80 2
44 5 2
80 81 7
16 41 5
52 61 11
45 73 7
84 34 5
74 22 6
23 61 5
87 97 6
26 62 1
52 42 10
69 22 2
12 59 4
46 9 2
50 18 5
16 96 6
98 53 4
47 12 1
89 51 10000
55 66 3
76 32 10000
35 53 3
29 19 2
91 62 7
98 34 6
76 46 10000
38 81 8
6 41 5
55 20 5
9 12 9
7 24 4
72 58 4
59 38 3
85 36 10000
58 63 5
94 43 3
70 73 2
22 28 7
79 51 10000
98 81 7
68 76 10000
1 33 3
33 68 5
86 72 9
28 86 7
98 94 4
84 32 1
57 83 6
92 18 10000
20 68 11
73 30 5
12 27 1
61 51 10000
9 4 5
19 85 8
13 75 4
54 37 10000
92 94 10000
33 37 10000
16 42 3
71 10 6
91 9 3
15 96 6
45 46 9
25 48 2
7 29 5
89 96 7
15 96 3
70 77 7
27 26 8
19 78 10000
75 21 4
76 52 10000
28 58 4
87 5 5
83 91 5
24 72 7
26 73 6
35 2 4
46 36 10000
71 73 4
12 59 0
3 44 2
100 59 2
78 22 4
75 100 4
76 25 10000
47 54 7
71 37 10000
91 47 5
35 17 7
43 24 4
2 86 3
77 35 2
64 90 4
90 63 5
49 82 3
64 90 7
41 98 7
85 38 4
72 13 6
5 97 2
72 70 3
16 36 10000
95 7 1
9 57 7
55 83 6
41 3 2
39 64 6
26 97 7
90 64 4
9 78 10000
47 88 3
41 88 5
68 36 10000
26 1 2
25 2 7
35 94 9
14 2 10000
72 21 8
87 66 5
12 61 4
82 50 7
39 51 10000
27 69 5
82 39 2
4 36 10000
75 31 3
4 35 7
87 76 10000
57 82 5
10 79 5
33 99 8
45 6 7
96 37 10000
45 75 7
25 54 8
8 38 8
71 51 10000
87 82 4
87 29 3
64 57 0
23 12 2
30 100 7
2 72 5
43 8 1
95 78 10000
13 18 6
100 12 4
94 99 6
3 50 5
39 75 2
1 84 6
19 71 10
90 40 7
70 28 1
34 12 10000
52 43 6
57 95 10000
58 63 3
93 9 2
36 18 2
89 84 2
61 51 10000
85 30 4
46 33 2
81 26 0
6 86 5
43 18 1
19 21 8
57 38 2
67 21 5
46 57 3
97 5 3
94 65 10000
20 81 3
55 7 3
93 34 4
17 75 4
5 87 3
32 72 3
70 35 2
15 9 4
31 70 7
52 86 5
8 56 4
72 75 0
92 68 10000
61 29 0
71 29 7
71 76 10000
59 41 2
96 87 6
6 49 1
12 82 4
86 82 5
66 97 3
45 39 10
100 2 7
93 10 8
58 13 4
73 86 6
44 43 1
96 53 6
54 89 6
2 58 3
63 19 0
65 77 0
43 50 5
53 49 2
64 26 1
11 54 9
71 67 1
90 77 3
97 40 4
5 49 9
3 11 2
42 100 3
84 55 0
97 35 4
29 12 3
89 13 2
49 44 9
1 92 8
64 72 5
73 42 3
64 47 4
50 9 4
74 45 1
1 23 7
11 71 5
2 12 0
70 6 3
100 8 2
95 55 2
21 33 4
59 12 4
15 31 6
31 12 2
29 61 5
73 57 2
26 53 8
24 81 7
59 75 5
87 29 4
68 74 4
66 52 5
79 90 3
33 49 8
75 51 10000
82 3 2
51 33 6
81 37 10000
74 79 0
55 2 1
47 4 0
1 65 10000
24 68 5
41 37 10000
1 71 2
64 35 5
5 67 8
17 58 4
55 14 2
23 12 1
44 58 7
61 72 5
83 69 1
84 29 3
88 63 2
78 15 7
39 16 3
27 5 4
15 36 10000
94 11 6
15 18 8
37 2 6
91 10 4
73 1 1
76 94 10000
84 7 3
23 9 6
36 17 4
35 78 10000
40 14 7
99 88 5
70 97 7
62 77 6
68 25 1
34 55 10000
20 85 5
36 40 6
68 77 4
100 54 7
15 38 5
44 43 1
52 3 7
79 60 3
34 48 10000
99 85 7
67 75 2
70 71 1
86 19 5
77 37 10000
15 98 9
44 100 5
81 89 4
9 59 4
20 52 2
84 35 5
42 9 6
31 25 4
51 20 4
52 78 10000
16 64 6
10 49 6
8 69 8
24 73 7
59 20 0
8 58 0
82 50 8
87 58 6
30 48 1
83 27 1
26 65 10000
68 5 2
6 69 4
39 2 7
32 35 6
50 35 6
58 85 5
60 46 8
96 57 2
42 80 1
34 44 10000
79 5 2
4 98 5
96 68 5
11 49 8
23 5 2
39 91 0
27 56 4
5 67 11
91 3 3
69 2 6
94 67 1
78 16 8
21 82 1
56 95 10000
38 15 5
39 89 4
27 15 0
61 81 5
25 28 6
37 55 7
62 7 7
96 10 0
85 100 1
39 56 7
76 60 10000
84 100 2
36 7 2
35 28 7
52 14 9
88 8 5
35 70 3
95 69 6
88 31 4
86 39 11
92 31 10000
82 47 7
60 52 0
65 99 2
90 26 2
22 3 3
9 28 5
42 3 6
46 52 4
80 75 5
89 37 10000
46 47 1
64 3 1
43 96 4
31 77 3
61 59 5
7 25 3
45 46 11
32 69 5
12 33 5
12 30 8
23 93 0
82 90 1
79 23 6
42 11 7
31 11 3
10 60 0
48 3 6
58 61 9
18 3 9
91 18 2
98 97 1
83 9 8
18 99 9
9 27 0
15 26 9
24 6 1
50 81 5
89 78 10000
100 28 2
6 74 2
15 86 8
70 82 1
18 87 5
44 6 3
24 70 4
74 48 4
58 18 2
66 68 8
59 44 8
40 59 6
71 40 6
95 21 5
5 61 11
17 68 9
87 88 3
65 32 5
7 15 5
26 62 2
38 45 5
11 7 4
65 20 6
14 88 10000
60 99 5
15 80 3
26 51 10000
27 57 9
62 96 1
67 98 3
5 54 10
21 14 4
14 66 10000
10 56 5
19 83 4
86 53 7
29 97 4
94 55 1
6 56 5
58 28 5
36 16 4
97 16 8
79 35 7
70 89 4
42 90 3
53 13 3
9 63 8
77 91 6
59 1 3
29 62 3
43 11 7
72 91 6
64 49 4
83 11 2
15 23 7
32 58 6
91 9 1
10 79 5
85 34 6
5 95 10000
58 98 4
91 53 6
32 5 2
49 80 4
89 51 10000
34 4 10000
63 66 2
96 40 6
84 35 2
62 84 3
65 11 4
18 54 5
98 29 3
72 64 4
54 18 5
44 89 7
69 75 7
27 93 5
40 78 10000
19 8 5
56 57 10000
11 84 4
6 33 4
24 85 8
58 57 6
87 52 4
5 12 5
3 13 3
45 75 4
11 86 1
43 35 4
36 30 6
45 6 6
79 42 5
5 16 5
45 18 9
64 21 4
62 33 0
87 40 7
78 29 4
86 11 6
51 61 5
15 93 7
22 34 2
79 33 4
15 64 3
8 80 1
86 98 9
34 7 10000
47 70 8
39 29 5
77 71 4
73 68 2
15 86 8
33 70 6
53 5 2
66 76 10000
89 23 3
100 76 10000
77 51 10000
97 83 4
87 16 4
30 56 5
44 32 2
9 32 8
60 46 4
33 75 3
2 88 5
16 25 1
82 76 10000
55 86 7
63 49 1
58 13 3
68 28 7
67 14 4
15 68 7
58 42 7
15 79 3
84 54 1
37 75 2
17 23 5
91 2 3
62 6 7
30 3 7
76 6 10000
31 85 4
37 56 4
38 31 6
27 32 9
15 39 3
61 97 1
94 100 3
51 76 10000
94 85 7
11 79 7
62 55 8
7 81 3
87 61 7
39 95 10000
3 80 1
37 21 3
55 18 8
44 43 4
55 42 3
1 79 5
11 55 3
47 58 5
52 73 8
92 3 10000
84 82 2
31 89 2
37 61 1
48 2 3
29 56 3
89 23 7
85 49 4
60 69 0
93 83 1
95 35 7
97 80 4
12 36 10000
34 23 10000
44 63 3
5 4 4
67 14 5
45 22 11
9 34 4
59 56 4
35 80 5
58 29 3
30 55 2
28 57 6
3 51 10000
79 52 1
100 48 2
4 95 10000
82 59 6
34 29 10000
88 32 2
58 85 4
47 85 7
22 54 9
95 83 6
93 10 8
17 16 7
64 33 5
88 30 2
83 21 7
60 17 3
4 32 5
42 84 2
50 66 5
81 80 4
51 49 6
96 44 10
99 22 0
51 68 2
87 61 5
23 24 6
24 49 1
17 19 5
70 63 4
20 88 5
22 49 7
1 25 2
18 17 5
15 88 4
80 81 8
27 18 4
19 46 4
93 13 7
16 62 5
87 73 8
39 46 2
37 85 2
31 65 10000
18 86 0
95 57 5
19 38 1
71 79 3
7 34 7
6 13 6
25 63 2
42 79 1
96 47 0
36 10 2
3 1 2
53 66 5
72 76 10000
65 70 4
28 20 3
76 77 10000
37 52 7
10 27 4
44 81 6
96 85 2
89 56 4
13 59 1
66 63 5
27 85 6
73 12 6
81 8 4
66 36 10000
78 94 7
11 74 7
10 61 0
61 43 1
34 38 10000
25 85 0
15 56 1
57 99 1
92 57 10000
19 51 10000
53 87 2
64 97 6
9 73 8
47 89 5
43 99 8
72 93 3
96 71 4
98 12 7
86 72 6
38 83 2
4 64 5
37 28 1
41 71 6
30 15 7
50 21 6
59 6 6
52 81 5
92 8 10000
54 51 10000
41 25 3
51 61 6
56 94 10000
47 40 5
45 61 9
75 73 4
47 45 6
29 88 2
14 22 10000
68 57 4
37 17 0
45 5 6
75 47 2
40 84 3
7 8 4
3 49 7
98 20 5
27 8 3
73 90 1
47 70 2
81 44 2
94 61 3
9 65 10000
1 79 4
5 42 10
77 3 0
94 86 4
45 94 7
57 42 2
70 6 1
17 86 2
29 31 5
14 42 10000
26 87 6
36 40 2
41 100 3
50 65 10000
31 83 8
33 28 9
32 73 9
86 36 10000
66 15 3
89 83 2
62 4 3
29 31 6
52 53 10
12 71 4
18 42 9
54 96 3
82 91 7
60 59 5
86 71 10
23 42 5
100 62 0
40 17 5
95 26 4
8 34 1
24 25 2
65 18 4
40 47 4
15 2 1
63 94 1
34 23 10000
11 50 0
45 17 5
53 64 5
96 88 4
54 74 7
89 7 5
49 92 8
83 96 4
28 54 7
50 52 5
80 30 3
34 84 10000
69 50 2
36 40 2
38 20 5
26 78 10000
4 25 5
27 24 8
31 98 1
28 16 4
1 89 4
66 21 6
100 77 6
14 22 10000
82 38 1
37 64 1
35 40 5
98 59 5
100 82 0
73 48 7
54 34 6
8 99 5
35 57 8
88 38 1
51 33 7
20 26 7
98 82 6
89 64 4
38 6 3
96 48 5
2 1 4
97 21 9
46 91 0
75 74 4
7 81 0
69 31 7
89 90 3
67 81 7
41 7 7
12 76 10000
67 4 1
28 73 7
72 52 5
86 55 8
37 43 7
90 37 10000
94 85 2
64 51 10000
25 59 4
94 65 10000
96 82 2
63 14 7
65 20 6
10 11 2
64 28 0
38 98 2
29 95 10000
78 68 9
1 11 8
33 25 3
48 37 10000
82 57 6
64 56 2
70 76 10000
36 81 7
37 77 4
23 48 7
44 93 0
75 93 5
43 70 7
40 99 6
23 76 10000
66 58 2
85 22 6
74 16 3
8 43 2
56 39 10000
58 21 3
36 82 6
34 82 10000
92 7 10000
89 88 5
94 21 7
1 78 10000
3 96 1
15 3 2
89 34 3
22 40 7
55 75 5
52 72 6
48 74 0
85 36 10000
45 19 10
69 39 4
4 40 6
15 73 3
44 85 4
90 66 7
5 58 10
90 70 2
34 87 10000
19 91 5
69 35 5
37 46 2
3 23 0
73 14 7
32 80 6
43 21 6
6 46 5
34 23 10000
59 9 7
33 25 8
9 21 7
71 82 4
61 80 2
5 45 5
60 59 3
47 87 4
6 11 5
32 86 5
59 4 6
33 62 5
74 45 0
22 48 7
28 50 7
1 87 5
81 79 5
7 71 3
89 74 4
18 73 4
12 99 3
7 6 0
9 49 7
66 80 7
56 14 10000
70 83 4
91 14 3
12 62 1
69 79 0
70 20 3
74 21 7
25 14 5
16 47 8
53 34 8
51 66 5
17 23 6
26 98 0
28 20 4
75 95 10000
54 95 10000
16 29 3
63 99 5
34 18 10000
17 68 8
50 62 9
38 14 5
83 43 6
15 37 10000
53 55 3
68 36 10000
52 36 10000
90 6 5
8 40 7
9 26 0
4 25 6
73 85 5
51 25 2
9 13 4
14 15 10000
29 25 10
62 6 2
3 37 10000
22 66 6
43 86 4
18 93 3
99 15 4
1 63 8
28 23 3
42 78 10000
47 19 1
47 23 5
43 66 5
43 79 4
53 96 3
59 21 3
87 3 7
54 41 2
51 72 5
78 45 8
46 92 3
8 47 6
25 95 10000
91 35 4
23 62 0
98 47 5
22 54 4
7 87 2
42 6 4
26 85 2
50 13 7
33 86 6
29 38 8
86 29 10
16 34 3
21 38 4
15 79 2
