6 10 4
0 1 1
0 2 1
1 2 5
1 3 2
1 4 1
2 4 2
2 3 2
3 4 1
3 5 1
4 5 2
1
2
3
4
7 12 5
0 1 1
0 2 1
1 2 2
1 3 1
1 4 3
2 3 1
2 5 4
3 4 1
3 5 1
4 5 1
4 6 1
5 6 1
1
2
3
4
5
8 15 6
0 1 1
0 2 3
0 3 2
1 2 2
1 5 7
2 5 3
2 4 2
2 6 5
2 3 1
3 6 2
4 5 1
4 6 1
4 7 3
5 7 2
6 7 10
1
2
3
4
5
6
7 12 5
0 1 1
0 2 2
1 2 4
1 3 1
1 4 1
2 4 3
2 5 10
3 4 1
3 6 1
4 5 8
4 6 1
5 6 2
1
2
3
4
5
10 18 8
0 1 3
0 2 1
1 2 2
1 3 2
1 4 10
2 4 3
2 5 3
3 4 21
3 6 3
3 8 2
4 5 8
4 6 4
5 7 4
6 8 3
6 7 9
6 9 2
7 9 2
8 9 13
1
2
3
4
5
6
7
8
26 48 24
0 1 1
0 2 1
1 3 1
1 4 1
2 3 1
2 4 1
3 5 1
3 6 1
4 5 1
4 6 1
5 7 1
5 8 1
6 7 1
6 8 1
7 9 1
7 10 1
8 9 1
8 10 1
9 11 1
9 12 1
10 11 1
10 12 1
11 13 1
11 14 1
12 13 1
12 14 1
13 15 1
13 16 1
14 15 1
14 16 1
15 17 1
15 18 1
16 17 1
16 18 1
17 19 1
17 20 1
18 19 1
18 20 1
19 21 1
19 22 1
20 21 1
20 22 1
21 23 1
21 24 1
22 23 1
22 24 1
23 25 1
24 25 1
1
2
3
4
5
6
7
8
9
10
11
12
13
14
15
16
17
18
19
20
21
22
23
24
0 0 0
