1.0

0.5
0.5

0.75
0.25
0.75
0.5

0.5
0.5
1.0
0.5
0.5

0.2727272727272727
0.8181818181818182
0.45454545454545453
0.7272727272727273
0.6363636363636364
0.18181818181818182

1.0
0.0
0.5
0.5
0.0

0.5
0.75
0.5
0.25
0.25
0.75
0.25
0.0

0.5
0.5
0.5
0.5
0.5
0.5
0.5
0.5
0.5
0.5
0.5
0.5
0.5
0.5
0.5
0.5
0.5
0.5
0.5
0.5
0.5
0.5
0.5
0.5

1.0
0.3333333333333333
0.6666666666666666
0.16666666666666666
0.3333333333333333
1.0
0.0
0.16666666666666666
0.3333333333333333
0.3333333333333333
0.3333333333333333
0.3333333333333333
0.6666666666666666
0.0

0.5
0.16666666666666666
0.5
0.6666666666666666
0.5
0.16666666666666666
0.5

0.5
0.5

0.5
0.5
0.5

0.5
0.5
0.5
0.5

0.5
0.5
0.5
0.5
0.5

0.5
0.5
0.5
0.5
0.5
0.5
0.5
0.5
0.5
0.5
0.5
0.5
0.5
0.5
0.5
0.5
0.5
0.5
0.5
0.5
0.5
0.5
0.5
0.5
0.5
0.5
0.5
0.5
0.5
0.5
0.5
0.5
0.5
0.5
0.5
0.5
0.5
0.5
0.5
0.5
0.5
0.5
0.5
0.5
0.5
0.5
0.5
0.5
0.5
0.5
0.5
0.5
0.5
0.5
0.5
0.5
0.5
0.5
0.5
0.5
0.5
0.5
0.5
0.5
0.5
0.5
0.5
0.5
0.5
0.5
0.5
0.5
0.5
0.5
0.5
0.5
0.5
0.5
0.5
0.5
0.5
0.5
0.5
0.5
0.5
0.5
0.5
0.5
0.5
0.5
0.5
0.5
0.5
0.5
0.5
0.5
0.5

0.5
0.5
0.5
0.5
0.5
0.5
0.5
0.5
0.5
0.5
0.5
0.5
0.5
0.5
0.5
0.5
0.5
0.5
0.5
0.5
0.5
0.5
0.5
0.5
0.5
0.5
0.5
0.5
0.5
0.5
0.5
0.5
0.5
0.5
0.5
0.5
0.5
0.5
0.5
0.5
0.5
0.5
0.5
0.5
0.5
0.5
0.5
0.5
0.5
0.5
0.5
0.5
0.5
0.5
0.5
0.5
0.5
0.5
0.5
0.5
0.5
0.5
0.5
0.5
0.5
0.5
0.5
0.5
0.5
0.5
0.5
0.5
0.5
0.5
0.5
0.5
0.5
0.5
0.5
0.5
0.5
0.5
0.5
0.5
0.5
0.5
0.5
0.5
0.5
0.5
0.5
0.5
0.5
0.5
0.5
0.5
0.5
0.5

0.2727272727272727
0.5454545454545454
0.18181818181818182
0.09090909090909091
0.18181818181818182
0.2727272727272727
0.36363636363636365
0.18181818181818182
0.36363636363636365
0.18181818181818182
0.36363636363636365

