1.00000000
1.00000000

1.00000000
0.75000000
0.25000000
0.75000000
0.50000000
1.00000000

1.00000000
0.50000000
0.50000000
1.00000000
0.50000000
0.50000000
1.00000000

1.00000000
0.27272727
0.81818182
0.45454545
0.72727273
0.63636364
0.18181818
1.00000000

1.00000000
1.00000000
0.00000000
0.50000000
0.50000000
0.00000000
1.00000000

1.00000000
0.50000000
0.75000000
0.50000000
0.25000000
0.25000000
0.75000000
0.25000000
0.00000000
1.00000000

1.00000000
0.50000000
0.50000000
0.50000000
0.50000000
0.50000000
0.50000000
0.50000000
0.50000000
0.50000000
0.50000000
0.50000000
0.50000000
0.50000000
0.50000000
0.50000000
0.50000000
0.50000000
0.50000000
0.50000000
0.50000000
0.50000000
0.50000000
0.50000000
0.50000000
1.00000000

