77
10 47
1 60
88 118
84 85
55 9
23 91
14 2
87 91
68 105
25 28
86 83
59 14
87 30
46 36
53 31
89 73
62 89
71 7
9 39
49 26
80 6
6 33
36 12
112 55
82 66
52 75
98 113
83 6
27 56
7 107
17 73
40 7
64 16
12 42
41 83
92 21
89 117
80 114
16 39
103 22
95 86
120 69
62 44
78 24
41 54
101 30
23 105
15 15
36 117
23 26
72 114
40 79
40 34
109 10
18 29
2 99
51 3
15 59
71 90
4 61
52 68
64 120
48 49
7 5
107 36
80 84
49 41
14 19
33 11
45 12
13 68
78 8
9 93
38 103
90 28
48 87
87 77
