100
200 200 1
198 198 1
196 196 1
194 194 1
192 192 1
190 190 1
188 188 1
186 186 1
184 184 1
182 182 1
180 180 1
178 178 1
176 176 1
174 174 1
172 172 1
170 170 1
168 168 1
166 166 1
164 164 1
162 162 1
160 160 1
158 158 1
156 156 1
154 154 1
152 152 1
150 150 1
148 148 1
146 146 1
144 144 1
142 142 1
140 140 1
138 138 1
136 136 1
134 134 1
132 132 1
130 130 1
128 128 1
126 126 1
124 124 1
122 122 1
120 120 1
118 118 1
116 116 1
114 114 1
112 112 1
110 110 1
108 108 1
106 106 1
104 104 1
102 102 1
100 100 1
98 98 1
96 96 1
94 94 1
92 92 1
90 90 1
88 88 1
86 86 1
84 84 1
82 82 1
80 80 1
78 78 1
76 76 1
74 74 1
72 72 1
70 70 1
68 68 1
66 66 1
64 64 1
62 62 1
60 60 1
58 58 1
56 56 1
54 54 1
52 52 1
50 50 1
48 48 1
46 46 1
44 44 1
42 42 1
40 40 1
38 38 1
36 36 1
34 34 1
32 32 1
30 30 1
28 28 1
26 26 1
24 24 1
22 22 1
20 20 1
18 18 1
16 16 1
14 14 1
12 12 1
10 10 1
8 8 1
6 6 1
4 4 1
2 2 1
0
