1.000000000000
1.500000000000
2.125000000000
2.765625000000
3.375976562500
4.000030517578
4.622070789337
5.242706302553
5.864494800582
6.485899332911
7.107305931873
7.728781836002
8.350218808838
8.971664719336
9.593112802839
10.214558037180
10.836004457709
11.457450741258
12.078896883312
12.700343129219
13.321789343321
13.943235556056
14.564681775389
15.186127991302
15.807574207907
16.429020424755
17.050466641340
17.671912858026
18.293359074705
18.914805291366
19.536251508041
20.157697724723
20.779143941335
21.400590158005
22.022036374636
