100
38 58
13 15
51 27
10 19
12 86
49 67
84 60
25 43
89 83
37 66
66 78
95 11
67 54
31 45
82 36
24 5
94 2
51 67
54 53
61 96
28 88
85 43
67 6
65 3
62 34
53 20
44 3
62 18
22 27
57 45
79 83
51 94
70 59
48 57
29 6
6 90
38 16
14 62
16 25
81 34
43 22
33 36
60 79
71 1
36 61
60 5
29 44
75 93
14 39
88 21
2 71
34 17
82 15
86 53
6 74
51 48
73 34
93 10
48 10
20 49
56 62
66 97
93 10
91 99
26 5
85 82
10 0
52 65
20 80
39 4
85 75
25 65
14 71
76 97
43 97
19 87
23 49
65 56
73 1
13 57
99 67
13 98
26 11
46 66
36 88
78 26
73 87
71 17
52 88
91 83
22 44
28 85
63 59
41 76
75 78
63 85
44 89
13 11
61 26
45 96
