1 400 500 -900 -900
0 0
1 300 400 -400 -300
0 0
5 -998 -999 -999 -999
-997 -999
-996 -999
-995 -999
-994 -999
-993 -999
5 999 -998 999 -999
999 -997
999 -996
999 -995
999 -994
999 -993
20 -900 -900 900 900
-901 -900
-902 -900
-903 -900
-904 -900
-901 -901
-902 -901
-903 -901
-904 -901
-901 -902
-902 -902
-903 -902
-904 -902
-901 -903
-902 -903
-903 -903
-904 -903
-901 -904
-902 -904
-903 -904
0 0 
20 900 5 -903 0
900 3
900 3
900 3
900 3
900 3
900 3
900 3
900 3
900 3
900 3
900 3
900 3
900 3
900 3
900 3
900 3
900 3
900 3
-1 4
2 1
20 -524 -417 691 -695
171 -613
621 -652
-30 -696
-266 -16
820 -469
786 -559
263 142
-335 -791
5 134
708 -919
-783 278
-973 440
-796 -34
-491 353
793 519
440 815
857 -244
799 557
-351 -611
991 -677
20 416 3 872 432
-789 -581
118 410
-843 21
-607 -451
277 -103
-920 -65
-844 -923
-679 -204
377 69
373 -455
-68 -446
-99 870
-826 -92
891 711
-758 -971
-530 732
-125 539
748 -246
888 596
677 893
20 172 198 -361 -157
808 -683
670 463
-16 -575
-760 -903
-147 -348
-790 -142
246 237
559 -23
979 851
284 494
913 31
-557 -400
620 -987
-438 838
-265 -185
749 904
980 -699
96 -525
543 -82
462 -605
20 200 0 0 0
100 0
105 0
110 0
115 0
120 0
125 0
130 0
135 0
140 0
145 0
150 0
155 0
160 0
165 0
170 0
175 0
180 0
185 0
190 0
195 0
20 200 13 0 0
100 6
105 7
110 7
115 7
120 8
125 8
130 8
135 9
140 9
145 9
150 10
155 10
160 10
165 11
170 11
175 11
180 12
185 12
190 12
195 13
20 160 120 0 0
80 60
84 63
88 66
92 69
96 72
100 75
104 78
108 81
112 84
116 87
120 90
124 93
128 96
132 99
136 102
140 105
144 108
148 111
152 114
156 117
20 155 127 0 0
78 63
82 67
85 70
89 73
93 76
97 79
101 82
105 86
109 89
112 92
116 95
120 98
124 101
128 105
132 108
136 111
140 114
143 117
147 120
151 124
20 128 154 0 0
64 77
67 81
70 85
73 89
77 93
80 97
83 100
86 104
89 108
93 112
96 116
99 120
102 124
105 127
108 131
112 135
115 139
118 143
121 147
124 151
20 63 190 0 0
32 95
33 100
35 105
36 110
38 114
39 119
41 124
43 128
44 133
46 138
47 143
49 147
51 152
52 157
54 162
55 166
57 171
59 176
60 181
62 185
20 33 198 0 0
17 99
17 104
18 109
19 114
20 119
21 124
22 129
22 134
23 138
24 143
25 148
26 153
27 158
27 163
28 168
29 173
30 178
31 183
32 188
33 193
20 19 200 0 0
10 100
10 105
11 110
11 115
12 120
12 125
13 130
13 135
14 140
14 145
14 150
15 155
15 160
16 165
16 170
17 175
17 180
18 185
18 190
19 195
1 600 400 -800 -900
100 0
1 400 500 -300 -200
100 100
5 999 -998 999 -999
999 -997
999 -996
999 -995
999 -994
999 -993
5 998 999 999 999
997 999
996 999
995 999
994 999
993 999
20 -890 -890 890 890
-891 -890
-892 -890
-893 -890
-894 -890
-891 -891
-892 -891
-893 -891
-894 -891
-891 -892
-892 -892
-893 -892
-894 -892
-891 -893
-892 -893
-893 -893
-894 -893
-891 -894
-892 -894
-893 -894
0 0 
20 900 15 -903 10
900 13
900 13
900 13
900 13
900 13
900 13
900 13
900 13
900 13
900 13
900 13
900 13
900 13
900 13
900 13
900 13
900 13
900 13
-1 14
2 11
20 -52 847 717 891
-200 -309
-597 -355
-327 141
-126 748
287 35
789 678
275 -47
-154 -981
216 855
-302 -494
-177 -507
956 -59
364 604
700 -447
204 413
-728 517
-244 -684
291 270
122 -593
901 814
20 -153 289 888 508
521 -917
920 -344
470 219
123 104
405 -498
-23 -480
437 -100
294 -758
-910 806
698 -502
188 590
-765 -93
-951 -77
-329 958
-5 -215
-537 738
-309 536
554 -228
-373 323
829 -347
20 144 101 -957 406
10 -288
264 -530
883 -845
672 -571
-256 -964
305 -572
-165 -264
-449 396
-314 -425
-916 604
687 608
-735 734
-46 -922
181 -412
88 -935
-415 -978
-78 -784
-542 -453
-647 -948
-451 737
20 198 33 0 0
99 17
104 17
109 18
114 19
119 20
124 21
129 22
134 22
138 23
143 24
148 25
153 26
158 27
163 27
168 28
173 29
178 30
183 31
188 32
193 33
20 190 63 0 0
95 32
100 33
105 35
110 36
114 38
119 39
124 41
128 43
133 44
138 46
143 47
147 49
152 51
157 52
162 54
166 55
171 57
176 59
181 60
185 62
20 17 200 0 0
8 100
9 105
9 110
9 115
10 120
10 125
11 130
11 135
12 140
12 145
12 150
13 155
13 160
14 165
14 170
15 175
15 180
15 185
16 190
16 195
20 16 200 0 0
8 100
8 105
8 110
9 115
9 120
10 125
10 130
10 135
11 140
11 145
12 150
12 155
12 160
13 165
13 170
14 175
14 180
14 185
15 190
15 195
20 2 200 0 0
1 100
1 105
1 110
1 115
1 120
1 125
1 130
1 135
1 140
1 145
1 150
1 155
1 160
1 165
1 170
1 175
1 180
1 185
2 190
2 195
20 153 129 0 0
77 64
81 68
85 71
88 74
92 77
96 80
100 84
104 87
108 90
111 93
115 97
119 100
123 103
127 106
130 109
134 113
138 116
142 119
146 122
150 125
20 127 155 0 0
63 78
67 82
70 85
73 89
76 93
79 97
82 101
86 105
89 109
92 112
95 116
98 120
101 124
105 128
108 132
111 136
114 140
117 143
120 147
124 151
20 1 200 0 0
0 100
0 105
0 110
1 115
1 120
1 125
1 130
1 135
1 140
1 145
1 150
1 155
1 160
1 165
1 170
1 175
1 180
1 185
1 190
1 195
1 -500 -400 900 800
0 1
1 300 500 -400 -200
0 100
5 998 999 999 999
997 999
996 999
995 999
994 999
993 999
5 -999 998 -999 999
-999 997
-999 996
-999 995
-999 994
-999 993
20 -880 -880 880 880
-881 -880
-882 -880
-883 -880
-884 -880
-881 -881
-882 -881
-883 -881
-884 -881
-881 -882
-882 -882
-883 -882
-884 -882
-881 -883
-882 -883
-883 -883
-884 -883
-881 -884
-882 -884
-883 -884
0 0
20 900 25 -903 20
900 23
900 23
900 23
900 23
900 23
900 23
900 23
900 23
900 23
900 23
900 23
900 23
900 23
900 23
900 23
900 23
900 23
900 23
-1 24
2 21
20 327 562 -531 -482
439 -889
-931 63
848 -689
-950 -259
-723 831
-396 229
-446 -617
34 -820
281 323
-269 741
-546 718
-812 -929
-774 898
-673 70
105 -588
-160 673
-590 -39
-643 42
617 700
304 -7
20 -399 -135 -401 552
629 -188
398 -512
-447 136
158 -919
-704 -247
298 651
702 -748
989 316
-120 347
865 304
414 483
-452 -604
-293 -244
495 772
604 -792
436 990
-626 408
587 -130
-807 -76
-335 117
20 -164 22 93 319
217 544
-384 720
-867 -28
-354 55
-984 -628
414 31
-268 -963
28 629
-506 92
-355 -725
85 -516
-29 522
-340 817
898 -806
-53 -754
897 600
851 841
157 -963
384 249
-445 968
20 200 19 0 0
100 10
105 10
110 11
115 11
120 12
125 12
130 13
135 13
140 14
145 14
150 14
155 15
160 15
165 16
170 16
175 17
180 17
185 18
190 18
195 19
20 157 125 0 0
79 62
82 65
86 69
90 72
94 75
98 78
102 81
106 84
110 87
114 90
118 93
122 97
125 100
129 103
133 106
137 109
141 112
145 115
149 118
153 122
20 153 130 0 0
76 65
80 68
84 71
88 75
92 78
95 81
99 84
103 88
107 91
111 94
114 97
118 101
122 104
126 107
130 110
134 114
137 117
141 120
145 123
149 127
20 127 155 0 0
63 78
66 82
70 86
73 89
76 93
79 97
82 101
85 105
89 109
92 113
95 117
98 120
101 124
104 128
108 132
111 136
114 140
117 144
120 148
123 151
20 97 175 0 0
48 88
51 92
53 97
56 101
58 105
61 110
63 114
65 118
68 123
70 127
73 132
75 136
78 140
80 145
82 149
85 153
87 158
90 162
92 167
95 171
20 15 200 0 0
7 100
8 105
8 110
9 115
9 120
9 125
10 130
10 135
11 140
11 145
11 150
12 155
12 160
13 165
13 170
13 175
14 180
14 185
14 190
15 195
20 8 200 0 0
4 100
4 105
4 110
5 115
5 120
5 125
5 130
5 135
6 140
6 145
6 150
6 155
7 160
7 165
7 170
7 175
7 180
8 185
8 190
8 195
20 13 200 0 0
6 100
7 105
7 110
7 115
8 120
8 125
8 130
9 135
9 140
9 145
10 150
10 155
10 160
11 165
11 170
11 175
12 180
12 185
12 190
13 195
1 -400 -600 750 850
-200 -100
1 400 400 -300 -300
100 0
5 -999 998 -999 999
-999 997
-999 996
-999 995
-999 994
-999 993
5 -998 -999 -999 -999
-997 -999
-996 -999
-995 -999
-994 -999
-993 -999
20 -870 -870 870 870
-871 -870
-872 -870
-873 -870
-874 -870
-871 -871
-872 -871
-873 -871
-874 -871
-871 -872
-872 -872
-873 -872
-874 -872
-871 -873
-872 -873
-873 -873
-874 -873
-871 -874
-872 -874
-873 -874
0 0
20 900 35 -903 30
900 33
900 33
900 33
900 33
900 33
900 33
900 33
900 33
900 33
900 33
900 33
900 33
900 33
900 33
900 33
900 33
900 33
900 33
-1 34
2 31
20 452 999 -605 100
855 350
123 -272
-65 -628
-638 -265
-857 730
-400 -207
715 -620
497 -667
355 -550
768 -13
-469 145
-133 -1
970 -384
670 685
-942 472
-496 235
272 -699
930 -576
516 -839
-565 520
20 -996 -25 -502 156
-25 -127
66 -986
-741 -844
755 607
448 -393
-356 -971
278 832
800 252
251 646
-253 -397
952 75
803 -262
108 469
-795 -653
-923 -323
468 184
564 61
394 -249
200 -31
955 -513
20 632 -501 497 467
-916 753
439 497
-30 472
-291 980
-718 -788
-364 -848
-687 -252
-732 -728
245 743
-100 874
-252 813
826 -914
-758 996
604 52
658 -697
-669 608
440 241
-505 746
392 -861
-259 -306
20 175 97 0 0
88 48
92 51
97 53
101 56
105 58
110 61
114 63
118 65
123 68
127 70
132 73
136 75
140 78
145 80
149 82
153 85
158 87
162 90
167 92
171 95
20 155 127 0 0
78 63
82 66
86 70
89 73
93 76
97 79
101 82
105 85
109 89
113 92
117 95
120 98
124 101
128 104
132 108
136 111
140 114
144 117
148 120
151 123
20 129 153 0 0
64 77
68 81
71 85
74 88
77 92
80 96
84 100
87 104
90 108
93 111
97 115
100 119
103 123
106 127
109 130
113 134
116 138
119 142
122 146
125 150
20 125 157 0 0
62 79
65 82
69 86
72 90
75 94
78 98
81 102
84 106
87 110
90 114
93 118
97 122
100 125
103 129
106 133
109 137
112 141
115 145
118 149
122 153
20 30 198 0 0
15 99
16 104
16 109
17 114
18 119
19 124
20 129
20 134
21 139
22 144
23 149
23 154
24 159
25 164
26 168
26 173
27 178
28 183
29 188
29 193
20 19 200 0 0
9 100
10 105
10 110
11 115
11 120
12 125
12 130
13 135
13 140
14 145
14 150
15 155
15 160
16 165
16 170
17 175
17 180
18 185
18 190
19 195
20 18 200 0 0
9 100
9 105
10 110
10 115
11 120
11 125
12 130
12 135
13 140
13 145
14 150
14 155
15 160
15 165
16 170
16 175
17 180
17 185
17 190
18 195
20 6 200 0 0
3 100
3 105
3 110
3 115
4 120
4 125
4 130
4 135
4 140
4 145
5 150
5 155
5 160
5 165
5 170
5 175
6 180
6 185
6 190
6 195
0 0 0 0 0
