6
00 01 02 23 34 66
5
12 32 34 54 65
4
12 32 34 16 
7
00 10 02 03 40 50 06
13
00 01 02 03 04 05 06 11 12 13 14 15 16

15
00 01 02 22 04 05 06 11 12 13 14 15 16 33 24

16
00 36 01 02 22 04 05 06 11 12 13 14 15 16 33 24

28
00 01 11 02 12 22 03 13 23 33 04 14 24 34 44 05 15 25 35 45 55 06 16 26 36 46 56 66


27
00 01 02 12 22 03 13 23 33 04 14 24 34 44 05 15 25 35 45 55 06 16 26 36 46 56 66


27
01 11 02 12 22 03 13 23 33 04 14 24 34 44 05 15 25 35 45 55 06 16 26 36 46 56 66

21
01 11 02 12 22 03 23 04 14 24 34 05 15 25 35 06 16 26 36 46 66

26
01 11 02 12 22 03 13 23 33 04 14 24 34 05 15 25 35 45 55 06 16 26 36 46 56 66


