1
00
3
12 23 13
4
01 12 34 45
6
00 01 02 23 34 66
5
12 23 34 45 56
4
12 23 34 16
7
00 01 02 03 04 05 06
10
00 02 03 04 06 11 13 14 15 16
14
00 01 02 04 05 06 11 12 13 14 15 16 33 24
13
00 36 01 05 06 11 12 13 14 15 16 33 24
15
00 02 12 22 03 13 23 33 14 24 34 06 16 26 56
15
00 22 23 33 04 14 34 44 05 45 55 06 16 36 56
14
01 02 12 22 03 04 14 34 05 25 35 06 26 66
18
11 02 12 22 03 13 23 33 14 24 34 05 55 06 26 46 56 66
17
11 02 12 22 13 23 33 14 24 34 05 55 06 26 46 56 66
17
11 02 12 22 03 13 23 33 14 34 05 55 06 26 46 56 66
17
11 02 12 22 03 13 23 33 14 24 34 05 55 26 46 56 66
17
11 02 12 22 03 23 33 14 24 34 05 55 06 26 46 56 66
13
00 01 02 03 04 05 06 11 12 13 14 15 16
15
00 01 02 22 04 05 06 11 12 13 14 15 16 33 24
16
00 36 01 02 22 04 05 06 11 12 13 14 15 16 33 24
18
00 02 12 22 03 13 23 33 04 14 24 34 45 55 06 16 26 56
18
00 22 13 23 33 04 14 24 34 44 05 45 55 06 16 36 56 66
18
01 02 12 22 03 23 04 14 24 34 05 15 25 35 06 16 26 66
18
11 02 12 22 03 13 23 33 14 24 34 05 55 06 26 46 56 66
17
11 02 12 22 13 23 33 14 24 34 05 55 06 26 46 56 66
17
11 02 12 22 03 13 23 33 14 34 05 55 06 26 46 56 66
17
11 02 12 22 03 13 23 33 14 24 34 05 55 26 46 56 66
17
11 02 12 22 03 23 33 14 24 34 05 55 06 26 46 56 66
