4 5
1 2 10
1 3 15
2 3 5
2 4 3
3 4 10
2
1 4 10 LoveLetter
2 3 20 Greetings
3 3
1 2 1
2 3 1
3 1 1
3
1 2 1 BusinessMailC
2 3 1 BusinessMailB
3 1 1 BusinessMailA
4 4
1 4 10
1 2 5
2 3 5
3 4 5
2
3 1 10 B
1 4 10 A
4 4
1 4 18
1 2 5
2 3 5
3 4 5
2
1 3 10 A
1 4 11 B
4 3
1 2 5
2 3 5
3 4 5
3
1 2 10 B
1 4 10 A
3 4 20 C
4 4
1 2 3
1 3 4
2 3 100
2 4 5
1
1 4 0 Letter_Letter_Letter
4 2
1 2 10
3 4 10
4
2 1 10 pneumonoultramicroscopicsilicovolcanoconiosis12345
3 4 10 methylmethioninesulfoniumchloride10297
1 2 10 supercalifragilisticexpiaridocious00392
4 3 10 thequickbrownfoxjumpsoverthelazydog11268
6 6
1 3 1
1 2 1
2 5 1
3 4 1
5 6 1
4 6 1
6
1 2 1 A
1 3 1 B
1 6 1 C
1 3 1 D
1 4 2 E
1 6 3 F
4 3
1 2 1
1 3 1
1 4 1
6
2 3 1 A
2 4 2 B
2 3 3 C
2 4 4 D
2 3 5 E
2 4 6 F
2 1
1 2 5
2
1 2 10 A
1 2 1000000000 B
2 1
1 2 1
1000
1 2 0 A1
2 1 0 B1
1 2 0 A2
2 1 0 B2
1 2 0 A3
2 1 0 B3
1 2 0 A4
2 1 0 B4
1 2 0 A5
2 1 0 B5
1 2 0 A6
2 1 0 B6
1 2 0 A7
2 1 0 B7
1 2 0 A8
2 1 0 B8
1 2 0 A9
2 1 0 B9
1 2 0 A10
2 1 0 B10
1 2 0 A11
2 1 0 B11
1 2 0 A12
2 1 0 B12
1 2 0 A13
2 1 0 B13
1 2 0 A14
2 1 0 B14
1 2 0 A15
2 1 0 B15
1 2 0 A16
2 1 0 B16
1 2 0 A17
2 1 0 B17
1 2 0 A18
2 1 0 B18
1 2 0 A19
2 1 0 B19
1 2 0 A20
2 1 0 B20
1 2 0 A21
2 1 0 B21
1 2 0 A22
2 1 0 B22
1 2 0 A23
2 1 0 B23
1 2 0 A24
2 1 0 B24
1 2 0 A25
2 1 0 B25
1 2 0 A26
2 1 0 B26
1 2 0 A27
2 1 0 B27
1 2 0 A28
2 1 0 B28
1 2 0 A29
2 1 0 B29
1 2 0 A30
2 1 0 B30
1 2 0 A31
2 1 0 B31
1 2 0 A32
2 1 0 B32
1 2 0 A33
2 1 0 B33
1 2 0 A34
2 1 0 B34
1 2 0 A35
2 1 0 B35
1 2 0 A36
2 1 0 B36
1 2 0 A37
2 1 0 B37
1 2 0 A38
2 1 0 B38
1 2 0 A39
2 1 0 B39
1 2 0 A40
2 1 0 B40
1 2 0 A41
2 1 0 B41
1 2 0 A42
2 1 0 B42
1 2 0 A43
2 1 0 B43
1 2 0 A44
2 1 0 B44
1 2 0 A45
2 1 0 B45
1 2 0 A46
2 1 0 B46
1 2 0 A47
2 1 0 B47
1 2 0 A48
2 1 0 B48
1 2 0 A49
2 1 0 B49
1 2 0 A50
2 1 0 B50
1 2 0 A51
2 1 0 B51
1 2 0 A52
2 1 0 B52
1 2 0 A53
2 1 0 B53
1 2 0 A54
2 1 0 B54
1 2 0 A55
2 1 0 B55
1 2 0 A56
2 1 0 B56
1 2 0 A57
2 1 0 B57
1 2 0 A58
2 1 0 B58
1 2 0 A59
2 1 0 B59
1 2 0 A60
2 1 0 B60
1 2 0 A61
2 1 0 B61
1 2 0 A62
2 1 0 B62
1 2 0 A63
2 1 0 B63
1 2 0 A64
2 1 0 B64
1 2 0 A65
2 1 0 B65
1 2 0 A66
2 1 0 B66
1 2 0 A67
2 1 0 B67
1 2 0 A68
2 1 0 B68
1 2 0 A69
2 1 0 B69
1 2 0 A70
2 1 0 B70
1 2 0 A71
2 1 0 B71
1 2 0 A72
2 1 0 B72
1 2 0 A73
2 1 0 B73
1 2 0 A74
2 1 0 B74
1 2 0 A75
2 1 0 B75
1 2 0 A76
2 1 0 B76
1 2 0 A77
2 1 0 B77
1 2 0 A78
2 1 0 B78
1 2 0 A79
2 1 0 B79
1 2 0 A80
2 1 0 B80
1 2 0 A81
2 1 0 B81
1 2 0 A82
2 1 0 B82
1 2 0 A83
2 1 0 B83
1 2 0 A84
2 1 0 B84
1 2 0 A85
2 1 0 B85
1 2 0 A86
2 1 0 B86
1 2 0 A87
2 1 0 B87
1 2 0 A88
2 1 0 B88
1 2 0 A89
2 1 0 B89
1 2 0 A90
2 1 0 B90
1 2 0 A91
2 1 0 B91
1 2 0 A92
2 1 0 B92
1 2 0 A93
2 1 0 B93
1 2 0 A94
2 1 0 B94
1 2 0 A95
2 1 0 B95
1 2 0 A96
2 1 0 B96
1 2 0 A97
2 1 0 B97
1 2 0 A98
2 1 0 B98
1 2 0 A99
2 1 0 B99
1 2 0 A100
2 1 0 B100
1 2 0 A101
2 1 0 B101
1 2 0 A102
2 1 0 B102
1 2 0 A103
2 1 0 B103
1 2 0 A104
2 1 0 B104
1 2 0 A105
2 1 0 B105
1 2 0 A106
2 1 0 B106
1 2 0 A107
2 1 0 B107
1 2 0 A108
2 1 0 B108
1 2 0 A109
2 1 0 B109
1 2 0 A110
2 1 0 B110
1 2 0 A111
2 1 0 B111
1 2 0 A112
2 1 0 B112
1 2 0 A113
2 1 0 B113
1 2 0 A114
2 1 0 B114
1 2 0 A115
2 1 0 B115
1 2 0 A116
2 1 0 B116
1 2 0 A117
2 1 0 B117
1 2 0 A118
2 1 0 B118
1 2 0 A119
2 1 0 B119
1 2 0 A120
2 1 0 B120
1 2 0 A121
2 1 0 B121
1 2 0 A122
2 1 0 B122
1 2 0 A123
2 1 0 B123
1 2 0 A124
2 1 0 B124
1 2 0 A125
2 1 0 B125
1 2 0 A126
2 1 0 B126
1 2 0 A127
2 1 0 B127
1 2 0 A128
2 1 0 B128
1 2 0 A129
2 1 0 B129
1 2 0 A130
2 1 0 B130
1 2 0 A131
2 1 0 B131
1 2 0 A132
2 1 0 B132
1 2 0 A133
2 1 0 B133
1 2 0 A134
2 1 0 B134
1 2 0 A135
2 1 0 B135
1 2 0 A136
2 1 0 B136
1 2 0 A137
2 1 0 B137
1 2 0 A138
2 1 0 B138
1 2 0 A139
2 1 0 B139
1 2 0 A140
2 1 0 B140
1 2 0 A141
2 1 0 B141
1 2 0 A142
2 1 0 B142
1 2 0 A143
2 1 0 B143
1 2 0 A144
2 1 0 B144
1 2 0 A145
2 1 0 B145
1 2 0 A146
2 1 0 B146
1 2 0 A147
2 1 0 B147
1 2 0 A148
2 1 0 B148
1 2 0 A149
2 1 0 B149
1 2 0 A150
2 1 0 B150
1 2 0 A151
2 1 0 B151
1 2 0 A152
2 1 0 B152
1 2 0 A153
2 1 0 B153
1 2 0 A154
2 1 0 B154
1 2 0 A155
2 1 0 B155
1 2 0 A156
2 1 0 B156
1 2 0 A157
2 1 0 B157
1 2 0 A158
2 1 0 B158
1 2 0 A159
2 1 0 B159
1 2 0 A160
2 1 0 B160
1 2 0 A161
2 1 0 B161
1 2 0 A162
2 1 0 B162
1 2 0 A163
2 1 0 B163
1 2 0 A164
2 1 0 B164
1 2 0 A165
2 1 0 B165
1 2 0 A166
2 1 0 B166
1 2 0 A167
2 1 0 B167
1 2 0 A168
2 1 0 B168
1 2 0 A169
2 1 0 B169
1 2 0 A170
2 1 0 B170
1 2 0 A171
2 1 0 B171
1 2 0 A172
2 1 0 B172
1 2 0 A173
2 1 0 B173
1 2 0 A174
2 1 0 B174
1 2 0 A175
2 1 0 B175
1 2 0 A176
2 1 0 B176
1 2 0 A177
2 1 0 B177
1 2 0 A178
2 1 0 B178
1 2 0 A179
2 1 0 B179
1 2 0 A180
2 1 0 B180
1 2 0 A181
2 1 0 B181
1 2 0 A182
2 1 0 B182
1 2 0 A183
2 1 0 B183
1 2 0 A184
2 1 0 B184
1 2 0 A185
2 1 0 B185
1 2 0 A186
2 1 0 B186
1 2 0 A187
2 1 0 B187
1 2 0 A188
2 1 0 B188
1 2 0 A189
2 1 0 B189
1 2 0 A190
2 1 0 B190
1 2 0 A191
2 1 0 B191
1 2 0 A192
2 1 0 B192
1 2 0 A193
2 1 0 B193
1 2 0 A194
2 1 0 B194
1 2 0 A195
2 1 0 B195
1 2 0 A196
2 1 0 B196
1 2 0 A197
2 1 0 B197
1 2 0 A198
2 1 0 B198
1 2 0 A199
2 1 0 B199
1 2 0 A200
2 1 0 B200
1 2 0 A201
2 1 0 B201
1 2 0 A202
2 1 0 B202
1 2 0 A203
2 1 0 B203
1 2 0 A204
2 1 0 B204
1 2 0 A205
2 1 0 B205
1 2 0 A206
2 1 0 B206
1 2 0 A207
2 1 0 B207
1 2 0 A208
2 1 0 B208
1 2 0 A209
2 1 0 B209
1 2 0 A210
2 1 0 B210
1 2 0 A211
2 1 0 B211
1 2 0 A212
2 1 0 B212
1 2 0 A213
2 1 0 B213
1 2 0 A214
2 1 0 B214
1 2 0 A215
2 1 0 B215
1 2 0 A216
2 1 0 B216
1 2 0 A217
2 1 0 B217
1 2 0 A218
2 1 0 B218
1 2 0 A219
2 1 0 B219
1 2 0 A220
2 1 0 B220
1 2 0 A221
2 1 0 B221
1 2 0 A222
2 1 0 B222
1 2 0 A223
2 1 0 B223
1 2 0 A224
2 1 0 B224
1 2 0 A225
2 1 0 B225
1 2 0 A226
2 1 0 B226
1 2 0 A227
2 1 0 B227
1 2 0 A228
2 1 0 B228
1 2 0 A229
2 1 0 B229
1 2 0 A230
2 1 0 B230
1 2 0 A231
2 1 0 B231
1 2 0 A232
2 1 0 B232
1 2 0 A233
2 1 0 B233
1 2 0 A234
2 1 0 B234
1 2 0 A235
2 1 0 B235
1 2 0 A236
2 1 0 B236
1 2 0 A237
2 1 0 B237
1 2 0 A238
2 1 0 B238
1 2 0 A239
2 1 0 B239
1 2 0 A240
2 1 0 B240
1 2 0 A241
2 1 0 B241
1 2 0 A242
2 1 0 B242
1 2 0 A243
2 1 0 B243
1 2 0 A244
2 1 0 B244
1 2 0 A245
2 1 0 B245
1 2 0 A246
2 1 0 B246
1 2 0 A247
2 1 0 B247
1 2 0 A248
2 1 0 B248
1 2 0 A249
2 1 0 B249
1 2 0 A250
2 1 0 B250
1 2 0 A251
2 1 0 B251
1 2 0 A252
2 1 0 B252
1 2 0 A253
2 1 0 B253
1 2 0 A254
2 1 0 B254
1 2 0 A255
2 1 0 B255
1 2 0 A256
2 1 0 B256
1 2 0 A257
2 1 0 B257
1 2 0 A258
2 1 0 B258
1 2 0 A259
2 1 0 B259
1 2 0 A260
2 1 0 B260
1 2 0 A261
2 1 0 B261
1 2 0 A262
2 1 0 B262
1 2 0 A263
2 1 0 B263
1 2 0 A264
2 1 0 B264
1 2 0 A265
2 1 0 B265
1 2 0 A266
2 1 0 B266
1 2 0 A267
2 1 0 B267
1 2 0 A268
2 1 0 B268
1 2 0 A269
2 1 0 B269
1 2 0 A270
2 1 0 B270
1 2 0 A271
2 1 0 B271
1 2 0 A272
2 1 0 B272
1 2 0 A273
2 1 0 B273
1 2 0 A274
2 1 0 B274
1 2 0 A275
2 1 0 B275
1 2 0 A276
2 1 0 B276
1 2 0 A277
2 1 0 B277
1 2 0 A278
2 1 0 B278
1 2 0 A279
2 1 0 B279
1 2 0 A280
2 1 0 B280
1 2 0 A281
2 1 0 B281
1 2 0 A282
2 1 0 B282
1 2 0 A283
2 1 0 B283
1 2 0 A284
2 1 0 B284
1 2 0 A285
2 1 0 B285
1 2 0 A286
2 1 0 B286
1 2 0 A287
2 1 0 B287
1 2 0 A288
2 1 0 B288
1 2 0 A289
2 1 0 B289
1 2 0 A290
2 1 0 B290
1 2 0 A291
2 1 0 B291
1 2 0 A292
2 1 0 B292
1 2 0 A293
2 1 0 B293
1 2 0 A294
2 1 0 B294
1 2 0 A295
2 1 0 B295
1 2 0 A296
2 1 0 B296
1 2 0 A297
2 1 0 B297
1 2 0 A298
2 1 0 B298
1 2 0 A299
2 1 0 B299
1 2 0 A300
2 1 0 B300
1 2 0 A301
2 1 0 B301
1 2 0 A302
2 1 0 B302
1 2 0 A303
2 1 0 B303
1 2 0 A304
2 1 0 B304
1 2 0 A305
2 1 0 B305
1 2 0 A306
2 1 0 B306
1 2 0 A307
2 1 0 B307
1 2 0 A308
2 1 0 B308
1 2 0 A309
2 1 0 B309
1 2 0 A310
2 1 0 B310
1 2 0 A311
2 1 0 B311
1 2 0 A312
2 1 0 B312
1 2 0 A313
2 1 0 B313
1 2 0 A314
2 1 0 B314
1 2 0 A315
2 1 0 B315
1 2 0 A316
2 1 0 B316
1 2 0 A317
2 1 0 B317
1 2 0 A318
2 1 0 B318
1 2 0 A319
2 1 0 B319
1 2 0 A320
2 1 0 B320
1 2 0 A321
2 1 0 B321
1 2 0 A322
2 1 0 B322
1 2 0 A323
2 1 0 B323
1 2 0 A324
2 1 0 B324
1 2 0 A325
2 1 0 B325
1 2 0 A326
2 1 0 B326
1 2 0 A327
2 1 0 B327
1 2 0 A328
2 1 0 B328
1 2 0 A329
2 1 0 B329
1 2 0 A330
2 1 0 B330
1 2 0 A331
2 1 0 B331
1 2 0 A332
2 1 0 B332
1 2 0 A333
2 1 0 B333
1 2 0 A334
2 1 0 B334
1 2 0 A335
2 1 0 B335
1 2 0 A336
2 1 0 B336
1 2 0 A337
2 1 0 B337
1 2 0 A338
2 1 0 B338
1 2 0 A339
2 1 0 B339
1 2 0 A340
2 1 0 B340
1 2 0 A341
2 1 0 B341
1 2 0 A342
2 1 0 B342
1 2 0 A343
2 1 0 B343
1 2 0 A344
2 1 0 B344
1 2 0 A345
2 1 0 B345
1 2 0 A346
2 1 0 B346
1 2 0 A347
2 1 0 B347
1 2 0 A348
2 1 0 B348
1 2 0 A349
2 1 0 B349
1 2 0 A350
2 1 0 B350
1 2 0 A351
2 1 0 B351
1 2 0 A352
2 1 0 B352
1 2 0 A353
2 1 0 B353
1 2 0 A354
2 1 0 B354
1 2 0 A355
2 1 0 B355
1 2 0 A356
2 1 0 B356
1 2 0 A357
2 1 0 B357
1 2 0 A358
2 1 0 B358
1 2 0 A359
2 1 0 B359
1 2 0 A360
2 1 0 B360
1 2 0 A361
2 1 0 B361
1 2 0 A362
2 1 0 B362
1 2 0 A363
2 1 0 B363
1 2 0 A364
2 1 0 B364
1 2 0 A365
2 1 0 B365
1 2 0 A366
2 1 0 B366
1 2 0 A367
2 1 0 B367
1 2 0 A368
2 1 0 B368
1 2 0 A369
2 1 0 B369
1 2 0 A370
2 1 0 B370
1 2 0 A371
2 1 0 B371
1 2 0 A372
2 1 0 B372
1 2 0 A373
2 1 0 B373
1 2 0 A374
2 1 0 B374
1 2 0 A375
2 1 0 B375
1 2 0 A376
2 1 0 B376
1 2 0 A377
2 1 0 B377
1 2 0 A378
2 1 0 B378
1 2 0 A379
2 1 0 B379
1 2 0 A380
2 1 0 B380
1 2 0 A381
2 1 0 B381
1 2 0 A382
2 1 0 B382
1 2 0 A383
2 1 0 B383
1 2 0 A384
2 1 0 B384
1 2 0 A385
2 1 0 B385
1 2 0 A386
2 1 0 B386
1 2 0 A387
2 1 0 B387
1 2 0 A388
2 1 0 B388
1 2 0 A389
2 1 0 B389
1 2 0 A390
2 1 0 B390
1 2 0 A391
2 1 0 B391
1 2 0 A392
2 1 0 B392
1 2 0 A393
2 1 0 B393
1 2 0 A394
2 1 0 B394
1 2 0 A395
2 1 0 B395
1 2 0 A396
2 1 0 B396
1 2 0 A397
2 1 0 B397
1 2 0 A398
2 1 0 B398
1 2 0 A399
2 1 0 B399
1 2 0 A400
2 1 0 B400
1 2 0 A401
2 1 0 B401
1 2 0 A402
2 1 0 B402
1 2 0 A403
2 1 0 B403
1 2 0 A404
2 1 0 B404
1 2 0 A405
2 1 0 B405
1 2 0 A406
2 1 0 B406
1 2 0 A407
2 1 0 B407
1 2 0 A408
2 1 0 B408
1 2 0 A409
2 1 0 B409
1 2 0 A410
2 1 0 B410
1 2 0 A411
2 1 0 B411
1 2 0 A412
2 1 0 B412
1 2 0 A413
2 1 0 B413
1 2 0 A414
2 1 0 B414
1 2 0 A415
2 1 0 B415
1 2 0 A416
2 1 0 B416
1 2 0 A417
2 1 0 B417
1 2 0 A418
2 1 0 B418
1 2 0 A419
2 1 0 B419
1 2 0 A420
2 1 0 B420
1 2 0 A421
2 1 0 B421
1 2 0 A422
2 1 0 B422
1 2 0 A423
2 1 0 B423
1 2 0 A424
2 1 0 B424
1 2 0 A425
2 1 0 B425
1 2 0 A426
2 1 0 B426
1 2 0 A427
2 1 0 B427
1 2 0 A428
2 1 0 B428
1 2 0 A429
2 1 0 B429
1 2 0 A430
2 1 0 B430
1 2 0 A431
2 1 0 B431
1 2 0 A432
2 1 0 B432
1 2 0 A433
2 1 0 B433
1 2 0 A434
2 1 0 B434
1 2 0 A435
2 1 0 B435
1 2 0 A436
2 1 0 B436
1 2 0 A437
2 1 0 B437
1 2 0 A438
2 1 0 B438
1 2 0 A439
2 1 0 B439
1 2 0 A440
2 1 0 B440
1 2 0 A441
2 1 0 B441
1 2 0 A442
2 1 0 B442
1 2 0 A443
2 1 0 B443
1 2 0 A444
2 1 0 B444
1 2 0 A445
2 1 0 B445
1 2 0 A446
2 1 0 B446
1 2 0 A447
2 1 0 B447
1 2 0 A448
2 1 0 B448
1 2 0 A449
2 1 0 B449
1 2 0 A450
2 1 0 B450
1 2 0 A451
2 1 0 B451
1 2 0 A452
2 1 0 B452
1 2 0 A453
2 1 0 B453
1 2 0 A454
2 1 0 B454
1 2 0 A455
2 1 0 B455
1 2 0 A456
2 1 0 B456
1 2 0 A457
2 1 0 B457
1 2 0 A458
2 1 0 B458
1 2 0 A459
2 1 0 B459
1 2 0 A460
2 1 0 B460
1 2 0 A461
2 1 0 B461
1 2 0 A462
2 1 0 B462
1 2 0 A463
2 1 0 B463
1 2 0 A464
2 1 0 B464
1 2 0 A465
2 1 0 B465
1 2 0 A466
2 1 0 B466
1 2 0 A467
2 1 0 B467
1 2 0 A468
2 1 0 B468
1 2 0 A469
2 1 0 B469
1 2 0 A470
2 1 0 B470
1 2 0 A471
2 1 0 B471
1 2 0 A472
2 1 0 B472
1 2 0 A473
2 1 0 B473
1 2 0 A474
2 1 0 B474
1 2 0 A475
2 1 0 B475
1 2 0 A476
2 1 0 B476
1 2 0 A477
2 1 0 B477
1 2 0 A478
2 1 0 B478
1 2 0 A479
2 1 0 B479
1 2 0 A480
2 1 0 B480
1 2 0 A481
2 1 0 B481
1 2 0 A482
2 1 0 B482
1 2 0 A483
2 1 0 B483
1 2 0 A484
2 1 0 B484
1 2 0 A485
2 1 0 B485
1 2 0 A486
2 1 0 B486
1 2 0 A487
2 1 0 B487
1 2 0 A488
2 1 0 B488
1 2 0 A489
2 1 0 B489
1 2 0 A490
2 1 0 B490
1 2 0 A491
2 1 0 B491
1 2 0 A492
2 1 0 B492
1 2 0 A493
2 1 0 B493
1 2 0 A494
2 1 0 B494
1 2 0 A495
2 1 0 B495
1 2 0 A496
2 1 0 B496
1 2 0 A497
2 1 0 B497
1 2 0 A498
2 1 0 B498
1 2 0 A499
2 1 0 B499
1 2 0 A500
2 1 0 B500
32 496
1 2 1
1 3 1
1 4 1
1 5 1
1 6 1
1 7 1
1 8 1
1 9 1
1 10 1
1 11 1
1 12 1
1 13 1
1 14 1
1 15 1
1 16 1
1 17 1
1 18 1
1 19 1
1 20 1
1 21 1
1 22 1
1 23 1
1 24 1
1 25 1
1 26 1
1 27 1
1 28 1
1 29 1
1 30 1
1 31 1
1 32 1
2 3 1
2 4 1
2 5 1
2 6 1
2 7 1
2 8 1
2 9 1
2 10 1
2 11 1
2 12 1
2 13 1
2 14 1
2 15 1
2 16 1
2 17 1
2 18 1
2 19 1
2 20 1
2 21 1
2 22 1
2 23 1
2 24 1
2 25 1
2 26 1
2 27 1
2 28 1
2 29 1
2 30 1
2 31 1
2 32 1
3 4 1
3 5 1
3 6 1
3 7 1
3 8 1
3 9 1
3 10 1
3 11 1
3 12 1
3 13 1
3 14 1
3 15 1
3 16 1
3 17 1
3 18 1
3 19 1
3 20 1
3 21 1
3 22 1
3 23 1
3 24 1
3 25 1
3 26 1
3 27 1
3 28 1
3 29 1
3 30 1
3 31 1
3 32 1
4 5 1
4 6 1
4 7 1
4 8 1
4 9 1
4 10 1
4 11 1
4 12 1
4 13 1
4 14 1
4 15 1
4 16 1
4 17 1
4 18 1
4 19 1
4 20 1
4 21 1
4 22 1
4 23 1
4 24 1
4 25 1
4 26 1
4 27 1
4 28 1
4 29 1
4 30 1
4 31 1
4 32 1
5 6 1
5 7 1
5 8 1
5 9 1
5 10 1
5 11 1
5 12 1
5 13 1
5 14 1
5 15 1
5 16 1
5 17 1
5 18 1
5 19 1
5 20 1
5 21 1
5 22 1
5 23 1
5 24 1
5 25 1
5 26 1
5 27 1
5 28 1
5 29 1
5 30 1
5 31 1
5 32 1
6 7 1
6 8 1
6 9 1
6 10 1
6 11 1
6 12 1
6 13 1
6 14 1
6 15 1
6 16 1
6 17 1
6 18 1
6 19 1
6 20 1
6 21 1
6 22 1
6 23 1
6 24 1
6 25 1
6 26 1
6 27 1
6 28 1
6 29 1
6 30 1
6 31 1
6 32 1
7 8 1
7 9 1
7 10 1
7 11 1
7 12 1
7 13 1
7 14 1
7 15 1
7 16 1
7 17 1
7 18 1
7 19 1
7 20 1
7 21 1
7 22 1
7 23 1
7 24 1
7 25 1
7 26 1
7 27 1
7 28 1
7 29 1
7 30 1
7 31 1
7 32 1
8 9 1
8 10 1
8 11 1
8 12 1
8 13 1
8 14 1
8 15 1
8 16 1
8 17 1
8 18 1
8 19 1
8 20 1
8 21 1
8 22 1
8 23 1
8 24 1
8 25 1
8 26 1
8 27 1
8 28 1
8 29 1
8 30 1
8 31 1
8 32 1
9 10 1
9 11 1
9 12 1
9 13 1
9 14 1
9 15 1
9 16 1
9 17 1
9 18 1
9 19 1
9 20 1
9 21 1
9 22 1
9 23 1
9 24 1
9 25 1
9 26 1
9 27 1
9 28 1
9 29 1
9 30 1
9 31 1
9 32 1
10 11 1
10 12 1
10 13 1
10 14 1
10 15 1
10 16 1
10 17 1
10 18 1
10 19 1
10 20 1
10 21 1
10 22 1
10 23 1
10 24 1
10 25 1
10 26 1
10 27 1
10 28 1
10 29 1
10 30 1
10 31 1
10 32 1
11 12 1
11 13 1
11 14 1
11 15 1
11 16 1
11 17 1
11 18 1
11 19 1
11 20 1
11 21 1
11 22 1
11 23 1
11 24 1
11 25 1
11 26 1
11 27 1
11 28 1
11 29 1
11 30 1
11 31 1
11 32 1
12 13 1
12 14 1
12 15 1
12 16 1
12 17 1
12 18 1
12 19 1
12 20 1
12 21 1
12 22 1
12 23 1
12 24 1
12 25 1
12 26 1
12 27 1
12 28 1
12 29 1
12 30 1
12 31 1
12 32 1
13 14 1
13 15 1
13 16 1
13 17 1
13 18 1
13 19 1
13 20 1
13 21 1
13 22 1
13 23 1
13 24 1
13 25 1
13 26 1
13 27 1
13 28 1
13 29 1
13 30 1
13 31 1
13 32 1
14 15 1
14 16 1
14 17 1
14 18 1
14 19 1
14 20 1
14 21 1
14 22 1
14 23 1
14 24 1
14 25 1
14 26 1
14 27 1
14 28 1
14 29 1
14 30 1
14 31 1
14 32 1
15 16 1
15 17 1
15 18 1
15 19 1
15 20 1
15 21 1
15 22 1
15 23 1
15 24 1
15 25 1
15 26 1
15 27 1
15 28 1
15 29 1
15 30 1
15 31 1
15 32 1
16 17 1
16 18 1
16 19 1
16 20 1
16 21 1
16 22 1
16 23 1
16 24 1
16 25 1
16 26 1
16 27 1
16 28 1
16 29 1
16 30 1
16 31 1
16 32 1
17 18 1
17 19 1
17 20 1
17 21 1
17 22 1
17 23 1
17 24 1
17 25 1
17 26 1
17 27 1
17 28 1
17 29 1
17 30 1
17 31 1
17 32 1
18 19 1
18 20 1
18 21 1
18 22 1
18 23 1
18 24 1
18 25 1
18 26 1
18 27 1
18 28 1
18 29 1
18 30 1
18 31 1
18 32 1
19 20 1
19 21 1
19 22 1
19 23 1
19 24 1
19 25 1
19 26 1
19 27 1
19 28 1
19 29 1
19 30 1
19 31 1
19 32 1
20 21 1
20 22 1
20 23 1
20 24 1
20 25 1
20 26 1
20 27 1
20 28 1
20 29 1
20 30 1
20 31 1
20 32 1
21 22 1
21 23 1
21 24 1
21 25 1
21 26 1
21 27 1
21 28 1
21 29 1
21 30 1
21 31 1
21 32 1
22 23 1
22 24 1
22 25 1
22 26 1
22 27 1
22 28 1
22 29 1
22 30 1
22 31 1
22 32 1
23 24 1
23 25 1
23 26 1
23 27 1
23 28 1
23 29 1
23 30 1
23 31 1
23 32 1
24 25 1
24 26 1
24 27 1
24 28 1
24 29 1
24 30 1
24 31 1
24 32 1
25 26 1
25 27 1
25 28 1
25 29 1
25 30 1
25 31 1
25 32 1
26 27 1
26 28 1
26 29 1
26 30 1
26 31 1
26 32 1
27 28 1
27 29 1
27 30 1
27 31 1
27 32 1
28 29 1
28 30 1
28 31 1
28 32 1
29 30 1
29 31 1
29 32 1
30 31 1
30 32 1
31 32 1
1000
6 26 1 Aa0
19 24 2 Aa1
22 14 3 Aa2
5 15 4 Aa3
9 19 5 Aa4
8 19 6 Aa5
14 24 7 Aa6
2 13 8 Aa7
20 8 9 Aa8
13 20 10 Aa9
21 14 11 Ab0
16 4 12 Ab1
25 27 13 Ab2
16 29 14 Ab3
18 30 15 Ab4
22 5 16 Ab5
15 8 17 Ab6
16 24 18 Ab7
26 10 19 Ab8
21 28 20 Ab9
3 29 21 Ac0
3 25 22 Ac1
25 6 23 Ac2
32 6 24 Ac3
11 19 25 Ac4
14 10 26 Ac5
23 21 27 Ac6
20 32 28 Ac7
1 10 29 Ac8
14 21 30 Ac9
18 16 31 Ad0
2 23 32 Ad1
24 8 33 Ad2
9 6 34 Ad3
25 9 35 Ad4
21 27 36 Ad5
27 21 37 Ad6
26 9 38 Ad7
30 4 39 Ad8
27 29 40 Ad9
7 12 41 Ae0
18 30 42 Ae1
32 3 43 Ae2
27 2 44 Ae3
28 17 45 Ae4
19 25 46 Ae5
31 5 47 Ae6
27 6 48 Ae7
23 22 49 Ae8
20 10 50 Ae9
12 19 51 Af0
3 16 52 Af1
2 20 53 Af2
11 9 54 Af3
23 12 55 Af4
7 17 56 Af5
6 19 57 Af6
24 15 58 Af7
14 24 59 Af8
29 23 60 Af9
23 19 61 Ag0
6 7 62 Ag1
32 23 63 Ag2
21 19 64 Ag3
15 5 65 Ag4
3 14 66 Ag5
15 10 67 Ag6
21 22 68 Ag7
20 31 69 Ag8
20 9 70 Ag9
13 6 71 Ah0
8 14 72 Ah1
11 3 73 Ah2
7 20 74 Ah3
5 28 75 Ah4
15 13 76 Ah5
2 24 77 Ah6
20 3 78 Ah7
24 11 79 Ah8
23 17 80 Ah9
21 22 81 Ai0
2 13 82 Ai1
14 17 83 Ai2
6 26 84 Ai3
6 15 85 Ai4
15 28 86 Ai5
6 32 87 Ai6
19 12 88 Ai7
30 24 89 Ai8
9 24 90 Ai9
16 14 91 Aj0
22 6 92 Aj1
21 10 93 Aj2
17 25 94 Aj3
30 32 95 Aj4
10 18 96 Aj5
18 3 97 Aj6
19 18 98 Aj7
6 7 99 Aj8
4 30 100 Aj9
22 30 101 Ak0
20 25 102 Ak1
26 1 103 Ak2
11 7 104 Ak3
21 32 105 Ak4
9 7 106 Ak5
30 28 107 Ak6
11 26 108 Ak7
22 23 109 Ak8
3 28 110 Ak9
2 20 111 Al0
29 21 112 Al1
1 22 113 Al2
25 23 114 Al3
11 7 115 Al4
10 14 116 Al5
25 10 117 Al6
6 19 118 Al7
10 18 119 Al8
26 27 120 Al9
15 27 121 Am0
6 8 122 Am1
26 31 123 Am2
15 23 124 Am3
15 16 125 Am4
13 32 126 Am5
6 3 127 Am6
5 19 128 Am7
7 4 129 Am8
27 3 130 Am9
6 16 131 An0
5 16 132 An1
23 12 133 An2
10 28 134 An3
19 25 135 An4
1 32 136 An5
28 18 137 An6
17 28 138 An7
30 5 139 An8
20 24 140 An9
18 26 141 Ao0
23 10 142 Ao1
17 28 143 Ao2
32 29 144 Ao3
2 16 145 Ao4
1 31 146 Ao5
13 11 147 Ao6
8 9 148 Ao7
12 4 149 Ao8
13 5 150 Ao9
29 6 151 Ap0
23 8 152 Ap1
31 11 153 Ap2
22 15 154 Ap3
14 11 155 Ap4
23 29 156 Ap5
11 15 157 Ap6
19 7 158 Ap7
29 30 159 Ap8
10 31 160 Ap9
21 13 161 Aq0
31 17 162 Aq1
25 5 163 Aq2
29 8 164 Aq3
11 21 165 Aq4
14 16 166 Aq5
14 24 167 Aq6
29 7 168 Aq7
18 15 169 Aq8
24 30 170 Aq9
17 27 171 Ar0
21 2 172 Ar1
31 25 173 Ar2
27 21 174 Ar3
26 23 175 Ar4
14 25 176 Ar5
22 24 177 Ar6
23 19 178 Ar7
31 26 179 Ar8
19 29 180 Ar9
15 7 181 As0
16 27 182 As1
5 11 183 As2
19 13 184 As3
25 18 185 As4
10 11 186 As5
24 13 187 As6
24 32 188 As7
5 13 189 As8
30 13 190 As9
32 15 191 At0
32 16 192 At1
20 17 193 At2
19 1 194 At3
6 17 195 At4
15 10 196 At5
21 30 197 At6
17 31 198 At7
5 26 199 At8
10 20 200 At9
2 9 201 Au0
16 5 202 Au1
11 2 203 Au2
8 21 204 Au3
13 9 205 Au4
29 5 206 Au5
7 29 207 Au6
10 15 208 Au7
21 27 209 Au8
4 28 210 Au9
7 21 211 Av0
3 7 212 Av1
16 30 213 Av2
5 9 214 Av3
24 14 215 Av4
25 26 216 Av5
15 26 217 Av6
15 18 218 Av7
18 5 219 Av8
32 26 220 Av9
18 32 221 Aw0
9 17 222 Aw1
30 6 223 Aw2
8 19 224 Aw3
18 15 225 Aw4
5 27 226 Aw5
21 30 227 Aw6
32 15 228 Aw7
22 2 229 Aw8
11 3 230 Aw9
4 5 231 Ax0
24 15 232 Ax1
30 15 233 Ax2
27 12 234 Ax3
21 27 235 Ax4
24 9 236 Ax5
28 3 237 Ax6
16 2 238 Ax7
30 10 239 Ax8
6 10 240 Ax9
15 26 241 Ay0
18 12 242 Ay1
28 20 243 Ay2
23 19 244 Ay3
15 32 245 Ay4
24 12 246 Ay5
19 21 247 Ay6
23 9 248 Ay7
23 18 249 Ay8
30 28 250 Ay9
8 25 251 Az0
7 2 252 Az1
18 22 253 Az2
6 7 254 Az3
23 21 255 Az4
15 21 256 Az5
15 13 257 Az6
2 27 258 Az7
19 31 259 Az8
6 11 260 Az9
20 3 261 Ba0
6 21 262 Ba1
1 24 263 Ba2
21 5 264 Ba3
28 2 265 Ba4
13 9 266 Ba5
7 8 267 Ba6
31 17 268 Ba7
28 30 269 Ba8
17 5 270 Ba9
2 28 271 Bb0
28 16 272 Bb1
30 14 273 Bb2
4 11 274 Bb3
23 7 275 Bb4
11 9 276 Bb5
19 12 277 Bb6
9 2 278 Bb7
30 32 279 Bb8
20 31 280 Bb9
12 29 281 Bc0
11 2 282 Bc1
3 6 283 Bc2
7 31 284 Bc3
17 25 285 Bc4
17 4 286 Bc5
31 6 287 Bc6
4 6 288 Bc7
32 24 289 Bc8
7 1 290 Bc9
21 15 291 Bd0
7 21 292 Bd1
6 27 293 Bd2
7 9 294 Bd3
12 16 295 Bd4
19 23 296 Bd5
13 26 297 Bd6
14 2 298 Bd7
12 7 299 Bd8
22 5 300 Bd9
18 6 301 Be0
4 31 302 Be1
9 2 303 Be2
32 22 304 Be3
2 6 305 Be4
3 4 306 Be5
24 9 307 Be6
31 18 308 Be7
3 10 309 Be8
5 2 310 Be9
15 14 311 Bf0
26 4 312 Bf1
32 15 313 Bf2
28 25 314 Bf3
21 24 315 Bf4
26 27 316 Bf5
31 21 317 Bf6
12 3 318 Bf7
30 1 319 Bf8
6 14 320 Bf9
10 7 321 Bg0
14 25 322 Bg1
6 27 323 Bg2
5 3 324 Bg3
27 18 325 Bg4
30 13 326 Bg5
31 18 327 Bg6
13 18 328 Bg7
1 22 329 Bg8
23 13 330 Bg9
20 6 331 Bh0
31 18 332 Bh1
10 6 333 Bh2
29 6 334 Bh3
12 16 335 Bh4
6 28 336 Bh5
15 1 337 Bh6
31 6 338 Bh7
7 12 339 Bh8
27 4 340 Bh9
17 4 341 Bi0
20 30 342 Bi1
6 15 343 Bi2
30 1 344 Bi3
6 8 345 Bi4
28 14 346 Bi5
16 8 347 Bi6
3 2 348 Bi7
30 29 349 Bi8
15 30 350 Bi9
23 1 351 Bj0
26 9 352 Bj1
27 26 353 Bj2
17 31 354 Bj3
4 26 355 Bj4
4 28 356 Bj5
13 16 357 Bj6
30 17 358 Bj7
6 12 359 Bj8
3 6 360 Bj9
32 13 361 Bk0
8 5 362 Bk1
18 13 363 Bk2
3 17 364 Bk3
3 6 365 Bk4
17 32 366 Bk5
14 18 367 Bk6
22 4 368 Bk7
4 27 369 Bk8
17 20 370 Bk9
3 17 371 Bl0
13 12 372 Bl1
19 32 373 Bl2
27 16 374 Bl3
21 29 375 Bl4
15 11 376 Bl5
27 10 377 Bl6
26 18 378 Bl7
18 32 379 Bl8
20 13 380 Bl9
17 29 381 Bm0
5 4 382 Bm1
6 4 383 Bm2
12 2 384 Bm3
15 29 385 Bm4
7 24 386 Bm5
8 7 387 Bm6
16 5 388 Bm7
27 14 389 Bm8
23 32 390 Bm9
6 10 391 Bn0
4 24 392 Bn1
8 21 393 Bn2
4 18 394 Bn3
4 11 395 Bn4
1 12 396 Bn5
12 6 397 Bn6
11 26 398 Bn7
24 8 399 Bn8
24 30 400 Bn9
4 6 401 Bo0
11 14 402 Bo1
9 26 403 Bo2
11 13 404 Bo3
2 17 405 Bo4
27 18 406 Bo5
21 28 407 Bo6
8 25 408 Bo7
32 9 409 Bo8
5 21 410 Bo9
28 13 411 Bp0
3 24 412 Bp1
14 28 413 Bp2
27 22 414 Bp3
27 2 415 Bp4
8 5 416 Bp5
18 1 417 Bp6
15 20 418 Bp7
14 16 419 Bp8
8 30 420 Bp9
20 26 421 Bq0
10 1 422 Bq1
28 27 423 Bq2
9 32 424 Bq3
13 9 425 Bq4
25 14 426 Bq5
17 19 427 Bq6
24 9 428 Bq7
16 8 429 Bq8
23 25 430 Bq9
4 9 431 Br0
5 4 432 Br1
15 9 433 Br2
8 5 434 Br3
30 15 435 Br4
12 14 436 Br5
8 11 437 Br6
22 27 438 Br7
23 26 439 Br8
14 32 440 Br9
15 11 441 Bs0
25 32 442 Bs1
10 31 443 Bs2
22 3 444 Bs3
32 22 445 Bs4
13 5 446 Bs5
21 7 447 Bs6
20 13 448 Bs7
23 18 449 Bs8
29 10 450 Bs9
24 26 451 Bt0
29 32 452 Bt1
1 32 453 Bt2
6 11 454 Bt3
29 11 455 Bt4
13 29 456 Bt5
16 26 457 Bt6
10 4 458 Bt7
6 21 459 Bt8
17 24 460 Bt9
1 5 461 Bu0
3 23 462 Bu1
31 6 463 Bu2
29 10 464 Bu3
27 14 465 Bu4
30 3 466 Bu5
23 24 467 Bu6
3 17 468 Bu7
32 28 469 Bu8
9 17 470 Bu9
22 4 471 Bv0
5 21 472 Bv1
27 3 473 Bv2
6 5 474 Bv3
3 17 475 Bv4
8 17 476 Bv5
19 27 477 Bv6
23 27 478 Bv7
10 32 479 Bv8
32 13 480 Bv9
29 4 481 Bw0
8 25 482 Bw1
13 3 483 Bw2
7 20 484 Bw3
1 30 485 Bw4
22 31 486 Bw5
32 30 487 Bw6
27 29 488 Bw7
28 32 489 Bw8
32 19 490 Bw9
18 26 491 Bx0
20 18 492 Bx1
4 7 493 Bx2
11 31 494 Bx3
19 28 495 Bx4
30 16 496 Bx5
25 21 497 Bx6
7 3 498 Bx7
2 6 499 Bx8
23 14 500 Bx9
13 4 501 By0
28 16 502 By1
16 29 503 By2
11 21 504 By3
2 28 505 By4
8 11 506 By5
4 16 507 By6
30 1 508 By7
11 9 509 By8
30 18 510 By9
23 6 511 Bz0
2 8 512 Bz1
25 17 513 Bz2
18 25 514 Bz3
30 21 515 Bz4
8 12 516 Bz5
26 18 517 Bz6
2 18 518 Bz7
15 1 519 Bz8
10 31 520 Bz9
8 13 521 Ca0
27 4 522 Ca1
25 1 523 Ca2
19 30 524 Ca3
15 30 525 Ca4
15 1 526 Ca5
7 3 527 Ca6
28 18 528 Ca7
27 15 529 Ca8
4 17 530 Ca9
28 13 531 Cb0
5 32 532 Cb1
18 1 533 Cb2
11 18 534 Cb3
17 31 535 Cb4
3 27 536 Cb5
23 12 537 Cb6
15 24 538 Cb7
18 16 539 Cb8
11 17 540 Cb9
9 24 541 Cc0
30 18 542 Cc1
27 7 543 Cc2
14 18 544 Cc3
14 8 545 Cc4
12 2 546 Cc5
29 21 547 Cc6
14 26 548 Cc7
16 11 549 Cc8
10 3 550 Cc9
22 28 551 Cd0
23 25 552 Cd1
24 26 553 Cd2
19 17 554 Cd3
21 1 555 Cd4
25 31 556 Cd5
30 19 557 Cd6
29 14 558 Cd7
3 1 559 Cd8
5 18 560 Cd9
29 14 561 Ce0
21 10 562 Ce1
9 15 563 Ce2
21 8 564 Ce3
28 17 565 Ce4
2 6 566 Ce5
7 10 567 Ce6
6 26 568 Ce7
17 18 569 Ce8
18 12 570 Ce9
27 17 571 Cf0
15 30 572 Cf1
20 29 573 Cf2
26 27 574 Cf3
26 30 575 Cf4
12 31 576 Cf5
23 16 577 Cf6
28 25 578 Cf7
13 32 579 Cf8
9 25 580 Cf9
14 19 581 Cg0
26 21 582 Cg1
28 6 583 Cg2
23 12 584 Cg3
21 20 585 Cg4
20 7 586 Cg5
29 10 587 Cg6
20 1 588 Cg7
21 27 589 Cg8
11 26 590 Cg9
1 4 591 Ch0
19 18 592 Ch1
17 7 593 Ch2
16 18 594 Ch3
14 32 595 Ch4
20 17 596 Ch5
10 8 597 Ch6
4 2 598 Ch7
27 3 599 Ch8
14 25 600 Ch9
8 16 601 Ci0
29 12 602 Ci1
10 14 603 Ci2
30 19 604 Ci3
20 15 605 Ci4
29 26 606 Ci5
16 1 607 Ci6
16 28 608 Ci7
15 17 609 Ci8
19 31 610 Ci9
6 15 611 Cj0
22 20 612 Cj1
5 17 613 Cj2
23 26 614 Cj3
20 24 615 Cj4
5 29 616 Cj5
30 23 617 Cj6
6 19 618 Cj7
7 5 619 Cj8
25 15 620 Cj9
21 16 621 Ck0
29 23 622 Ck1
8 18 623 Ck2
20 28 624 Ck3
12 9 625 Ck4
19 3 626 Ck5
5 20 627 Ck6
23 9 628 Ck7
9 7 629 Ck8
18 30 630 Ck9
25 1 631 Cl0
5 32 632 Cl1
10 31 633 Cl2
27 9 634 Cl3
30 9 635 Cl4
22 14 636 Cl5
8 32 637 Cl6
20 13 638 Cl7
9 11 639 Cl8
16 28 640 Cl9
18 32 641 Cm0
32 11 642 Cm1
1 11 643 Cm2
8 25 644 Cm3
27 8 645 Cm4
4 1 646 Cm5
14 23 647 Cm6
2 17 648 Cm7
21 14 649 Cm8
17 16 650 Cm9
16 18 651 Cn0
19 2 652 Cn1
23 29 653 Cn2
27 3 654 Cn3
22 7 655 Cn4
26 2 656 Cn5
11 16 657 Cn6
17 22 658 Cn7
31 24 659 Cn8
22 29 660 Cn9
19 12 661 Co0
14 31 662 Co1
1 24 663 Co2
17 10 664 Co3
25 24 665 Co4
7 20 666 Co5
19 18 667 Co6
7 24 668 Co7
25 11 669 Co8
11 8 670 Co9
16 13 671 Cp0
20 3 672 Cp1
14 1 673 Cp2
15 17 674 Cp3
12 23 675 Cp4
1 21 676 Cp5
7 9 677 Cp6
28 8 678 Cp7
30 24 679 Cp8
19 12 680 Cp9
24 11 681 Cq0
2 8 682 Cq1
23 7 683 Cq2
31 7 684 Cq3
29 14 685 Cq4
32 14 686 Cq5
13 32 687 Cq6
24 23 688 Cq7
15 2 689 Cq8
16 26 690 Cq9
1 28 691 Cr0
16 27 692 Cr1
7 21 693 Cr2
24 23 694 Cr3
1 30 695 Cr4
15 14 696 Cr5
29 9 697 Cr6
24 19 698 Cr7
26 9 699 Cr8
25 3 700 Cr9
21 20 701 Cs0
24 31 702 Cs1
3 5 703 Cs2
13 7 704 Cs3
27 6 705 Cs4
28 31 706 Cs5
14 9 707 Cs6
26 23 708 Cs7
17 26 709 Cs8
15 3 710 Cs9
22 28 711 Ct0
20 13 712 Ct1
30 13 713 Ct2
23 2 714 Ct3
16 3 715 Ct4
19 26 716 Ct5
28 26 717 Ct6
12 26 718 Ct7
27 8 719 Ct8
24 14 720 Ct9
13 2 721 Cu0
32 17 722 Cu1
18 26 723 Cu2
16 25 724 Cu3
9 22 725 Cu4
10 7 726 Cu5
13 20 727 Cu6
11 16 728 Cu7
25 31 729 Cu8
8 15 730 Cu9
17 28 731 Cv0
7 29 732 Cv1
27 25 733 Cv2
26 11 734 Cv3
17 19 735 Cv4
20 1 736 Cv5
21 19 737 Cv6
2 1 738 Cv7
4 24 739 Cv8
27 3 740 Cv9
18 30 741 Cw0
23 3 742 Cw1
17 27 743 Cw2
2 9 744 Cw3
29 1 745 Cw4
30 2 746 Cw5
26 29 747 Cw6
1 32 748 Cw7
26 32 749 Cw8
13 16 750 Cw9
29 8 751 Cx0
16 27 752 Cx1
6 8 753 Cx2
4 18 754 Cx3
15 22 755 Cx4
18 26 756 Cx5
20 18 757 Cx6
3 20 758 Cx7
17 11 759 Cx8
22 21 760 Cx9
6 21 761 Cy0
26 17 762 Cy1
11 27 763 Cy2
15 16 764 Cy3
7 17 765 Cy4
12 30 766 Cy5
16 19 767 Cy6
18 25 768 Cy7
24 7 769 Cy8
30 25 770 Cy9
25 16 771 Cz0
10 24 772 Cz1
27 23 773 Cz2
22 11 774 Cz3
3 6 775 Cz4
30 29 776 Cz5
11 31 777 Cz6
16 8 778 Cz7
21 7 779 Cz8
13 22 780 Cz9
23 13 781 Da0
28 24 782 Da1
9 22 783 Da2
26 28 784 Da3
25 8 785 Da4
25 19 786 Da5
22 1 787 Da6
16 19 788 Da7
25 29 789 Da8
25 4 790 Da9
11 4 791 Db0
11 31 792 Db1
20 19 793 Db2
19 8 794 Db3
10 28 795 Db4
4 18 796 Db5
23 2 797 Db6
16 11 798 Db7
9 1 799 Db8
12 7 800 Db9
30 29 801 Dc0
20 27 802 Dc1
8 31 803 Dc2
7 5 804 Dc3
4 23 805 Dc4
10 26 806 Dc5
21 16 807 Dc6
9 2 808 Dc7
32 24 809 Dc8
4 28 810 Dc9
15 12 811 Dd0
27 25 812 Dd1
19 11 813 Dd2
3 18 814 Dd3
29 7 815 Dd4
12 17 816 Dd5
15 8 817 Dd6
19 5 818 Dd7
22 1 819 Dd8
22 11 820 Dd9
18 22 821 De0
23 6 822 De1
1 2 823 De2
6 29 824 De3
6 9 825 De4
26 16 826 De5
6 29 827 De6
13 15 828 De7
7 30 829 De8
2 31 830 De9
11 13 831 Df0
19 9 832 Df1
19 21 833 Df2
4 8 834 Df3
14 9 835 Df4
11 26 836 Df5
15 16 837 Df6
2 10 838 Df7
30 23 839 Df8
16 6 840 Df9
30 19 841 Dg0
28 3 842 Dg1
12 26 843 Dg2
26 16 844 Dg3
15 9 845 Dg4
31 1 846 Dg5
27 8 847 Dg6
31 28 848 Dg7
24 21 849 Dg8
14 21 850 Dg9
12 1 851 Dh0
1 32 852 Dh1
14 7 853 Dh2
30 31 854 Dh3
28 26 855 Dh4
23 14 856 Dh5
11 24 857 Dh6
10 22 858 Dh7
4 2 859 Dh8
5 32 860 Dh9
11 25 861 Di0
31 13 862 Di1
22 6 863 Di2
22 25 864 Di3
18 4 865 Di4
12 3 866 Di5
27 24 867 Di6
16 1 868 Di7
8 10 869 Di8
8 6 870 Di9
18 12 871 Dj0
11 25 872 Dj1
10 13 873 Dj2
19 20 874 Dj3
24 4 875 Dj4
24 11 876 Dj5
15 31 877 Dj6
26 1 878 Dj7
32 25 879 Dj8
29 22 880 Dj9
13 1 881 Dk0
28 6 882 Dk1
28 32 883 Dk2
23 11 884 Dk3
24 15 885 Dk4
10 19 886 Dk5
17 32 887 Dk6
8 30 888 Dk7
19 5 889 Dk8
3 7 890 Dk9
14 20 891 Dl0
15 9 892 Dl1
4 16 893 Dl2
6 1 894 Dl3
20 32 895 Dl4
25 32 896 Dl5
10 17 897 Dl6
7 5 898 Dl7
23 14 899 Dl8
9 6 900 Dl9
1 16 901 Dm0
1 8 902 Dm1
16 19 903 Dm2
22 5 904 Dm3
31 23 905 Dm4
26 13 906 Dm5
10 7 907 Dm6
3 5 908 Dm7
2 7 909 Dm8
9 20 910 Dm9
14 24 911 Dn0
14 17 912 Dn1
5 16 913 Dn2
31 18 914 Dn3
32 17 915 Dn4
32 28 916 Dn5
28 14 917 Dn6
30 11 918 Dn7
1 6 919 Dn8
28 2 920 Dn9
28 3 921 Do0
9 23 922 Do1
3 19 923 Do2
21 9 924 Do3
5 28 925 Do4
24 21 926 Do5
8 21 927 Do6
3 4 928 Do7
31 15 929 Do8
6 10 930 Do9
7 17 931 Dp0
12 1 932 Dp1
2 9 933 Dp2
8 28 934 Dp3
2 15 935 Dp4
15 32 936 Dp5
29 13 937 Dp6
11 14 938 Dp7
10 9 939 Dp8
11 8 940 Dp9
17 2 941 Dq0
9 28 942 Dq1
20 26 943 Dq2
9 13 944 Dq3
30 17 945 Dq4
31 19 946 Dq5
5 32 947 Dq6
11 14 948 Dq7
14 5 949 Dq8
7 18 950 Dq9
12 11 951 Dr0
7 17 952 Dr1
3 24 953 Dr2
22 8 954 Dr3
20 13 955 Dr4
7 2 956 Dr5
23 24 957 Dr6
10 12 958 Dr7
13 14 959 Dr8
1 15 960 Dr9
8 14 961 Ds0
14 28 962 Ds1
31 11 963 Ds2
13 23 964 Ds3
8 24 965 Ds4
15 26 966 Ds5
19 21 967 Ds6
23 27 968 Ds7
15 30 969 Ds8
12 23 970 Ds9
16 5 971 Dt0
32 27 972 Dt1
11 10 973 Dt2
31 10 974 Dt3
5 23 975 Dt4
9 15 976 Dt5
1 25 977 Dt6
32 20 978 Dt7
24 12 979 Dt8
13 2 980 Dt9
3 29 981 Du0
19 8 982 Du1
13 15 983 Du2
25 32 984 Du3
22 19 985 Du4
3 28 986 Du5
5 9 987 Du6
7 30 988 Du7
6 28 989 Du8
30 24 990 Du9
24 21 991 Dv0
16 23 992 Dv1
6 16 993 Dv2
10 4 994 Dv3
3 2 995 Dv4
25 24 996 Dv5
8 31 997 Dv6
13 8 998 Dv7
27 12 999 Dv8
25 17 1000 Dv9
9 9
4 2 30
4 7 4
3 6 21
8 3 2
1 7 24
1 2 1
3 5 23
6 9 7
1 3 6
31
8 3 70 Letter0-0
7 5 124 Letter0-1
2 9 158 Letter0-2
4 6 184 Letter0-3
9 5 262 Letter0-4
2 6 349 Letter0-5
2 1 436 Letter0-6
7 9 526 Letter0-7
8 9 536 Letter0-8
2 1 598 Letter0-9
1 4 603 Letter0-10
6 5 646 Letter0-11
5 6 701 Letter0-12
5 2 719 Letter0-13
2 3 783 Letter0-14
8 4 846 Letter0-15
1 2 897 Letter0-16
1 4 909 Letter0-17
4 1 925 Letter0-18
6 3 996 Letter0-19
6 1 1068 Letter0-20
4 5 1143 Letter0-21
9 1 1175 Letter0-22
5 7 1225 Letter0-23
5 3 1261 Letter0-24
8 4 1269 Letter0-25
5 3 1324 Letter0-26
2 6 1339 Letter0-27
1 2 1372 Letter0-28
1 3 1380 Letter0-29
9 7 1402 Letter0-30
19 26
9 1 30
17 8 8
6 5 30
11 1 1
18 1 7
18 6 21
4 15 28
16 12 14
12 14 18
4 19 15
14 18 17
7 8 5
1 2 28
4 18 11
3 1 18
14 1 15
16 8 6
3 7 25
8 4 2
12 17 19
10 1 4
13 7 20
5 4 3
14 15 27
12 4 11
4 1 7
15
19 4 33 Letter1-0
13 6 77 Letter1-1
2 19 138 Letter1-2
16 9 231 Letter1-3
14 13 259 Letter1-4
15 11 335 Letter1-5
10 17 425 Letter1-6
6 1 465 Letter1-7
10 4 513 Letter1-8
5 16 525 Letter1-9
5 13 564 Letter1-10
13 19 601 Letter1-11
11 1 671 Letter1-12
3 6 726 Letter1-13
11 18 756 Letter1-14
11 10
9 1 30
4 3 28
1 6 3
10 11 30
7 2 11
1 2 19
10 4 1
2 5 14
4 8 14
3 2 14
86
4 8 25 Letter2-0
2 5 99 Letter2-1
9 7 155 Letter2-2
4 10 184 Letter2-3
11 4 225 Letter2-4
9 7 280 Letter2-5
8 3 372 Letter2-6
10 4 386 Letter2-7
5 1 388 Letter2-8
2 8 475 Letter2-9
10 1 549 Letter2-10
5 1 603 Letter2-11
9 4 604 Letter2-12
8 1 652 Letter2-13
4 9 703 Letter2-14
9 3 769 Letter2-15
10 2 811 Letter2-16
6 2 856 Letter2-17
2 9 949 Letter2-18
1 10 1033 Letter2-19
4 5 1090 Letter2-20
11 6 1116 Letter2-21
8 3 1169 Letter2-22
11 1 1203 Letter2-23
11 6 1213 Letter2-24
1 10 1296 Letter2-25
4 8 1370 Letter2-26
8 7 1380 Letter2-27
8 11 1405 Letter2-28
4 11 1407 Letter2-29
11 2 1481 Letter2-30
10 8 1576 Letter2-31
4 3 1667 Letter2-32
7 6 1683 Letter2-33
5 8 1703 Letter2-34
5 7 1796 Letter2-35
6 7 1861 Letter2-36
9 7 1938 Letter2-37
4 5 1991 Letter2-38
6 4 2039 Letter2-39
6 1 2074 Letter2-40
11 10 2141 Letter2-41
10 6 2206 Letter2-42
5 6 2264 Letter2-43
10 4 2346 Letter2-44
9 1 2383 Letter2-45
4 7 2467 Letter2-46
2 8 2487 Letter2-47
3 9 2487 Letter2-48
9 3 2535 Letter2-49
8 9 2593 Letter2-50
8 9 2660 Letter2-51
6 4 2669 Letter2-52
7 3 2738 Letter2-53
9 11 2764 Letter2-54
9 5 2853 Letter2-55
9 4 2936 Letter2-56
8 5 3000 Letter2-57
8 10 3086 Letter2-58
8 2 3169 Letter2-59
5 10 3188 Letter2-60
6 4 3259 Letter2-61
10 9 3308 Letter2-62
4 10 3397 Letter2-63
8 5 3452 Letter2-64
4 7 3488 Letter2-65
10 6 3582 Letter2-66
1 9 3679 Letter2-67
10 5 3733 Letter2-68
10 5 3751 Letter2-69
9 2 3797 Letter2-70
6 1 3831 Letter2-71
6 3 3899 Letter2-72
5 4 3942 Letter2-73
5 11 4024 Letter2-74
7 9 4073 Letter2-75
4 3 4155 Letter2-76
1 4 4227 Letter2-77
4 1 4306 Letter2-78
3 9 4381 Letter2-79
11 10 4453 Letter2-80
11 8 4458 Letter2-81
6 11 4516 Letter2-82
11 5 4595 Letter2-83
11 9 4646 Letter2-84
6 1 4718 Letter2-85
23 37
14 5 4
6 14 10
12 7 7
8 1 11
13 11 15
20 22 12
15 11 4
6 22 23
1 3 25
20 4 14
22 2 26
23 18 21
12 23 14
2 1 21
9 18 10
3 23 1
14 17 29
21 11 12
21 3 28
6 3 30
5 1 29
13 4 8
10 16 23
13 1 12
2 23 30
9 8 28
2 4 9
8 19 9
18 1 6
7 2 14
23 16 23
17 9 13
8 13 30
11 1 11
20 19 10
21 8 19
10 7 20
80
13 15 69 Letter3-0
23 17 124 Letter3-1
19 16 167 Letter3-2
4 22 222 Letter3-3
19 2 316 Letter3-4
3 8 372 Letter3-5
7 23 403 Letter3-6
10 11 435 Letter3-7
22 14 507 Letter3-8
19 8 600 Letter3-9
3 18 642 Letter3-10
7 23 706 Letter3-11
7 5 751 Letter3-12
7 12 796 Letter3-13
4 13 840 Letter3-14
3 10 858 Letter3-15
6 3 915 Letter3-16
8 2 915 Letter3-17
3 15 929 Letter3-18
18 20 1023 Letter3-19
16 14 1048 Letter3-20
5 9 1093 Letter3-21
8 20 1096 Letter3-22
7 15 1123 Letter3-23
17 7 1183 Letter3-24
2 3 1228 Letter3-25
15 9 1244 Letter3-26
22 5 1281 Letter3-27
19 13 1340 Letter3-28
21 1 1374 Letter3-29
9 19 1463 Letter3-30
11 15 1472 Letter3-31
13 18 1472 Letter3-32
16 15 1506 Letter3-33
13 14 1598 Letter3-34
13 15 1652 Letter3-35
16 14 1716 Letter3-36
16 1 1748 Letter3-37
6 9 1807 Letter3-38
14 1 1864 Letter3-39
13 10 1890 Letter3-40
4 10 1922 Letter3-41
7 9 1990 Letter3-42
20 14 2024 Letter3-43
1 21 2099 Letter3-44
12 14 2125 Letter3-45
6 9 2176 Letter3-46
8 18 2203 Letter3-47
17 14 2238 Letter3-48
22 1 2288 Letter3-49
18 8 2317 Letter3-50
9 15 2350 Letter3-51
9 6 2445 Letter3-52
12 13 2457 Letter3-53
5 10 2527 Letter3-54
15 19 2546 Letter3-55
4 21 2556 Letter3-56
14 23 2600 Letter3-57
18 4 2668 Letter3-58
16 1 2711 Letter3-59
17 16 2723 Letter3-60
16 17 2763 Letter3-61
4 17 2824 Letter3-62
13 23 2827 Letter3-63
5 9 2834 Letter3-64
20 18 2834 Letter3-65
21 18 2902 Letter3-66
13 22 2945 Letter3-67
21 9 2953 Letter3-68
3 2 3050 Letter3-69
21 9 3130 Letter3-70
4 3 3206 Letter3-71
11 4 3283 Letter3-72
18 17 3299 Letter3-73
13 10 3348 Letter3-74
4 12 3402 Letter3-75
4 18 3472 Letter3-76
8 2 3484 Letter3-77
18 19 3554 Letter3-78
16 18 3610 Letter3-79
5 4
2 4 16
5 1 21
3 2 5
2 1 6
16
1 2 52 Letter4-0
4 2 54 Letter4-1
2 4 115 Letter4-2
4 2 213 Letter4-3
1 2 300 Letter4-4
1 4 324 Letter4-5
3 5 326 Letter4-6
2 3 419 Letter4-7
5 4 508 Letter4-8
4 5 548 Letter4-9
3 2 559 Letter4-10
5 3 576 Letter4-11
5 4 587 Letter4-12
1 4 669 Letter4-13
1 2 701 Letter4-14
2 4 776 Letter4-15
11 10
5 4 25
6 2 25
1 8 30
8 9 8
6 7 16
3 2 1
2 1 28
10 6 3
4 2 27
7 11 21
100
4 10 60 Letter5-0
9 2 158 Letter5-1
8 9 255 Letter5-2
1 5 304 Letter5-3
11 2 378 Letter5-4
9 8 416 Letter5-5
9 2 510 Letter5-6
4 5 535 Letter5-7
6 5 606 Letter5-8
10 9 609 Letter5-9
10 3 687 Letter5-10
9 2 771 Letter5-11
1 9 856 Letter5-12
1 2 912 Letter5-13
10 11 953 Letter5-14
5 11 989 Letter5-15
9 5 1073 Letter5-16
9 5 1106 Letter5-17
9 3 1145 Letter5-18
7 5 1193 Letter5-19
1 3 1286 Letter5-20
9 1 1305 Letter5-21
4 5 1397 Letter5-22
3 1 1465 Letter5-23
10 6 1511 Letter5-24
6 11 1545 Letter5-25
5 1 1617 Letter5-26
4 5 1685 Letter5-27
9 4 1768 Letter5-28
2 4 1839 Letter5-29
3 4 1931 Letter5-30
5 11 1959 Letter5-31
4 6 1964 Letter5-32
8 11 2035 Letter5-33
7 4 2049 Letter5-34
11 1 2068 Letter5-35
2 7 2068 Letter5-36
1 5 2128 Letter5-37
11 10 2131 Letter5-38
8 6 2229 Letter5-39
10 1 2306 Letter5-40
7 4 2312 Letter5-41
2 11 2384 Letter5-42
11 3 2456 Letter5-43
9 6 2479 Letter5-44
8 4 2490 Letter5-45
1 2 2568 Letter5-46
11 8 2657 Letter5-47
2 1 2698 Letter5-48
3 1 2743 Letter5-49
3 10 2792 Letter5-50
7 2 2811 Letter5-51
7 3 2903 Letter5-52
11 1 2957 Letter5-53
11 3 3037 Letter5-54
4 5 3067 Letter5-55
5 10 3144 Letter5-56
3 9 3195 Letter5-57
9 1 3204 Letter5-58
8 10 3215 Letter5-59
7 5 3306 Letter5-60
5 3 3321 Letter5-61
5 9 3410 Letter5-62
9 10 3421 Letter5-63
6 8 3457 Letter5-64
4 10 3483 Letter5-65
7 11 3522 Letter5-66
7 8 3590 Letter5-67
7 2 3646 Letter5-68
6 1 3657 Letter5-69
11 8 3661 Letter5-70
1 11 3680 Letter5-71
11 3 3692 Letter5-72
5 8 3705 Letter5-73
10 7 3755 Letter5-74
8 2 3792 Letter5-75
3 2 3837 Letter5-76
6 4 3912 Letter5-77
5 9 3912 Letter5-78
9 10 3975 Letter5-79
6 5 3981 Letter5-80
4 1 3995 Letter5-81
8 6 4012 Letter5-82
6 2 4061 Letter5-83
11 2 4080 Letter5-84
2 5 4131 Letter5-85
5 1 4145 Letter5-86
7 9 4223 Letter5-87
4 6 4265 Letter5-88
6 10 4293 Letter5-89
6 5 4325 Letter5-90
1 2 4408 Letter5-91
5 11 4500 Letter5-92
4 5 4544 Letter5-93
11 7 4589 Letter5-94
7 2 4683 Letter5-95
10 2 4724 Letter5-96
2 9 4737 Letter5-97
8 1 4824 Letter5-98
8 4 4840 Letter5-99
11 10
1 3 28
6 2 25
7 2 8
11 5 12
5 3 29
2 8 3
9 5 18
2 4 27
2 1 10
2 10 16
26
10 2 51 Letter6-0
4 3 130 Letter6-1
7 1 179 Letter6-2
1 5 257 Letter6-3
5 2 307 Letter6-4
11 10 358 Letter6-5
10 9 456 Letter6-6
1 3 485 Letter6-7
10 3 545 Letter6-8
5 11 588 Letter6-9
2 7 671 Letter6-10
5 1 754 Letter6-11
6 7 754 Letter6-12
1 3 848 Letter6-13
3 1 879 Letter6-14
6 9 889 Letter6-15
7 1 977 Letter6-16
9 7 1056 Letter6-17
3 1 1130 Letter6-18
11 9 1143 Letter6-19
7 5 1199 Letter6-20
11 6 1199 Letter6-21
6 5 1271 Letter6-22
10 3 1312 Letter6-23
9 10 1409 Letter6-24
2 9 1464 Letter6-25
6 5
1 2 1
6 2 6
2 3 23
4 2 4
5 2 12
76
6 2 52 Letter7-0
5 2 113 Letter7-1
6 1 173 Letter7-2
2 3 174 Letter7-3
2 1 271 Letter7-4
3 1 358 Letter7-5
1 3 377 Letter7-6
4 5 435 Letter7-7
6 3 515 Letter7-8
1 6 561 Letter7-9
4 1 593 Letter7-10
3 1 664 Letter7-11
2 5 753 Letter7-12
5 6 836 Letter7-13
1 6 911 Letter7-14
2 3 969 Letter7-15
3 1 1051 Letter7-16
5 6 1139 Letter7-17
3 6 1167 Letter7-18
5 6 1222 Letter7-19
1 6 1264 Letter7-20
1 2 1275 Letter7-21
3 4 1354 Letter7-22
3 2 1412 Letter7-23
1 4 1462 Letter7-24
4 1 1509 Letter7-25
4 3 1576 Letter7-26
2 1 1612 Letter7-27
3 1 1635 Letter7-28
6 1 1665 Letter7-29
2 5 1711 Letter7-30
3 2 1761 Letter7-31
5 2 1808 Letter7-32
3 6 1820 Letter7-33
4 5 1859 Letter7-34
4 1 1930 Letter7-35
3 5 1930 Letter7-36
2 1 2017 Letter7-37
1 5 2033 Letter7-38
6 1 2110 Letter7-39
6 2 2154 Letter7-40
1 6 2231 Letter7-41
6 5 2310 Letter7-42
3 2 2320 Letter7-43
5 6 2410 Letter7-44
2 1 2430 Letter7-45
4 2 2485 Letter7-46
2 5 2520 Letter7-47
6 4 2585 Letter7-48
2 6 2645 Letter7-49
5 1 2733 Letter7-50
6 5 2755 Letter7-51
4 5 2762 Letter7-52
5 2 2852 Letter7-53
4 1 2922 Letter7-54
1 2 2999 Letter7-55
5 6 3077 Letter7-56
2 4 3130 Letter7-57
2 1 3150 Letter7-58
3 6 3198 Letter7-59
2 6 3216 Letter7-60
4 5 3269 Letter7-61
2 3 3286 Letter7-62
2 4 3299 Letter7-63
6 1 3391 Letter7-64
2 1 3434 Letter7-65
5 1 3505 Letter7-66
4 6 3514 Letter7-67
3 1 3571 Letter7-68
4 3 3642 Letter7-69
3 2 3652 Letter7-70
1 3 3714 Letter7-71
1 6 3792 Letter7-72
1 4 3810 Letter7-73
3 2 3866 Letter7-74
1 4 3876 Letter7-75
18 21
13 11 24
3 1 9
8 4 3
12 4 13
16 7 17
2 10 23
13 10 13
5 4 17
4 16 9
1 4 30
6 1 5
14 13 20
15 6 11
2 1 15
9 4 30
17 13 14
6 11 15
12 10 17
1 7 27
15 17 26
13 18 30
24
16 17 16 Letter8-0
12 17 22 Letter8-1
8 16 106 Letter8-2
3 17 120 Letter8-3
18 14 132 Letter8-4
4 5 185 Letter8-5
2 6 261 Letter8-6
15 11 328 Letter8-7
1 17 388 Letter8-8
9 18 472 Letter8-9
18 6 485 Letter8-10
8 4 526 Letter8-11
13 18 548 Letter8-12
18 2 622 Letter8-13
13 5 707 Letter8-14
15 7 746 Letter8-15
14 13 772 Letter8-16
4 6 807 Letter8-17
13 8 870 Letter8-18
5 10 879 Letter8-19
18 16 911 Letter8-20
10 5 944 Letter8-21
4 1 1036 Letter8-22
15 10 1058 Letter8-23
28 44
4 7 3
13 7 4
26 18 13
1 3 17
22 1 24
6 18 15
22 28 29
21 8 9
18 13 5
4 28 8
26 13 20
2 1 8
18 2 24
23 19 26
11 19 14
18 21 4
12 9 25
10 23 28
28 19 4
20 17 10
20 8 2
6 10 21
2 10 28
21 5 23
9 27 30
8 9 2
17 7 25
17 21 19
2 8 5
4 2 16
10 12 17
25 23 11
14 20 17
1 6 26
15 16 3
11 4 21
15 12 9
28 2 15
14 6 4
2 5 2
18 4 2
26 8 4
23 1 30
12 24 16
83
18 2 33 Letter9-0
7 28 50 Letter9-1
8 5 146 Letter9-2
27 21 244 Letter9-3
16 9 329 Letter9-4
14 4 387 Letter9-5
6 14 396 Letter9-6
14 12 484 Letter9-7
27 14 498 Letter9-8
9 5 500 Letter9-9
13 18 538 Letter9-10
13 27 593 Letter9-11
5 26 678 Letter9-12
5 12 692 Letter9-13
9 15 712 Letter9-14
26 22 743 Letter9-15
1 21 759 Letter9-16
13 12 842 Letter9-17
23 6 899 Letter9-18
26 11 951 Letter9-19
5 18 974 Letter9-20
8 20 1067 Letter9-21
22 23 1125 Letter9-22
12 18 1126 Letter9-23
1 8 1140 Letter9-24
6 7 1211 Letter9-25
7 4 1232 Letter9-26
18 23 1294 Letter9-27
23 2 1298 Letter9-28
24 13 1356 Letter9-29
21 26 1361 Letter9-30
13 9 1436 Letter9-31
9 27 1454 Letter9-32
12 28 1530 Letter9-33
5 19 1622 Letter9-34
1 18 1657 Letter9-35
28 26 1744 Letter9-36
2 19 1840 Letter9-37
21 10 1905 Letter9-38
10 27 1908 Letter9-39
20 13 1961 Letter9-40
6 27 1978 Letter9-41
5 2 1999 Letter9-42
1 19 2030 Letter9-43
22 20 2110 Letter9-44
3 24 2114 Letter9-45
27 10 2199 Letter9-46
26 16 2255 Letter9-47
15 8 2275 Letter9-48
2 16 2362 Letter9-49
28 1 2442 Letter9-50
20 18 2498 Letter9-51
19 7 2595 Letter9-52
25 7 2623 Letter9-53
19 4 2625 Letter9-54
26 20 2678 Letter9-55
2 9 2713 Letter9-56
2 20 2731 Letter9-57
11 8 2778 Letter9-58
18 12 2833 Letter9-59
12 24 2860 Letter9-60
7 18 2940 Letter9-61
24 6 3018 Letter9-62
18 19 3093 Letter9-63
14 28 3186 Letter9-64
10 14 3218 Letter9-65
17 21 3257 Letter9-66
25 20 3303 Letter9-67
21 24 3378 Letter9-68
19 26 3399 Letter9-69
5 22 3411 Letter9-70
1 23 3419 Letter9-71
27 5 3509 Letter9-72
11 10 3518 Letter9-73
19 12 3568 Letter9-74
4 1 3618 Letter9-75
6 7 3675 Letter9-76
10 17 3770 Letter9-77
19 6 3828 Letter9-78
21 25 3874 Letter9-79
4 23 3950 Letter9-80
14 10 3965 Letter9-81
25 21 3988 Letter9-82
0 0
