4 4
1 2 5
1 3 6
2 4 5
3 4 6
2
4 1 0 Letter1
1 4 0 Letter2
6 6
1 2 5
2 3 5
2 4 5
3 5 5
4 5 5
5 6 5
2
1 6 10 Test1
3 6 15 Test2
6 6
1 2 5
2 3 5
2 4 5
3 5 5
4 5 5
5 6 5
2
1 6 10 Test1
4 2 15 Test2
6 7
1 2 1
2 3 1
3 1 1
4 5 1
5 6 1
6 4 1
1 4 2
9
3 5 0 A-soW_qSw3Fj4WDH5baZVxLH9P1IAL-GRgTmfcBDQAhUhogVWq
2 6 1 B-8BuWjMpS2qhHBK_h9M68GJUjR0TAA6RPiRi90JtV7WzvdpiZ
2 5 2 C-HcCTdcl4CUiqVO8gRxfyv5Nk2wW_q3q4UIhcAqr3S2xfQeNn
3 6 3 D-P_gU81VhN7SEo5tfPrl11GXyrZR6P5xWX6FEY85bp2yl2nRB
5 3 4 E-2E4nIZfQJJFaMML9RQke7iaXHdKlLFWXSUnJP3MAq3HZn1ij
6 2 5 F-T74fpPBm9X4AucyJ3dgnul6JEL0BBud5xQmvfRyXvMa_L05F
3 2 6 G-4suvoOlO4dcvQ3jT-rF80B7xh8WsZ8O3_OxbN1bNUF2iUSzA
1 4 7 H-ASiZKGis6J4T3UFLtsQbtzdxdHPlKyEM0Alg5lijJqhCZ1B4
6 4 8 I-T3EHTUgIsS9pbJuQ30eYa2bgXHMahpDVW_8Z2fmtFXcfENSu
4 4
1 2 5
1 3 6
2 4 5
3 4 6
8
1 4 0 Foo_Letter
3 2 0 Bar_Letter
4 1 0 Baz_Letter
1 4 5 Quux_Letter
1 4 10 Whaz_Letter
3 2 10 Hoge_Letter
1 4 15 Que_Letter
1 4 20 Fuga_Letter
4 4
1 2 5
1 3 100
2 4 100
3 4 1
2
3 1 0 Letter1
1 4 0 Letter2
3 2
1 2 1
1 3 2
12
2 3 0 A
3 2 0 B
2 3 1 C
3 2 1 D
2 3 2 E
3 2 2 F
2 3 4 G
3 2 4 H
2 3 7 I
3 2 7 J
2 3 10 K
3 2 10 L
32 1
1 2 10
10
1 2 0 A
2 1 0 B
1 2 10 C
2 1 10 D
1 2 1000 E
2 1 1000 F
1 2 1000000 G
2 1 1000000 H
1 2 1000000000 I
2 1 1000000000 J
15 14
1 2 1
2 3 2
3 4 4
4 5 8
5 6 16
6 7 32
7 8 64
8 9 128
9 10 256
10 11 512
11 12 1024
12 13 2048
13 14 4096
14 15 8192
14
1 2 1 A-Z_4qj5d70wZjNLYKNl-r-brqE9tQKsIp2QhCTdyCMiwGW9rg
1 3 1 B-DYg1MvxnN3-ygGRTb99WWT3cw_FflF9pWw2U_rh0Fny3_ZIK
1 4 1 C-a_565pCwecSzu80RqQ1iBC03rFehpXs9WR3-9y2T7j02NSjX
1 5 1 D-TL8PK4rSqOeEUgO-9DG8osaIiNWdYDTFjIm5-JJo0fWM3Brs
1 6 1 E-r8WwUyw5jTYFLjnm4XWVZgq8lXq9cHliwr13uixDuSQ2MFb_
1 7 1 F-yus46xdMW8Mc1XMuFuxLZmCH_EtEqqxSz6w94JxeUjFObcHW
1 8 1 G-_7rn1v4RCcdSPwC7ck26XkpCKQE6x4JoiBBS7AWWv1In724I
1 9 1 H-EhKydLwuvtBYOmLCJGZ9HbgQgiAqcl_LkpDRaBJdT737QdMK
1 10 1 I-94XlPUyxPlNwASElDae8spAv1sPcF91l8khn1wPLwdlv5x_J
1 11 1 J-5f6EebPFZBxknxpq-EE7CVvbFt8mtQYenORK0uWZNWk2OhUM
1 12 1 K-dGuUrJy3nAsDczK9friBmqwuwxFI8naWAnI39C9wEKpkOU5D
1 13 1 L-nwUxPZb6ZobjiGYVEePvY5hUTKrIDm2yOQoNOw2Q5nyijlJ_
1 14 1 M-ggwx2tOTYkjszRXnlaQh-pjvq3JpfMPHEsxQCuC89QZtdLDZ
1 15 1 N-zb2lqmYbC8H8znHoCxxS3nA_i8CTlAj0kxc8tWlJV5Z5_e29
10 9
1 2 10
2 3 10
3 4 10
4 5 10
6 5 10
7 6 10
9 8 10
10 9 10
7 8 10
1000
1 10 0 1
1 10 0 2
1 10 0 3
1 10 0 4
1 10 0 5
1 10 0 6
1 10 0 7
1 10 0 8
1 10 0 9
1 10 0 10
1 10 0 11
1 10 0 12
1 10 0 13
1 10 0 14
1 10 0 15
1 10 0 16
1 10 0 17
1 10 0 18
1 10 0 19
1 10 0 20
1 10 0 21
1 10 0 22
1 10 0 23
1 10 0 24
1 10 0 25
1 10 0 26
1 10 0 27
1 10 0 28
1 10 0 29
1 10 0 30
1 10 0 31
1 10 0 32
1 10 0 33
1 10 0 34
1 10 0 35
1 10 0 36
1 10 0 37
1 10 0 38
1 10 0 39
1 10 0 40
1 10 0 41
1 10 0 42
1 10 0 43
1 10 0 44
1 10 0 45
1 10 0 46
1 10 0 47
1 10 0 48
1 10 0 49
1 10 0 50
1 10 0 51
1 10 0 52
1 10 0 53
1 10 0 54
1 10 0 55
1 10 0 56
1 10 0 57
1 10 0 58
1 10 0 59
1 10 0 60
1 10 0 61
1 10 0 62
1 10 0 63
1 10 0 64
1 10 0 65
1 10 0 66
1 10 0 67
1 10 0 68
1 10 0 69
1 10 0 70
1 10 0 71
1 10 0 72
1 10 0 73
1 10 0 74
1 10 0 75
1 10 0 76
1 10 0 77
1 10 0 78
1 10 0 79
1 10 0 80
1 10 0 81
1 10 0 82
1 10 0 83
1 10 0 84
1 10 0 85
1 10 0 86
1 10 0 87
1 10 0 88
1 10 0 89
1 10 0 90
1 10 0 91
1 10 0 92
1 10 0 93
1 10 0 94
1 10 0 95
1 10 0 96
1 10 0 97
1 10 0 98
1 10 0 99
1 10 0 100
1 10 0 101
1 10 0 102
1 10 0 103
1 10 0 104
1 10 0 105
1 10 0 106
1 10 0 107
1 10 0 108
1 10 0 109
1 10 0 110
1 10 0 111
1 10 0 112
1 10 0 113
1 10 0 114
1 10 0 115
1 10 0 116
1 10 0 117
1 10 0 118
1 10 0 119
1 10 0 120
1 10 0 121
1 10 0 122
1 10 0 123
1 10 0 124
1 10 0 125
1 10 0 126
1 10 0 127
1 10 0 128
1 10 0 129
1 10 0 130
1 10 0 131
1 10 0 132
1 10 0 133
1 10 0 134
1 10 0 135
1 10 0 136
1 10 0 137
1 10 0 138
1 10 0 139
1 10 0 140
1 10 0 141
1 10 0 142
1 10 0 143
1 10 0 144
1 10 0 145
1 10 0 146
1 10 0 147
1 10 0 148
1 10 0 149
1 10 0 150
1 10 0 151
1 10 0 152
1 10 0 153
1 10 0 154
1 10 0 155
1 10 0 156
1 10 0 157
1 10 0 158
1 10 0 159
1 10 0 160
1 10 0 161
1 10 0 162
1 10 0 163
1 10 0 164
1 10 0 165
1 10 0 166
1 10 0 167
1 10 0 168
1 10 0 169
1 10 0 170
1 10 0 171
1 10 0 172
1 10 0 173
1 10 0 174
1 10 0 175
1 10 0 176
1 10 0 177
1 10 0 178
1 10 0 179
1 10 0 180
1 10 0 181
1 10 0 182
1 10 0 183
1 10 0 184
1 10 0 185
1 10 0 186
1 10 0 187
1 10 0 188
1 10 0 189
1 10 0 190
1 10 0 191
1 10 0 192
1 10 0 193
1 10 0 194
1 10 0 195
1 10 0 196
1 10 0 197
1 10 0 198
1 10 0 199
1 10 0 200
1 10 0 201
1 10 0 202
1 10 0 203
1 10 0 204
1 10 0 205
1 10 0 206
1 10 0 207
1 10 0 208
1 10 0 209
1 10 0 210
1 10 0 211
1 10 0 212
1 10 0 213
1 10 0 214
1 10 0 215
1 10 0 216
1 10 0 217
1 10 0 218
1 10 0 219
1 10 0 220
1 10 0 221
1 10 0 222
1 10 0 223
1 10 0 224
1 10 0 225
1 10 0 226
1 10 0 227
1 10 0 228
1 10 0 229
1 10 0 230
1 10 0 231
1 10 0 232
1 10 0 233
1 10 0 234
1 10 0 235
1 10 0 236
1 10 0 237
1 10 0 238
1 10 0 239
1 10 0 240
1 10 0 241
1 10 0 242
1 10 0 243
1 10 0 244
1 10 0 245
1 10 0 246
1 10 0 247
1 10 0 248
1 10 0 249
1 10 0 250
1 10 0 251
1 10 0 252
1 10 0 253
1 10 0 254
1 10 0 255
1 10 0 256
1 10 0 257
1 10 0 258
1 10 0 259
1 10 0 260
1 10 0 261
1 10 0 262
1 10 0 263
1 10 0 264
1 10 0 265
1 10 0 266
1 10 0 267
1 10 0 268
1 10 0 269
1 10 0 270
1 10 0 271
1 10 0 272
1 10 0 273
1 10 0 274
1 10 0 275
1 10 0 276
1 10 0 277
1 10 0 278
1 10 0 279
1 10 0 280
1 10 0 281
1 10 0 282
1 10 0 283
1 10 0 284
1 10 0 285
1 10 0 286
1 10 0 287
1 10 0 288
1 10 0 289
1 10 0 290
1 10 0 291
1 10 0 292
1 10 0 293
1 10 0 294
1 10 0 295
1 10 0 296
1 10 0 297
1 10 0 298
1 10 0 299
1 10 0 300
1 10 0 301
1 10 0 302
1 10 0 303
1 10 0 304
1 10 0 305
1 10 0 306
1 10 0 307
1 10 0 308
1 10 0 309
1 10 0 310
1 10 0 311
1 10 0 312
1 10 0 313
1 10 0 314
1 10 0 315
1 10 0 316
1 10 0 317
1 10 0 318
1 10 0 319
1 10 0 320
1 10 0 321
1 10 0 322
1 10 0 323
1 10 0 324
1 10 0 325
1 10 0 326
1 10 0 327
1 10 0 328
1 10 0 329
1 10 0 330
1 10 0 331
1 10 0 332
1 10 0 333
1 10 0 334
1 10 0 335
1 10 0 336
1 10 0 337
1 10 0 338
1 10 0 339
1 10 0 340
1 10 0 341
1 10 0 342
1 10 0 343
1 10 0 344
1 10 0 345
1 10 0 346
1 10 0 347
1 10 0 348
1 10 0 349
1 10 0 350
1 10 0 351
1 10 0 352
1 10 0 353
1 10 0 354
1 10 0 355
1 10 0 356
1 10 0 357
1 10 0 358
1 10 0 359
1 10 0 360
1 10 0 361
1 10 0 362
1 10 0 363
1 10 0 364
1 10 0 365
1 10 0 366
1 10 0 367
1 10 0 368
1 10 0 369
1 10 0 370
1 10 0 371
1 10 0 372
1 10 0 373
1 10 0 374
1 10 0 375
1 10 0 376
1 10 0 377
1 10 0 378
1 10 0 379
1 10 0 380
1 10 0 381
1 10 0 382
1 10 0 383
1 10 0 384
1 10 0 385
1 10 0 386
1 10 0 387
1 10 0 388
1 10 0 389
1 10 0 390
1 10 0 391
1 10 0 392
1 10 0 393
1 10 0 394
1 10 0 395
1 10 0 396
1 10 0 397
1 10 0 398
1 10 0 399
1 10 0 400
1 10 0 401
1 10 0 402
1 10 0 403
1 10 0 404
1 10 0 405
1 10 0 406
1 10 0 407
1 10 0 408
1 10 0 409
1 10 0 410
1 10 0 411
1 10 0 412
1 10 0 413
1 10 0 414
1 10 0 415
1 10 0 416
1 10 0 417
1 10 0 418
1 10 0 419
1 10 0 420
1 10 0 421
1 10 0 422
1 10 0 423
1 10 0 424
1 10 0 425
1 10 0 426
1 10 0 427
1 10 0 428
1 10 0 429
1 10 0 430
1 10 0 431
1 10 0 432
1 10 0 433
1 10 0 434
1 10 0 435
1 10 0 436
1 10 0 437
1 10 0 438
1 10 0 439
1 10 0 440
1 10 0 441
1 10 0 442
1 10 0 443
1 10 0 444
1 10 0 445
1 10 0 446
1 10 0 447
1 10 0 448
1 10 0 449
1 10 0 450
1 10 0 451
1 10 0 452
1 10 0 453
1 10 0 454
1 10 0 455
1 10 0 456
1 10 0 457
1 10 0 458
1 10 0 459
1 10 0 460
1 10 0 461
1 10 0 462
1 10 0 463
1 10 0 464
1 10 0 465
1 10 0 466
1 10 0 467
1 10 0 468
1 10 0 469
1 10 0 470
1 10 0 471
1 10 0 472
1 10 0 473
1 10 0 474
1 10 0 475
1 10 0 476
1 10 0 477
1 10 0 478
1 10 0 479
1 10 0 480
1 10 0 481
1 10 0 482
1 10 0 483
1 10 0 484
1 10 0 485
1 10 0 486
1 10 0 487
1 10 0 488
1 10 0 489
1 10 0 490
1 10 0 491
1 10 0 492
1 10 0 493
1 10 0 494
1 10 0 495
1 10 0 496
1 10 0 497
1 10 0 498
1 10 0 499
1 10 0 500
1 10 0 501
1 10 0 502
1 10 0 503
1 10 0 504
1 10 0 505
1 10 0 506
1 10 0 507
1 10 0 508
1 10 0 509
1 10 0 510
1 10 0 511
1 10 0 512
1 10 0 513
1 10 0 514
1 10 0 515
1 10 0 516
1 10 0 517
1 10 0 518
1 10 0 519
1 10 0 520
1 10 0 521
1 10 0 522
1 10 0 523
1 10 0 524
1 10 0 525
1 10 0 526
1 10 0 527
1 10 0 528
1 10 0 529
1 10 0 530
1 10 0 531
1 10 0 532
1 10 0 533
1 10 0 534
1 10 0 535
1 10 0 536
1 10 0 537
1 10 0 538
1 10 0 539
1 10 0 540
1 10 0 541
1 10 0 542
1 10 0 543
1 10 0 544
1 10 0 545
1 10 0 546
1 10 0 547
1 10 0 548
1 10 0 549
1 10 0 550
1 10 0 551
1 10 0 552
1 10 0 553
1 10 0 554
1 10 0 555
1 10 0 556
1 10 0 557
1 10 0 558
1 10 0 559
1 10 0 560
1 10 0 561
1 10 0 562
1 10 0 563
1 10 0 564
1 10 0 565
1 10 0 566
1 10 0 567
1 10 0 568
1 10 0 569
1 10 0 570
1 10 0 571
1 10 0 572
1 10 0 573
1 10 0 574
1 10 0 575
1 10 0 576
1 10 0 577
1 10 0 578
1 10 0 579
1 10 0 580
1 10 0 581
1 10 0 582
1 10 0 583
1 10 0 584
1 10 0 585
1 10 0 586
1 10 0 587
1 10 0 588
1 10 0 589
1 10 0 590
1 10 0 591
1 10 0 592
1 10 0 593
1 10 0 594
1 10 0 595
1 10 0 596
1 10 0 597
1 10 0 598
1 10 0 599
1 10 0 600
1 10 0 601
1 10 0 602
1 10 0 603
1 10 0 604
1 10 0 605
1 10 0 606
1 10 0 607
1 10 0 608
1 10 0 609
1 10 0 610
1 10 0 611
1 10 0 612
1 10 0 613
1 10 0 614
1 10 0 615
1 10 0 616
1 10 0 617
1 10 0 618
1 10 0 619
1 10 0 620
1 10 0 621
1 10 0 622
1 10 0 623
1 10 0 624
1 10 0 625
1 10 0 626
1 10 0 627
1 10 0 628
1 10 0 629
1 10 0 630
1 10 0 631
1 10 0 632
1 10 0 633
1 10 0 634
1 10 0 635
1 10 0 636
1 10 0 637
1 10 0 638
1 10 0 639
1 10 0 640
1 10 0 641
1 10 0 642
1 10 0 643
1 10 0 644
1 10 0 645
1 10 0 646
1 10 0 647
1 10 0 648
1 10 0 649
1 10 0 650
1 10 0 651
1 10 0 652
1 10 0 653
1 10 0 654
1 10 0 655
1 10 0 656
1 10 0 657
1 10 0 658
1 10 0 659
1 10 0 660
1 10 0 661
1 10 0 662
1 10 0 663
1 10 0 664
1 10 0 665
1 10 0 666
1 10 0 667
1 10 0 668
1 10 0 669
1 10 0 670
1 10 0 671
1 10 0 672
1 10 0 673
1 10 0 674
1 10 0 675
1 10 0 676
1 10 0 677
1 10 0 678
1 10 0 679
1 10 0 680
1 10 0 681
1 10 0 682
1 10 0 683
1 10 0 684
1 10 0 685
1 10 0 686
1 10 0 687
1 10 0 688
1 10 0 689
1 10 0 690
1 10 0 691
1 10 0 692
1 10 0 693
1 10 0 694
1 10 0 695
1 10 0 696
1 10 0 697
1 10 0 698
1 10 0 699
1 10 0 700
1 10 0 701
1 10 0 702
1 10 0 703
1 10 0 704
1 10 0 705
1 10 0 706
1 10 0 707
1 10 0 708
1 10 0 709
1 10 0 710
1 10 0 711
1 10 0 712
1 10 0 713
1 10 0 714
1 10 0 715
1 10 0 716
1 10 0 717
1 10 0 718
1 10 0 719
1 10 0 720
1 10 0 721
1 10 0 722
1 10 0 723
1 10 0 724
1 10 0 725
1 10 0 726
1 10 0 727
1 10 0 728
1 10 0 729
1 10 0 730
1 10 0 731
1 10 0 732
1 10 0 733
1 10 0 734
1 10 0 735
1 10 0 736
1 10 0 737
1 10 0 738
1 10 0 739
1 10 0 740
1 10 0 741
1 10 0 742
1 10 0 743
1 10 0 744
1 10 0 745
1 10 0 746
1 10 0 747
1 10 0 748
1 10 0 749
1 10 0 750
1 10 0 751
1 10 0 752
1 10 0 753
1 10 0 754
1 10 0 755
1 10 0 756
1 10 0 757
1 10 0 758
1 10 0 759
1 10 0 760
1 10 0 761
1 10 0 762
1 10 0 763
1 10 0 764
1 10 0 765
1 10 0 766
1 10 0 767
1 10 0 768
1 10 0 769
1 10 0 770
1 10 0 771
1 10 0 772
1 10 0 773
1 10 0 774
1 10 0 775
1 10 0 776
1 10 0 777
1 10 0 778
1 10 0 779
1 10 0 780
1 10 0 781
1 10 0 782
1 10 0 783
1 10 0 784
1 10 0 785
1 10 0 786
1 10 0 787
1 10 0 788
1 10 0 789
1 10 0 790
1 10 0 791
1 10 0 792
1 10 0 793
1 10 0 794
1 10 0 795
1 10 0 796
1 10 0 797
1 10 0 798
1 10 0 799
1 10 0 800
1 10 0 801
1 10 0 802
1 10 0 803
1 10 0 804
1 10 0 805
1 10 0 806
1 10 0 807
1 10 0 808
1 10 0 809
1 10 0 810
1 10 0 811
1 10 0 812
1 10 0 813
1 10 0 814
1 10 0 815
1 10 0 816
1 10 0 817
1 10 0 818
1 10 0 819
1 10 0 820
1 10 0 821
1 10 0 822
1 10 0 823
1 10 0 824
1 10 0 825
1 10 0 826
1 10 0 827
1 10 0 828
1 10 0 829
1 10 0 830
1 10 0 831
1 10 0 832
1 10 0 833
1 10 0 834
1 10 0 835
1 10 0 836
1 10 0 837
1 10 0 838
1 10 0 839
1 10 0 840
1 10 0 841
1 10 0 842
1 10 0 843
1 10 0 844
1 10 0 845
1 10 0 846
1 10 0 847
1 10 0 848
1 10 0 849
1 10 0 850
1 10 0 851
1 10 0 852
1 10 0 853
1 10 0 854
1 10 0 855
1 10 0 856
1 10 0 857
1 10 0 858
1 10 0 859
1 10 0 860
1 10 0 861
1 10 0 862
1 10 0 863
1 10 0 864
1 10 0 865
1 10 0 866
1 10 0 867
1 10 0 868
1 10 0 869
1 10 0 870
1 10 0 871
1 10 0 872
1 10 0 873
1 10 0 874
1 10 0 875
1 10 0 876
1 10 0 877
1 10 0 878
1 10 0 879
1 10 0 880
1 10 0 881
1 10 0 882
1 10 0 883
1 10 0 884
1 10 0 885
1 10 0 886
1 10 0 887
1 10 0 888
1 10 0 889
1 10 0 890
1 10 0 891
1 10 0 892
1 10 0 893
1 10 0 894
1 10 0 895
1 10 0 896
1 10 0 897
1 10 0 898
1 10 0 899
1 10 0 900
1 10 0 901
1 10 0 902
1 10 0 903
1 10 0 904
1 10 0 905
1 10 0 906
1 10 0 907
1 10 0 908
1 10 0 909
1 10 0 910
1 10 0 911
1 10 0 912
1 10 0 913
1 10 0 914
1 10 0 915
1 10 0 916
1 10 0 917
1 10 0 918
1 10 0 919
1 10 0 920
1 10 0 921
1 10 0 922
1 10 0 923
1 10 0 924
1 10 0 925
1 10 0 926
1 10 0 927
1 10 0 928
1 10 0 929
1 10 0 930
1 10 0 931
1 10 0 932
1 10 0 933
1 10 0 934
1 10 0 935
1 10 0 936
1 10 0 937
1 10 0 938
1 10 0 939
1 10 0 940
1 10 0 941
1 10 0 942
1 10 0 943
1 10 0 944
1 10 0 945
1 10 0 946
1 10 0 947
1 10 0 948
1 10 0 949
1 10 0 950
1 10 0 951
1 10 0 952
1 10 0 953
1 10 0 954
1 10 0 955
1 10 0 956
1 10 0 957
1 10 0 958
1 10 0 959
1 10 0 960
1 10 0 961
1 10 0 962
1 10 0 963
1 10 0 964
1 10 0 965
1 10 0 966
1 10 0 967
1 10 0 968
1 10 0 969
1 10 0 970
1 10 0 971
1 10 0 972
1 10 0 973
1 10 0 974
1 10 0 975
1 10 0 976
1 10 0 977
1 10 0 978
1 10 0 979
1 10 0 980
1 10 0 981
1 10 0 982
1 10 0 983
1 10 0 984
1 10 0 985
1 10 0 986
1 10 0 987
1 10 0 988
1 10 0 989
1 10 0 990
1 10 0 991
1 10 0 992
1 10 0 993
1 10 0 994
1 10 0 995
1 10 0 996
1 10 0 997
1 10 0 998
1 10 0 999
1 10 0 1000
32 496
1 2 1
1 3 1
1 4 1
1 5 1
1 6 1
1 7 1
1 8 1
1 9 1
1 10 1
1 11 1
1 12 1
1 13 1
1 14 1
1 15 1
1 16 1
1 17 1
1 18 1
1 19 1
1 20 1
1 21 1
1 22 1
1 23 1
1 24 1
1 25 1
1 26 1
1 27 1
1 28 1
1 29 1
1 30 1
1 31 1
1 32 1
2 3 1
2 4 1
2 5 1
2 6 1
2 7 1
2 8 1
2 9 1
2 10 1
2 11 1
2 12 1
2 13 1
2 14 1
2 15 1
2 16 1
2 17 1
2 18 1
2 19 1
2 20 1
2 21 1
2 22 1
2 23 1
2 24 1
2 25 1
2 26 1
2 27 1
2 28 1
2 29 1
2 30 1
2 31 1
2 32 1
3 4 1
3 5 1
3 6 1
3 7 1
3 8 1
3 9 1
3 10 1
3 11 1
3 12 1
3 13 1
3 14 1
3 15 1
3 16 1
3 17 1
3 18 1
3 19 1
3 20 1
3 21 1
3 22 1
3 23 1
3 24 1
3 25 1
3 26 1
3 27 1
3 28 1
3 29 1
3 30 1
3 31 1
3 32 1
4 5 1
4 6 1
4 7 1
4 8 1
4 9 1
4 10 1
4 11 1
4 12 1
4 13 1
4 14 1
4 15 1
4 16 1
4 17 1
4 18 1
4 19 1
4 20 1
4 21 1
4 22 1
4 23 1
4 24 1
4 25 1
4 26 1
4 27 1
4 28 1
4 29 1
4 30 1
4 31 1
4 32 1
5 6 1
5 7 1
5 8 1
5 9 1
5 10 1
5 11 1
5 12 1
5 13 1
5 14 1
5 15 1
5 16 1
5 17 1
5 18 1
5 19 1
5 20 1
5 21 1
5 22 1
5 23 1
5 24 1
5 25 1
5 26 1
5 27 1
5 28 1
5 29 1
5 30 1
5 31 1
5 32 1
6 7 1
6 8 1
6 9 1
6 10 1
6 11 1
6 12 1
6 13 1
6 14 1
6 15 1
6 16 1
6 17 1
6 18 1
6 19 1
6 20 1
6 21 1
6 22 1
6 23 1
6 24 1
6 25 1
6 26 1
6 27 1
6 28 1
6 29 1
6 30 1
6 31 1
6 32 1
7 8 1
7 9 1
7 10 1
7 11 1
7 12 1
7 13 1
7 14 1
7 15 1
7 16 1
7 17 1
7 18 1
7 19 1
7 20 1
7 21 1
7 22 1
7 23 1
7 24 1
7 25 1
7 26 1
7 27 1
7 28 1
7 29 1
7 30 1
7 31 1
7 32 1
8 9 1
8 10 1
8 11 1
8 12 1
8 13 1
8 14 1
8 15 1
8 16 1
8 17 1
8 18 1
8 19 1
8 20 1
8 21 1
8 22 1
8 23 1
8 24 1
8 25 1
8 26 1
8 27 1
8 28 1
8 29 1
8 30 1
8 31 1
8 32 1
9 10 1
9 11 1
9 12 1
9 13 1
9 14 1
9 15 1
9 16 1
9 17 1
9 18 1
9 19 1
9 20 1
9 21 1
9 22 1
9 23 1
9 24 1
9 25 1
9 26 1
9 27 1
9 28 1
9 29 1
9 30 1
9 31 1
9 32 1
10 11 1
10 12 1
10 13 1
10 14 1
10 15 1
10 16 1
10 17 1
10 18 1
10 19 1
10 20 1
10 21 1
10 22 1
10 23 1
10 24 1
10 25 1
10 26 1
10 27 1
10 28 1
10 29 1
10 30 1
10 31 1
10 32 1
11 12 1
11 13 1
11 14 1
11 15 1
11 16 1
11 17 1
11 18 1
11 19 1
11 20 1
11 21 1
11 22 1
11 23 1
11 24 1
11 25 1
11 26 1
11 27 1
11 28 1
11 29 1
11 30 1
11 31 1
11 32 1
12 13 1
12 14 1
12 15 1
12 16 1
12 17 1
12 18 1
12 19 1
12 20 1
12 21 1
12 22 1
12 23 1
12 24 1
12 25 1
12 26 1
12 27 1
12 28 1
12 29 1
12 30 1
12 31 1
12 32 1
13 14 1
13 15 1
13 16 1
13 17 1
13 18 1
13 19 1
13 20 1
13 21 1
13 22 1
13 23 1
13 24 1
13 25 1
13 26 1
13 27 1
13 28 1
13 29 1
13 30 1
13 31 1
13 32 1
14 15 1
14 16 1
14 17 1
14 18 1
14 19 1
14 20 1
14 21 1
14 22 1
14 23 1
14 24 1
14 25 1
14 26 1
14 27 1
14 28 1
14 29 1
14 30 1
14 31 1
14 32 1
15 16 1
15 17 1
15 18 1
15 19 1
15 20 1
15 21 1
15 22 1
15 23 1
15 24 1
15 25 1
15 26 1
15 27 1
15 28 1
15 29 1
15 30 1
15 31 1
15 32 1
16 17 1
16 18 1
16 19 1
16 20 1
16 21 1
16 22 1
16 23 1
16 24 1
16 25 1
16 26 1
16 27 1
16 28 1
16 29 1
16 30 1
16 31 1
16 32 1
17 18 1
17 19 1
17 20 1
17 21 1
17 22 1
17 23 1
17 24 1
17 25 1
17 26 1
17 27 1
17 28 1
17 29 1
17 30 1
17 31 1
17 32 1
18 19 1
18 20 1
18 21 1
18 22 1
18 23 1
18 24 1
18 25 1
18 26 1
18 27 1
18 28 1
18 29 1
18 30 1
18 31 1
18 32 1
19 20 1
19 21 1
19 22 1
19 23 1
19 24 1
19 25 1
19 26 1
19 27 1
19 28 1
19 29 1
19 30 1
19 31 1
19 32 1
20 21 1
20 22 1
20 23 1
20 24 1
20 25 1
20 26 1
20 27 1
20 28 1
20 29 1
20 30 1
20 31 1
20 32 1
21 22 1
21 23 1
21 24 1
21 25 1
21 26 1
21 27 1
21 28 1
21 29 1
21 30 1
21 31 1
21 32 1
22 23 1
22 24 1
22 25 1
22 26 1
22 27 1
22 28 1
22 29 1
22 30 1
22 31 1
22 32 1
23 24 1
23 25 1
23 26 1
23 27 1
23 28 1
23 29 1
23 30 1
23 31 1
23 32 1
24 25 1
24 26 1
24 27 1
24 28 1
24 29 1
24 30 1
24 31 1
24 32 1
25 26 1
25 27 1
25 28 1
25 29 1
25 30 1
25 31 1
25 32 1
26 27 1
26 28 1
26 29 1
26 30 1
26 31 1
26 32 1
27 28 1
27 29 1
27 30 1
27 31 1
27 32 1
28 29 1
28 30 1
28 31 1
28 32 1
29 30 1
29 31 1
29 32 1
30 31 1
30 32 1
31 32 1
1000
30 1 1 Aa0
22 26 2 Aa1
15 9 3 Aa2
4 28 4 Aa3
32 12 5 Aa4
12 8 6 Aa5
4 24 7 Aa6
28 18 8 Aa7
18 13 9 Aa8
7 16 10 Aa9
26 30 11 Ab0
24 26 12 Ab1
24 31 13 Ab2
2 16 14 Ab3
26 30 15 Ab4
7 4 16 Ab5
10 6 17 Ab6
16 28 18 Ab7
19 11 19 Ab8
31 24 20 Ab9
1 14 21 Ac0
6 21 22 Ac1
12 19 23 Ac2
17 15 24 Ac3
19 10 25 Ac4
29 4 26 Ac5
6 20 27 Ac6
28 2 28 Ac7
6 27 29 Ac8
9 27 30 Ac9
3 14 31 Ad0
23 17 32 Ad1
12 19 33 Ad2
24 31 34 Ad3
7 17 35 Ad4
8 30 36 Ad5
17 29 37 Ad6
4 10 38 Ad7
5 31 39 Ad8
22 20 40 Ad9
24 20 41 Ae0
11 13 42 Ae1
14 5 43 Ae2
14 29 44 Ae3
27 7 45 Ae4
18 4 46 Ae5
19 22 47 Ae6
12 6 48 Ae7
26 31 49 Ae8
32 27 50 Ae9
28 17 51 Af0
23 8 52 Af1
5 24 53 Af2
28 26 54 Af3
13 15 55 Af4
29 30 56 Af5
32 22 57 Af6
30 17 58 Af7
16 10 59 Af8
32 25 60 Af9
30 20 61 Ag0
2 24 62 Ag1
12 27 63 Ag2
28 2 64 Ag3
30 5 65 Ag4
19 8 66 Ag5
32 16 67 Ag6
1 6 68 Ag7
4 30 69 Ag8
21 14 70 Ag9
20 27 71 Ah0
30 24 72 Ah1
4 10 73 Ah2
20 6 74 Ah3
18 21 75 Ah4
32 3 76 Ah5
22 31 77 Ah6
9 16 78 Ah7
9 29 79 Ah8
13 25 80 Ah9
15 2 81 Ai0
2 8 82 Ai1
20 15 83 Ai2
3 2 84 Ai3
27 26 85 Ai4
29 21 86 Ai5
23 15 87 Ai6
19 16 88 Ai7
9 12 89 Ai8
19 11 90 Ai9
26 30 91 Aj0
22 10 92 Aj1
17 18 93 Aj2
29 13 94 Aj3
21 14 95 Aj4
27 24 96 Aj5
16 9 97 Aj6
25 16 98 Aj7
19 17 99 Aj8
7 16 100 Aj9
11 18 101 Ak0
23 3 102 Ak1
31 27 103 Ak2
13 1 104 Ak3
32 21 105 Ak4
15 5 106 Ak5
21 16 107 Ak6
32 4 108 Ak7
29 23 109 Ak8
4 22 110 Ak9
30 17 111 Al0
7 29 112 Al1
26 32 113 Al2
27 8 114 Al3
22 32 115 Al4
16 21 116 Al5
11 3 117 Al6
2 14 118 Al7
6 20 119 Al8
29 16 120 Al9
21 13 121 Am0
22 26 122 Am1
2 23 123 Am2
26 16 124 Am3
30 15 125 Am4
19 14 126 Am5
6 16 127 Am6
26 23 128 Am7
22 29 129 Am8
30 8 130 Am9
21 22 131 An0
24 25 132 An1
32 30 133 An2
15 9 134 An3
24 13 135 An4
8 17 136 An5
31 15 137 An6
19 24 138 An7
24 21 139 An8
5 3 140 An9
20 22 141 Ao0
31 16 142 Ao1
3 21 143 Ao2
6 12 144 Ao3
18 25 145 Ao4
8 10 146 Ao5
29 5 147 Ao6
2 25 148 Ao7
2 27 149 Ao8
1 14 150 Ao9
19 25 151 Ap0
27 30 152 Ap1
1 11 153 Ap2
31 17 154 Ap3
4 31 155 Ap4
9 26 156 Ap5
11 12 157 Ap6
31 20 158 Ap7
1 2 159 Ap8
31 26 160 Ap9
8 20 161 Aq0
5 29 162 Aq1
31 22 163 Aq2
28 6 164 Aq3
9 29 165 Aq4
12 17 166 Aq5
22 27 167 Aq6
7 27 168 Aq7
11 1 169 Aq8
21 17 170 Aq9
8 26 171 Ar0
4 12 172 Ar1
8 23 173 Ar2
3 1 174 Ar3
7 23 175 Ar4
26 12 176 Ar5
16 21 177 Ar6
25 17 178 Ar7
26 13 179 Ar8
15 32 180 Ar9
31 10 181 As0
25 7 182 As1
16 24 183 As2
17 11 184 As3
30 3 185 As4
4 12 186 As5
32 24 187 As6
4 14 188 As7
31 13 189 As8
4 12 190 As9
8 28 191 At0
32 3 192 At1
4 28 193 At2
17 28 194 At3
23 32 195 At4
31 2 196 At5
25 26 197 At6
22 1 198 At7
2 30 199 At8
24 29 200 At9
32 13 201 Au0
2 20 202 Au1
17 13 203 Au2
5 18 204 Au3
11 15 205 Au4
20 24 206 Au5
4 7 207 Au6
7 32 208 Au7
17 24 209 Au8
29 10 210 Au9
28 22 211 Av0
20 28 212 Av1
30 31 213 Av2
4 18 214 Av3
27 25 215 Av4
5 29 216 Av5
17 8 217 Av6
4 2 218 Av7
30 15 219 Av8
5 12 220 Av9
1 24 221 Aw0
13 27 222 Aw1
7 11 223 Aw2
5 7 224 Aw3
11 24 225 Aw4
1 23 226 Aw5
17 22 227 Aw6
27 6 228 Aw7
21 17 229 Aw8
7 20 230 Aw9
14 10 231 Ax0
4 31 232 Ax1
10 25 233 Ax2
13 32 234 Ax3
6 13 235 Ax4
31 27 236 Ax5
12 7 237 Ax6
1 21 238 Ax7
16 20 239 Ax8
27 2 240 Ax9
17 23 241 Ay0
3 23 242 Ay1
24 23 243 Ay2
9 2 244 Ay3
19 23 245 Ay4
8 27 246 Ay5
5 16 247 Ay6
1 13 248 Ay7
24 11 249 Ay8
1 10 250 Ay9
1 32 251 Az0
1 27 252 Az1
4 14 253 Az2
28 16 254 Az3
29 9 255 Az4
14 32 256 Az5
14 29 257 Az6
10 26 258 Az7
15 10 259 Az8
24 8 260 Az9
25 11 261 Ba0
23 18 262 Ba1
28 24 263 Ba2
9 16 264 Ba3
10 30 265 Ba4
26 8 266 Ba5
3 5 267 Ba6
18 17 268 Ba7
11 13 269 Ba8
8 28 270 Ba9
10 20 271 Bb0
28 20 272 Bb1
13 21 273 Bb2
3 18 274 Bb3
6 19 275 Bb4
26 21 276 Bb5
27 25 277 Bb6
26 18 278 Bb7
25 18 279 Bb8
26 2 280 Bb9
29 26 281 Bc0
19 9 282 Bc1
19 22 283 Bc2
1 4 284 Bc3
2 17 285 Bc4
8 24 286 Bc5
22 20 287 Bc6
12 1 288 Bc7
7 21 289 Bc8
11 15 290 Bc9
13 17 291 Bd0
30 8 292 Bd1
8 16 293 Bd2
2 5 294 Bd3
6 25 295 Bd4
26 4 296 Bd5
29 14 297 Bd6
17 9 298 Bd7
32 28 299 Bd8
31 19 300 Bd9
13 21 301 Be0
10 21 302 Be1
9 17 303 Be2
32 9 304 Be3
7 16 305 Be4
27 10 306 Be5
20 19 307 Be6
4 6 308 Be7
31 18 309 Be8
25 30 310 Be9
3 18 311 Bf0
30 23 312 Bf1
14 13 313 Bf2
27 32 314 Bf3
25 10 315 Bf4
9 28 316 Bf5
9 27 317 Bf6
20 2 318 Bf7
14 12 319 Bf8
16 24 320 Bf9
20 19 321 Bg0
3 1 322 Bg1
18 9 323 Bg2
29 3 324 Bg3
21 11 325 Bg4
19 10 326 Bg5
3 13 327 Bg6
25 20 328 Bg7
14 25 329 Bg8
3 17 330 Bg9
12 10 331 Bh0
22 11 332 Bh1
19 31 333 Bh2
4 8 334 Bh3
4 2 335 Bh4
20 27 336 Bh5
13 31 337 Bh6
22 32 338 Bh7
13 1 339 Bh8
21 31 340 Bh9
20 16 341 Bi0
29 23 342 Bi1
8 27 343 Bi2
13 30 344 Bi3
4 20 345 Bi4
3 24 346 Bi5
3 25 347 Bi6
31 18 348 Bi7
7 1 349 Bi8
30 23 350 Bi9
1 16 351 Bj0
28 19 352 Bj1
15 1 353 Bj2
32 9 354 Bj3
28 18 355 Bj4
27 11 356 Bj5
14 3 357 Bj6
31 15 358 Bj7
2 29 359 Bj8
9 1 360 Bj9
24 1 361 Bk0
5 7 362 Bk1
4 9 363 Bk2
6 18 364 Bk3
4 29 365 Bk4
20 24 366 Bk5
15 18 367 Bk6
18 1 368 Bk7
2 18 369 Bk8
30 14 370 Bk9
10 14 371 Bl0
23 15 372 Bl1
27 22 373 Bl2
1 2 374 Bl3
14 17 375 Bl4
6 11 376 Bl5
22 10 377 Bl6
28 25 378 Bl7
31 17 379 Bl8
26 10 380 Bl9
15 30 381 Bm0
21 9 382 Bm1
2 20 383 Bm2
28 32 384 Bm3
6 23 385 Bm4
25 17 386 Bm5
4 17 387 Bm6
14 15 388 Bm7
32 12 389 Bm8
4 30 390 Bm9
18 30 391 Bn0
30 10 392 Bn1
1 13 393 Bn2
1 21 394 Bn3
30 29 395 Bn4
14 25 396 Bn5
9 11 397 Bn6
30 31 398 Bn7
26 31 399 Bn8
11 14 400 Bn9
11 19 401 Bo0
21 31 402 Bo1
32 2 403 Bo2
1 19 404 Bo3
32 12 405 Bo4
21 11 406 Bo5
1 10 407 Bo6
25 17 408 Bo7
1 15 409 Bo8
4 25 410 Bo9
7 8 411 Bp0
21 31 412 Bp1
6 15 413 Bp2
32 12 414 Bp3
15 21 415 Bp4
12 22 416 Bp5
25 28 417 Bp6
24 25 418 Bp7
15 2 419 Bp8
22 14 420 Bp9
9 19 421 Bq0
5 30 422 Bq1
6 26 423 Bq2
4 12 424 Bq3
31 26 425 Bq4
21 25 426 Bq5
25 2 427 Bq6
1 12 428 Bq7
2 3 429 Bq8
22 23 430 Bq9
25 11 431 Br0
23 9 432 Br1
11 17 433 Br2
14 9 434 Br3
13 4 435 Br4
24 16 436 Br5
23 26 437 Br6
28 23 438 Br7
31 10 439 Br8
14 12 440 Br9
2 28 441 Bs0
25 27 442 Bs1
18 30 443 Bs2
8 29 444 Bs3
16 7 445 Bs4
15 6 446 Bs5
4 19 447 Bs6
28 30 448 Bs7
2 21 449 Bs8
31 14 450 Bs9
18 29 451 Bt0
19 26 452 Bt1
21 7 453 Bt2
10 9 454 Bt3
14 25 455 Bt4
22 18 456 Bt5
28 29 457 Bt6
2 24 458 Bt7
29 13 459 Bt8
7 26 460 Bt9
27 12 461 Bu0
26 27 462 Bu1
32 27 463 Bu2
7 3 464 Bu3
12 31 465 Bu4
15 11 466 Bu5
6 12 467 Bu6
26 2 468 Bu7
3 19 469 Bu8
31 3 470 Bu9
5 18 471 Bv0
31 3 472 Bv1
20 8 473 Bv2
15 26 474 Bv3
22 19 475 Bv4
21 12 476 Bv5
25 7 477 Bv6
16 10 478 Bv7
31 22 479 Bv8
8 25 480 Bv9
4 32 481 Bw0
26 5 482 Bw1
1 22 483 Bw2
22 10 484 Bw3
24 12 485 Bw4
27 23 486 Bw5
15 6 487 Bw6
17 11 488 Bw7
17 27 489 Bw8
14 20 490 Bw9
12 3 491 Bx0
22 1 492 Bx1
7 32 493 Bx2
11 24 494 Bx3
28 31 495 Bx4
26 31 496 Bx5
6 10 497 Bx6
2 31 498 Bx7
30 5 499 Bx8
17 15 500 Bx9
20 14 501 By0
18 21 502 By1
14 22 503 By2
7 9 504 By3
17 14 505 By4
31 7 506 By5
24 1 507 By6
18 4 508 By7
17 28 509 By8
10 8 510 By9
3 6 511 Bz0
28 4 512 Bz1
29 24 513 Bz2
16 19 514 Bz3
4 17 515 Bz4
10 19 516 Bz5
19 16 517 Bz6
18 29 518 Bz7
10 26 519 Bz8
22 4 520 Bz9
9 23 521 Ca0
31 29 522 Ca1
11 18 523 Ca2
5 8 524 Ca3
27 28 525 Ca4
15 13 526 Ca5
26 29 527 Ca6
12 13 528 Ca7
9 11 529 Ca8
32 7 530 Ca9
29 32 531 Cb0
23 8 532 Cb1
32 2 533 Cb2
21 6 534 Cb3
31 9 535 Cb4
29 2 536 Cb5
32 10 537 Cb6
19 24 538 Cb7
2 10 539 Cb8
30 14 540 Cb9
19 8 541 Cc0
28 3 542 Cc1
9 22 543 Cc2
15 24 544 Cc3
1 6 545 Cc4
5 8 546 Cc5
2 20 547 Cc6
29 30 548 Cc7
15 23 549 Cc8
11 27 550 Cc9
29 16 551 Cd0
9 15 552 Cd1
6 18 553 Cd2
23 14 554 Cd3
1 28 555 Cd4
4 7 556 Cd5
30 12 557 Cd6
3 1 558 Cd7
31 1 559 Cd8
29 13 560 Cd9
22 1 561 Ce0
11 24 562 Ce1
1 31 563 Ce2
9 21 564 Ce3
15 17 565 Ce4
27 26 566 Ce5
26 2 567 Ce6
27 1 568 Ce7
25 3 569 Ce8
23 3 570 Ce9
20 29 571 Cf0
31 8 572 Cf1
18 7 573 Cf2
4 11 574 Cf3
6 15 575 Cf4
23 7 576 Cf5
8 32 577 Cf6
11 28 578 Cf7
1 28 579 Cf8
26 15 580 Cf9
29 9 581 Cg0
20 21 582 Cg1
24 27 583 Cg2
23 7 584 Cg3
25 30 585 Cg4
5 18 586 Cg5
19 27 587 Cg6
32 19 588 Cg7
9 20 589 Cg8
11 31 590 Cg9
20 13 591 Ch0
25 30 592 Ch1
1 30 593 Ch2
20 11 594 Ch3
2 4 595 Ch4
22 24 596 Ch5
1 10 597 Ch6
17 22 598 Ch7
25 11 599 Ch8
26 10 600 Ch9
9 17 601 Ci0
22 23 602 Ci1
26 20 603 Ci2
14 25 604 Ci3
22 12 605 Ci4
7 18 606 Ci5
31 9 607 Ci6
29 16 608 Ci7
8 22 609 Ci8
10 29 610 Ci9
9 14 611 Cj0
32 2 612 Cj1
9 12 613 Cj2
30 22 614 Cj3
3 30 615 Cj4
10 11 616 Cj5
7 20 617 Cj6
9 20 618 Cj7
14 27 619 Cj8
21 1 620 Cj9
21 19 621 Ck0
31 18 622 Ck1
15 22 623 Ck2
12 20 624 Ck3
28 13 625 Ck4
31 14 626 Ck5
20 14 627 Ck6
5 2 628 Ck7
13 5 629 Ck8
26 24 630 Ck9
15 31 631 Cl0
26 3 632 Cl1
10 19 633 Cl2
7 28 634 Cl3
25 32 635 Cl4
18 14 636 Cl5
31 7 637 Cl6
16 19 638 Cl7
32 4 639 Cl8
20 24 640 Cl9
8 11 641 Cm0
8 19 642 Cm1
7 17 643 Cm2
17 26 644 Cm3
6 29 645 Cm4
29 32 646 Cm5
16 24 647 Cm6
6 1 648 Cm7
23 8 649 Cm8
13 4 650 Cm9
13 21 651 Cn0
8 4 652 Cn1
16 3 653 Cn2
28 19 654 Cn3
28 2 655 Cn4
10 8 656 Cn5
16 19 657 Cn6
12 1 658 Cn7
27 5 659 Cn8
32 20 660 Cn9
20 11 661 Co0
15 23 662 Co1
10 27 663 Co2
18 9 664 Co3
32 23 665 Co4
24 27 666 Co5
27 1 667 Co6
27 7 668 Co7
21 10 669 Co8
4 10 670 Co9
27 3 671 Cp0
2 18 672 Cp1
10 24 673 Cp2
30 11 674 Cp3
14 6 675 Cp4
9 8 676 Cp5
15 25 677 Cp6
13 5 678 Cp7
25 11 679 Cp8
9 31 680 Cp9
15 4 681 Cq0
11 26 682 Cq1
9 23 683 Cq2
20 25 684 Cq3
4 25 685 Cq4
14 11 686 Cq5
22 25 687 Cq6
10 8 688 Cq7
18 32 689 Cq8
15 2 690 Cq9
3 26 691 Cr0
30 4 692 Cr1
14 11 693 Cr2
6 27 694 Cr3
28 24 695 Cr4
24 4 696 Cr5
32 9 697 Cr6
2 7 698 Cr7
12 10 699 Cr8
3 1 700 Cr9
21 31 701 Cs0
15 20 702 Cs1
28 26 703 Cs2
31 10 704 Cs3
12 15 705 Cs4
3 10 706 Cs5
19 2 707 Cs6
15 19 708 Cs7
10 27 709 Cs8
10 13 710 Cs9
18 30 711 Ct0
22 5 712 Ct1
27 4 713 Ct2
2 3 714 Ct3
6 26 715 Ct4
12 23 716 Ct5
9 6 717 Ct6
20 22 718 Ct7
29 1 719 Ct8
30 29 720 Ct9
24 18 721 Cu0
17 30 722 Cu1
28 12 723 Cu2
24 11 724 Cu3
19 21 725 Cu4
17 31 726 Cu5
22 1 727 Cu6
23 13 728 Cu7
4 19 729 Cu8
32 4 730 Cu9
22 11 731 Cv0
22 25 732 Cv1
31 15 733 Cv2
24 7 734 Cv3
22 15 735 Cv4
30 32 736 Cv5
5 1 737 Cv6
32 13 738 Cv7
16 12 739 Cv8
9 13 740 Cv9
1 12 741 Cw0
10 27 742 Cw1
30 21 743 Cw2
32 19 744 Cw3
5 28 745 Cw4
10 7 746 Cw5
31 30 747 Cw6
2 13 748 Cw7
12 6 749 Cw8
30 6 750 Cw9
9 32 751 Cx0
24 15 752 Cx1
7 12 753 Cx2
13 23 754 Cx3
17 14 755 Cx4
13 11 756 Cx5
22 15 757 Cx6
26 24 758 Cx7
3 17 759 Cx8
24 20 760 Cx9
11 5 761 Cy0
25 24 762 Cy1
10 17 763 Cy2
32 14 764 Cy3
20 3 765 Cy4
13 11 766 Cy5
16 6 767 Cy6
21 23 768 Cy7
10 5 769 Cy8
28 19 770 Cy9
16 30 771 Cz0
26 6 772 Cz1
5 16 773 Cz2
25 26 774 Cz3
22 13 775 Cz4
5 3 776 Cz5
14 24 777 Cz6
10 5 778 Cz7
1 23 779 Cz8
30 25 780 Cz9
5 12 781 Da0
9 5 782 Da1
31 20 783 Da2
21 24 784 Da3
30 6 785 Da4
7 6 786 Da5
22 27 787 Da6
11 21 788 Da7
20 11 789 Da8
13 16 790 Da9
2 30 791 Db0
25 3 792 Db1
8 19 793 Db2
25 17 794 Db3
23 17 795 Db4
26 7 796 Db5
5 2 797 Db6
19 13 798 Db7
30 32 799 Db8
26 31 800 Db9
3 18 801 Dc0
9 29 802 Dc1
2 31 803 Dc2
14 1 804 Dc3
32 1 805 Dc4
1 32 806 Dc5
20 28 807 Dc6
32 15 808 Dc7
14 13 809 Dc8
32 18 810 Dc9
31 12 811 Dd0
23 11 812 Dd1
8 21 813 Dd2
26 11 814 Dd3
30 2 815 Dd4
14 7 816 Dd5
16 1 817 Dd6
27 17 818 Dd7
28 21 819 Dd8
24 27 820 Dd9
32 11 821 De0
32 23 822 De1
24 30 823 De2
27 11 824 De3
13 23 825 De4
3 28 826 De5
20 9 827 De6
19 17 828 De7
28 15 829 De8
7 1 830 De9
15 2 831 Df0
8 13 832 Df1
9 26 833 Df2
16 24 834 Df3
9 30 835 Df4
2 25 836 Df5
9 4 837 Df6
12 7 838 Df7
15 28 839 Df8
21 18 840 Df9
24 15 841 Dg0
21 29 842 Dg1
3 21 843 Dg2
10 24 844 Dg3
30 3 845 Dg4
21 12 846 Dg5
25 8 847 Dg6
12 8 848 Dg7
31 13 849 Dg8
27 28 850 Dg9
25 21 851 Dh0
7 25 852 Dh1
25 32 853 Dh2
16 24 854 Dh3
32 12 855 Dh4
17 18 856 Dh5
5 15 857 Dh6
5 8 858 Dh7
14 29 859 Dh8
28 23 860 Dh9
17 5 861 Di0
20 14 862 Di1
23 15 863 Di2
14 29 864 Di3
29 9 865 Di4
21 29 866 Di5
8 9 867 Di6
11 19 868 Di7
5 20 869 Di8
17 29 870 Di9
5 32 871 Dj0
12 2 872 Dj1
30 31 873 Dj2
12 3 874 Dj3
28 31 875 Dj4
28 8 876 Dj5
15 22 877 Dj6
11 24 878 Dj7
17 1 879 Dj8
18 20 880 Dj9
4 1 881 Dk0
19 8 882 Dk1
14 11 883 Dk2
2 18 884 Dk3
24 16 885 Dk4
14 23 886 Dk5
28 5 887 Dk6
2 19 888 Dk7
4 21 889 Dk8
22 20 890 Dk9
32 1 891 Dl0
24 23 892 Dl1
25 11 893 Dl2
19 5 894 Dl3
1 23 895 Dl4
13 6 896 Dl5
13 18 897 Dl6
22 8 898 Dl7
13 5 899 Dl8
6 21 900 Dl9
31 10 901 Dm0
6 20 902 Dm1
32 21 903 Dm2
6 27 904 Dm3
21 9 905 Dm4
31 13 906 Dm5
8 20 907 Dm6
30 8 908 Dm7
31 24 909 Dm8
10 2 910 Dm9
31 32 911 Dn0
11 22 912 Dn1
25 17 913 Dn2
24 31 914 Dn3
11 31 915 Dn4
26 22 916 Dn5
29 22 917 Dn6
30 8 918 Dn7
3 14 919 Dn8
11 28 920 Dn9
24 22 921 Do0
12 24 922 Do1
32 26 923 Do2
8 1 924 Do3
1 28 925 Do4
11 3 926 Do5
1 27 927 Do6
22 5 928 Do7
6 18 929 Do8
28 5 930 Do9
22 17 931 Dp0
10 4 932 Dp1
29 25 933 Dp2
3 24 934 Dp3
9 18 935 Dp4
29 5 936 Dp5
8 6 937 Dp6
24 9 938 Dp7
5 19 939 Dp8
13 12 940 Dp9
19 1 941 Dq0
25 27 942 Dq1
3 25 943 Dq2
30 19 944 Dq3
16 25 945 Dq4
7 29 946 Dq5
18 5 947 Dq6
23 5 948 Dq7
26 27 949 Dq8
19 26 950 Dq9
31 8 951 Dr0
28 15 952 Dr1
15 19 953 Dr2
6 22 954 Dr3
27 15 955 Dr4
16 6 956 Dr5
9 23 957 Dr6
14 7 958 Dr7
4 23 959 Dr8
14 1 960 Dr9
9 13 961 Ds0
8 6 962 Ds1
11 20 963 Ds2
10 20 964 Ds3
24 27 965 Ds4
7 14 966 Ds5
15 7 967 Ds6
26 32 968 Ds7
17 16 969 Ds8
28 10 970 Ds9
12 5 971 Dt0
12 28 972 Dt1
24 29 973 Dt2
16 11 974 Dt3
8 11 975 Dt4
8 11 976 Dt5
3 30 977 Dt6
29 12 978 Dt7
9 16 979 Dt8
2 24 980 Dt9
30 19 981 Du0
11 17 982 Du1
3 1 983 Du2
8 7 984 Du3
22 25 985 Du4
18 26 986 Du5
26 2 987 Du6
24 9 988 Du7
11 9 989 Du8
24 27 990 Du9
19 16 991 Dv0
29 12 992 Dv1
29 3 993 Dv2
8 15 994 Dv3
12 17 995 Dv4
24 11 996 Dv5
25 20 997 Dv6
18 7 998 Dv7
21 27 999 Dv8
3 4 1000 Dv9
7 6
4 5 12
5 7 24
4 1 5
1 2 1
6 3 23
3 1 10
34
3 5 62 Letter0-0
3 5 113 Letter0-1
6 4 118 Letter0-2
2 3 153 Letter0-3
1 6 247 Letter0-4
6 5 335 Letter0-5
7 6 380 Letter0-6
2 6 433 Letter0-7
1 2 515 Letter0-8
2 5 532 Letter0-9
4 6 558 Letter0-10
5 1 597 Letter0-11
5 6 637 Letter0-12
4 2 653 Letter0-13
6 2 734 Letter0-14
3 4 803 Letter0-15
5 6 871 Letter0-16
2 3 884 Letter0-17
3 6 927 Letter0-18
4 2 990 Letter0-19
4 3 1082 Letter0-20
4 3 1168 Letter0-21
4 2 1218 Letter0-22
2 7 1234 Letter0-23
7 5 1293 Letter0-24
2 3 1318 Letter0-25
6 2 1408 Letter0-26
5 4 1488 Letter0-27
3 7 1491 Letter0-28
2 4 1558 Letter0-29
4 3 1616 Letter0-30
3 2 1684 Letter0-31
1 5 1782 Letter0-32
3 7 1811 Letter0-33
25 33
12 10 20
11 1 13
20 24 24
13 2 13
24 2 28
17 22 19
16 8 26
2 4 29
6 7 16
5 15 4
7 13 5
14 11 4
3 2 22
1 10 16
16 25 16
18 24 14
5 18 19
22 25 17
6 23 12
9 4 18
1 17 6
18 3 22
6 21 22
8 3 17
16 19 30
1 2 3
5 1 27
20 15 10
14 25 2
2 14 26
22 5 11
6 1 25
22 16 16
47
9 5 44 Letter1-0
1 15 58 Letter1-1
21 18 145 Letter1-2
1 20 241 Letter1-3
18 9 285 Letter1-4
24 19 323 Letter1-5
7 1 361 Letter1-6
1 12 367 Letter1-7
3 25 455 Letter1-8
12 1 510 Letter1-9
1 15 586 Letter1-10
5 10 662 Letter1-11
24 18 675 Letter1-12
16 20 746 Letter1-13
6 14 753 Letter1-14
21 5 809 Letter1-15
17 19 894 Letter1-16
6 25 963 Letter1-17
19 25 1024 Letter1-18
12 2 1090 Letter1-19
16 8 1101 Letter1-20
6 7 1102 Letter1-21
17 7 1171 Letter1-22
15 13 1263 Letter1-23
10 6 1269 Letter1-24
12 21 1326 Letter1-25
14 17 1419 Letter1-26
13 14 1486 Letter1-27
18 1 1513 Letter1-28
21 19 1609 Letter1-29
18 24 1662 Letter1-30
17 7 1758 Letter1-31
19 10 1793 Letter1-32
24 22 1869 Letter1-33
17 23 1913 Letter1-34
2 14 1996 Letter1-35
4 6 2039 Letter1-36
23 15 2052 Letter1-37
1 23 2126 Letter1-38
16 12 2145 Letter1-39
21 7 2191 Letter1-40
20 6 2247 Letter1-41
25 13 2284 Letter1-42
3 15 2331 Letter1-43
22 9 2334 Letter1-44
3 12 2433 Letter1-45
10 16 2497 Letter1-46
22 36
15 11 7
10 19 24
6 13 9
8 17 30
12 13 17
1 4 2
21 15 10
9 10 18
13 1 5
15 2 25
1 7 18
15 12 5
5 1 8
1 2 27
12 14 24
21 6 9
1 9 12
17 16 1
7 19 19
6 2 7
7 6 11
3 13 8
10 13 6
17 9 22
8 3 22
22 1 4
15 1 25
15 13 24
2 11 12
11 12 6
18 15 13
3 1 11
4 20 14
14 21 20
16 12 9
19 21 22
93
1 21 43 Letter2-0
8 17 48 Letter2-1
7 17 139 Letter2-2
10 21 227 Letter2-3
6 2 277 Letter2-4
11 19 345 Letter2-5
3 19 437 Letter2-6
11 10 533 Letter2-7
14 13 627 Letter2-8
8 19 651 Letter2-9
16 18 670 Letter2-10
17 1 686 Letter2-11
10 2 772 Letter2-12
17 9 855 Letter2-13
8 5 886 Letter2-14
18 14 959 Letter2-15
2 5 975 Letter2-16
9 22 1026 Letter2-17
20 14 1057 Letter2-18
20 5 1112 Letter2-19
6 1 1182 Letter2-20
13 4 1264 Letter2-21
7 22 1334 Letter2-22
1 9 1354 Letter2-23
4 22 1449 Letter2-24
15 18 1530 Letter2-25
21 14 1584 Letter2-26
8 9 1657 Letter2-27
5 22 1683 Letter2-28
10 14 1731 Letter2-29
1 20 1746 Letter2-30
14 7 1747 Letter2-31
1 13 1841 Letter2-32
21 3 1908 Letter2-33
8 10 1965 Letter2-34
21 7 2050 Letter2-35
17 6 2076 Letter2-36
20 1 2101 Letter2-37
1 17 2180 Letter2-38
10 19 2240 Letter2-39
4 19 2309 Letter2-40
9 20 2337 Letter2-41
12 4 2339 Letter2-42
8 14 2391 Letter2-43
21 15 2476 Letter2-44
18 16 2527 Letter2-45
10 1 2599 Letter2-46
11 10 2602 Letter2-47
3 20 2656 Letter2-48
7 22 2681 Letter2-49
4 21 2684 Letter2-50
5 1 2731 Letter2-51
14 17 2743 Letter2-52
13 11 2767 Letter2-53
5 19 2827 Letter2-54
16 5 2910 Letter2-55
10 20 2915 Letter2-56
9 15 2939 Letter2-57
9 19 3003 Letter2-58
19 10 3012 Letter2-59
10 19 3096 Letter2-60
15 1 3171 Letter2-61
14 13 3192 Letter2-62
11 18 3205 Letter2-63
5 19 3262 Letter2-64
7 4 3264 Letter2-65
22 7 3356 Letter2-66
2 21 3419 Letter2-67
13 10 3474 Letter2-68
20 3 3570 Letter2-69
4 10 3604 Letter2-70
13 10 3673 Letter2-71
11 2 3683 Letter2-72
18 9 3755 Letter2-73
4 5 3846 Letter2-74
21 4 3847 Letter2-75
19 8 3874 Letter2-76
7 21 3877 Letter2-77
18 8 3963 Letter2-78
19 12 3983 Letter2-79
3 19 4015 Letter2-80
19 7 4089 Letter2-81
3 13 4157 Letter2-82
16 15 4225 Letter2-83
6 15 4300 Letter2-84
6 15 4399 Letter2-85
8 4 4458 Letter2-86
16 5 4534 Letter2-87
7 15 4561 Letter2-88
12 6 4645 Letter2-89
7 8 4736 Letter2-90
18 8 4747 Letter2-91
22 8 4845 Letter2-92
7 6
5 6 24
4 5 16
4 1 6
3 1 26
2 7 9
2 1 12
70
1 7 9 Letter3-0
1 3 51 Letter3-1
7 2 144 Letter3-2
6 1 210 Letter3-3
7 1 243 Letter3-4
2 3 274 Letter3-5
5 6 359 Letter3-6
2 3 409 Letter3-7
7 6 412 Letter3-8
6 2 452 Letter3-9
7 4 462 Letter3-10
1 6 469 Letter3-11
7 4 544 Letter3-12
3 4 612 Letter3-13
6 7 655 Letter3-14
1 7 740 Letter3-15
5 3 818 Letter3-16
5 3 881 Letter3-17
3 6 895 Letter3-18
1 4 951 Letter3-19
7 5 966 Letter3-20
4 1 977 Letter3-21
1 3 983 Letter3-22
7 4 1038 Letter3-23
7 5 1132 Letter3-24
3 7 1158 Letter3-25
5 4 1254 Letter3-26
7 6 1347 Letter3-27
3 7 1366 Letter3-28
7 6 1449 Letter3-29
1 2 1547 Letter3-30
2 5 1612 Letter3-31
4 6 1635 Letter3-32
5 7 1712 Letter3-33
1 4 1803 Letter3-34
6 3 1846 Letter3-35
4 6 1863 Letter3-36
7 4 1955 Letter3-37
4 3 1977 Letter3-38
6 7 2042 Letter3-39
6 1 2119 Letter3-40
6 4 2205 Letter3-41
5 1 2301 Letter3-42
6 2 2395 Letter3-43
1 7 2494 Letter3-44
5 6 2505 Letter3-45
2 7 2565 Letter3-46
1 6 2617 Letter3-47
6 7 2634 Letter3-48
1 6 2689 Letter3-49
1 4 2774 Letter3-50
7 5 2819 Letter3-51
6 7 2863 Letter3-52
1 3 2960 Letter3-53
3 5 2980 Letter3-54
7 1 3045 Letter3-55
1 6 3137 Letter3-56
6 2 3165 Letter3-57
6 1 3167 Letter3-58
5 2 3229 Letter3-59
1 7 3314 Letter3-60
2 4 3325 Letter3-61
4 5 3391 Letter3-62
3 4 3462 Letter3-63
6 4 3514 Letter3-64
5 6 3560 Letter3-65
1 2 3604 Letter3-66
5 3 3665 Letter3-67
6 7 3668 Letter3-68
1 3 3763 Letter3-69
15 18
13 9 17
12 7 21
11 3 15
4 5 29
14 11 27
8 6 3
4 2 7
5 6 28
3 2 27
7 9 8
8 15 10
1 2 4
3 7 12
10 6 23
3 12 22
9 8 21
3 9 22
2 9 30
61
12 10 42 Letter4-0
6 13 43 Letter4-1
7 9 135 Letter4-2
15 9 182 Letter4-3
3 8 226 Letter4-4
12 3 232 Letter4-5
7 5 294 Letter4-6
9 4 364 Letter4-7
6 11 397 Letter4-8
12 11 477 Letter4-9
15 5 497 Letter4-10
2 15 503 Letter4-11
10 11 574 Letter4-12
1 12 648 Letter4-13
2 3 670 Letter4-14
7 8 748 Letter4-15
14 15 835 Letter4-16
2 6 891 Letter4-17
7 9 948 Letter4-18
7 13 995 Letter4-19
2 4 1008 Letter4-20
15 9 1091 Letter4-21
8 4 1161 Letter4-22
9 15 1211 Letter4-23
3 4 1232 Letter4-24
14 4 1330 Letter4-25
15 13 1377 Letter4-26
6 7 1433 Letter4-27
11 14 1511 Letter4-28
14 8 1582 Letter4-29
8 13 1643 Letter4-30
8 15 1690 Letter4-31
9 6 1762 Letter4-32
9 14 1861 Letter4-33
14 11 1959 Letter4-34
15 6 1977 Letter4-35
9 7 2054 Letter4-36
12 9 2059 Letter4-37
2 3 2075 Letter4-38
7 10 2159 Letter4-39
11 4 2176 Letter4-40
9 8 2197 Letter4-41
13 2 2234 Letter4-42
15 7 2296 Letter4-43
4 15 2393 Letter4-44
3 15 2454 Letter4-45
8 4 2468 Letter4-46
1 4 2478 Letter4-47
8 13 2543 Letter4-48
15 1 2572 Letter4-49
9 1 2648 Letter4-50
3 1 2678 Letter4-51
1 4 2735 Letter4-52
6 10 2791 Letter4-53
8 3 2812 Letter4-54
10 11 2812 Letter4-55
8 12 2818 Letter4-56
13 10 2832 Letter4-57
9 7 2875 Letter4-58
11 12 2968 Letter4-59
15 13 3058 Letter4-60
24 30
10 12 22
20 21 28
10 5 12
8 4 5
8 15 8
19 15 20
2 7 30
4 6 22
13 14 8
7 18 14
14 23 1
2 15 30
24 18 21
4 1 30
9 20 22
5 4 30
22 23 16
12 16 8
2 1 16
11 13 6
13 3 24
8 9 4
2 12 12
20 18 13
21 23 10
3 2 17
16 14 30
1 11 18
17 16 3
22 8 22
23
1 5 34 Letter5-0
23 13 47 Letter5-1
5 19 95 Letter5-2
10 11 177 Letter5-3
12 16 190 Letter5-4
8 10 198 Letter5-5
17 13 276 Letter5-6
10 24 344 Letter5-7
9 20 404 Letter5-8
7 10 427 Letter5-9
6 20 502 Letter5-10
9 24 523 Letter5-11
15 17 536 Letter5-12
23 6 628 Letter5-13
14 16 655 Letter5-14
24 20 741 Letter5-15
11 13 780 Letter5-16
17 3 860 Letter5-17
10 9 916 Letter5-18
12 6 997 Letter5-19
14 10 1077 Letter5-20
22 7 1106 Letter5-21
1 19 1205 Letter5-22
15 17
10 1 8
10 5 1
9 1 21
11 5 15
12 11 5
5 14 22
2 1 27
8 4 14
11 10 23
7 4 18
1 3 15
15 2 24
13 5 4
7 6 24
4 5 11
4 2 18
6 5 14
18
1 4 92 Letter6-0
9 5 153 Letter6-1
13 6 229 Letter6-2
4 10 232 Letter6-3
8 14 309 Letter6-4
7 4 386 Letter6-5
7 13 424 Letter6-6
9 10 499 Letter6-7
9 12 522 Letter6-8
13 4 553 Letter6-9
2 13 645 Letter6-10
11 10 736 Letter6-11
6 10 746 Letter6-12
7 9 749 Letter6-13
1 8 835 Letter6-14
2 12 908 Letter6-15
14 6 924 Letter6-16
13 12 1010 Letter6-17
6 5
6 1 5
3 4 19
2 1 27
3 5 5
1 3 16
25
1 2 42 Letter7-0
3 2 61 Letter7-1
1 2 149 Letter7-2
2 3 178 Letter7-3
1 3 207 Letter7-4
2 1 299 Letter7-5
4 3 325 Letter7-6
5 2 373 Letter7-7
6 2 406 Letter7-8
2 5 450 Letter7-9
4 5 544 Letter7-10
3 4 551 Letter7-11
5 3 575 Letter7-12
3 2 630 Letter7-13
2 6 652 Letter7-14
2 6 731 Letter7-15
6 5 752 Letter7-16
2 1 780 Letter7-17
2 4 792 Letter7-18
6 5 854 Letter7-19
4 2 866 Letter7-20
4 3 936 Letter7-21
6 4 1027 Letter7-22
2 4 1124 Letter7-23
6 5 1129 Letter7-24
30 48
15 9 17
1 8 22
3 7 13
7 30 10
4 3 8
12 17 23
16 19 14
22 6 4
5 3 21
23 5 12
5 26 17
24 6 3
24 11 20
19 29 2
13 15 6
30 18 28
14 20 7
2 19 29
9 7 15
29 15 17
1 26 17
16 25 28
22 4 1
27 28 18
6 18 30
3 16 24
21 15 30
27 12 18
26 25 2
19 14 21
19 1 28
6 12 8
14 25 25
12 24 21
9 12 27
1 13 20
14 3 21
21 29 13
7 20 23
9 10 7
2 6 19
1 2 26
17 5 5
30 27 21
3 11 25
24 26 10
2 3 21
15 7 19
47
28 13 26 Letter8-0
30 23 49 Letter8-1
1 25 117 Letter8-2
1 18 147 Letter8-3
11 7 152 Letter8-4
14 8 198 Letter8-5
23 4 225 Letter8-6
3 25 290 Letter8-7
16 30 312 Letter8-8
25 17 336 Letter8-9
9 18 380 Letter8-10
25 11 462 Letter8-11
5 26 494 Letter8-12
10 27 528 Letter8-13
12 21 573 Letter8-14
26 9 601 Letter8-15
7 9 623 Letter8-16
13 16 668 Letter8-17
13 15 760 Letter8-18
29 23 817 Letter8-19
2 18 901 Letter8-20
26 12 902 Letter8-21
21 25 905 Letter8-22
28 2 965 Letter8-23
16 5 1010 Letter8-24
15 13 1067 Letter8-25
1 29 1091 Letter8-26
14 12 1143 Letter8-27
23 11 1167 Letter8-28
25 24 1192 Letter8-29
17 16 1207 Letter8-30
7 10 1267 Letter8-31
17 16 1312 Letter8-32
11 12 1323 Letter8-33
8 13 1353 Letter8-34
8 17 1364 Letter8-35
25 15 1366 Letter8-36
5 22 1372 Letter8-37
11 28 1386 Letter8-38
10 11 1481 Letter8-39
16 20 1548 Letter8-40
13 26 1594 Letter8-41
15 21 1612 Letter8-42
11 16 1662 Letter8-43
27 30 1708 Letter8-44
16 12 1757 Letter8-45
6 27 1827 Letter8-46
19 25
14 5 11
11 9 26
16 4 16
19 10 21
11 7 13
2 1 3
7 5 11
13 8 28
12 15 12
8 11 25
3 6 22
4 12 23
3 1 2
10 3 24
3 5 30
11 18 15
6 10 12
10 17 8
18 15 12
17 11 13
9 1 17
8 4 21
17 5 22
2 4 7
19 17 3
61
17 19 85 Letter9-0
4 8 121 Letter9-1
2 4 167 Letter9-2
1 15 183 Letter9-3
6 16 195 Letter9-4
3 19 224 Letter9-5
15 14 254 Letter9-6
18 12 275 Letter9-7
11 15 360 Letter9-8
3 1 436 Letter9-9
3 1 477 Letter9-10
17 5 511 Letter9-11
16 12 595 Letter9-12
7 4 653 Letter9-13
6 7 664 Letter9-14
15 18 761 Letter9-15
8 11 777 Letter9-16
9 2 828 Letter9-17
10 19 830 Letter9-18
5 18 918 Letter9-19
5 1 936 Letter9-20
11 2 1027 Letter9-21
18 9 1085 Letter9-22
1 7 1087 Letter9-23
10 2 1145 Letter9-24
3 13 1147 Letter9-25
17 7 1175 Letter9-26
2 17 1189 Letter9-27
12 3 1249 Letter9-28
11 15 1284 Letter9-29
9 2 1353 Letter9-30
16 13 1418 Letter9-31
7 6 1475 Letter9-32
19 1 1483 Letter9-33
19 7 1571 Letter9-34
3 15 1646 Letter9-35
1 3 1731 Letter9-36
12 1 1810 Letter9-37
15 8 1849 Letter9-38
17 16 1917 Letter9-39
7 9 1958 Letter9-40
16 5 1998 Letter9-41
4 14 2083 Letter9-42
2 19 2166 Letter9-43
19 4 2194 Letter9-44
18 3 2217 Letter9-45
14 12 2261 Letter9-46
16 7 2337 Letter9-47
8 2 2427 Letter9-48
9 12 2514 Letter9-49
8 17 2561 Letter9-50
15 5 2574 Letter9-51
10 14 2636 Letter9-52
7 19 2699 Letter9-53
8 14 2790 Letter9-54
6 13 2885 Letter9-55
1 6 2900 Letter9-56
9 10 2907 Letter9-57
13 18 2963 Letter9-58
9 8 2998 Letter9-59
1 6 3096 Letter9-60
0 0
