4 4
1 2 5
1 3 4
3 4 5
2 4 5
2
2 1 100 First_Mail
1 4 100 Second_Mail
4 5
1 2 5
2 3 5
1 4 5
3 4 5
1 3 10
3
2 4 0 A
3 1 0 B
4 3 0 C
4 5
1 2 5
2 3 5
1 4 5
3 4 5
1 3 10
4
2 4 0 A
3 1 0 B
1 3 0 C
4 2 0 D
4 3
1 2 10
2 3 10
2 4 10
3
1 3 0 Mail
4 3 0 Letter
2 3 10 Parcel
7 7
1 2 3
1 3 3
1 4 3
5 6 5
7 5 10
6 7 5
1 5 5
5
2 6 0 A-XVN_PjHIrFdD7ybW_ZQf1Z9Ir5amiWAXLFDTjzXAwGegkadB
4 7 0 B-6QuZXzftRPEtEOu1zxNzE-K-WgWNp4C4HqGcgIRSu7wAQ46W
7 2 10 C-Hsuuv9uiz18zgvteofxL8u-DgKc_IiI8u7r2gwY1C59Aa6HC
3 7 22 D-MdGCnLAdHEHQjH24Nm2aPon4badLk8t67X6owwavHAMM-9UT
7 4 30 E-BOlK5O3eAIUzXYdKC_TrMm-oyrl1ZliYtzkx8s3g8THtXAhC
7 7
1 2 3
1 3 3
1 4 3
5 6 5
7 5 10
6 7 5
1 5 5
5
2 7 0 K0jZkJ1bCx5zAFeDz_5y2AoAYdOX0bwZnQDTmFra_fRkmd5FYz
3 6 0 4Qoaxzk2x7dE-ZM2hzqSL5pGSqHEQzCS79CRIz3uBIqcRRtzgW
4 7 5 85J3x74x5JzIqEmq5DS4_FJ43CBqjbUoh3zqT4MaNzajlLp9jX
7 4 5 FkoqxBoSBDJW91ylmmRwADPjstJTOubhZALtyAvd6sNJv5k3rH
3 2 9 fhEOM-k0whDSylwVBjUdaO4zVBHYjXv5zE39OKdpRYIDmykYdf
4 2
1 4 9999
2 3 9999
2
2 3 1 7JTFNybcwRErC3BD5xcZutIsQQ7srTC15XTFJRBCraNQ4C-Qij
4 1 2147473648 cdpawIN1VRTk_6Mgm2gQConHgane0GyxGXcjYxn6XeMFwMcYnJ
4 4
1 2 3
1 3 9999
2 4 9998
3 4 1
1
1 4 0 Letter
32 2
1 2 10
5 9 10
1000
1 2 1 Aa0
1 2 2 Aa1
1 2 3 Aa2
1 2 4 Aa3
1 2 5 Aa4
1 2 6 Aa5
1 2 7 Aa6
1 2 8 Aa7
1 2 9 Aa8
1 2 10 Aa9
1 2 11 Ab0
1 2 12 Ab1
1 2 13 Ab2
1 2 14 Ab3
1 2 15 Ab4
1 2 16 Ab5
1 2 17 Ab6
1 2 18 Ab7
1 2 19 Ab8
1 2 20 Ab9
1 2 21 Ac0
1 2 22 Ac1
1 2 23 Ac2
1 2 24 Ac3
1 2 25 Ac4
1 2 26 Ac5
1 2 27 Ac6
1 2 28 Ac7
1 2 29 Ac8
1 2 30 Ac9
1 2 31 Ad0
1 2 32 Ad1
1 2 33 Ad2
1 2 34 Ad3
1 2 35 Ad4
1 2 36 Ad5
1 2 37 Ad6
1 2 38 Ad7
1 2 39 Ad8
1 2 40 Ad9
1 2 41 Ae0
1 2 42 Ae1
1 2 43 Ae2
1 2 44 Ae3
1 2 45 Ae4
1 2 46 Ae5
1 2 47 Ae6
1 2 48 Ae7
1 2 49 Ae8
1 2 50 Ae9
1 2 51 Af0
1 2 52 Af1
1 2 53 Af2
1 2 54 Af3
1 2 55 Af4
1 2 56 Af5
1 2 57 Af6
1 2 58 Af7
1 2 59 Af8
1 2 60 Af9
1 2 61 Ag0
1 2 62 Ag1
1 2 63 Ag2
1 2 64 Ag3
1 2 65 Ag4
1 2 66 Ag5
1 2 67 Ag6
1 2 68 Ag7
1 2 69 Ag8
1 2 70 Ag9
1 2 71 Ah0
1 2 72 Ah1
1 2 73 Ah2
1 2 74 Ah3
1 2 75 Ah4
1 2 76 Ah5
1 2 77 Ah6
1 2 78 Ah7
1 2 79 Ah8
1 2 80 Ah9
1 2 81 Ai0
1 2 82 Ai1
1 2 83 Ai2
1 2 84 Ai3
1 2 85 Ai4
1 2 86 Ai5
1 2 87 Ai6
1 2 88 Ai7
1 2 89 Ai8
1 2 90 Ai9
1 2 91 Aj0
1 2 92 Aj1
1 2 93 Aj2
1 2 94 Aj3
1 2 95 Aj4
1 2 96 Aj5
1 2 97 Aj6
1 2 98 Aj7
1 2 99 Aj8
1 2 100 Aj9
1 2 101 Ak0
1 2 102 Ak1
1 2 103 Ak2
1 2 104 Ak3
1 2 105 Ak4
1 2 106 Ak5
1 2 107 Ak6
1 2 108 Ak7
1 2 109 Ak8
1 2 110 Ak9
1 2 111 Al0
1 2 112 Al1
1 2 113 Al2
1 2 114 Al3
1 2 115 Al4
1 2 116 Al5
1 2 117 Al6
1 2 118 Al7
1 2 119 Al8
1 2 120 Al9
1 2 121 Am0
1 2 122 Am1
1 2 123 Am2
1 2 124 Am3
1 2 125 Am4
1 2 126 Am5
1 2 127 Am6
1 2 128 Am7
1 2 129 Am8
1 2 130 Am9
1 2 131 An0
1 2 132 An1
1 2 133 An2
1 2 134 An3
1 2 135 An4
1 2 136 An5
1 2 137 An6
1 2 138 An7
1 2 139 An8
1 2 140 An9
1 2 141 Ao0
1 2 142 Ao1
1 2 143 Ao2
1 2 144 Ao3
1 2 145 Ao4
1 2 146 Ao5
1 2 147 Ao6
1 2 148 Ao7
1 2 149 Ao8
1 2 150 Ao9
1 2 151 Ap0
1 2 152 Ap1
1 2 153 Ap2
1 2 154 Ap3
1 2 155 Ap4
1 2 156 Ap5
1 2 157 Ap6
1 2 158 Ap7
1 2 159 Ap8
1 2 160 Ap9
1 2 161 Aq0
1 2 162 Aq1
1 2 163 Aq2
1 2 164 Aq3
1 2 165 Aq4
1 2 166 Aq5
1 2 167 Aq6
1 2 168 Aq7
1 2 169 Aq8
1 2 170 Aq9
1 2 171 Ar0
1 2 172 Ar1
1 2 173 Ar2
1 2 174 Ar3
1 2 175 Ar4
1 2 176 Ar5
1 2 177 Ar6
1 2 178 Ar7
1 2 179 Ar8
1 2 180 Ar9
1 2 181 As0
1 2 182 As1
1 2 183 As2
1 2 184 As3
1 2 185 As4
1 2 186 As5
1 2 187 As6
1 2 188 As7
1 2 189 As8
1 2 190 As9
1 2 191 At0
1 2 192 At1
1 2 193 At2
1 2 194 At3
1 2 195 At4
1 2 196 At5
1 2 197 At6
1 2 198 At7
1 2 199 At8
1 2 200 At9
1 2 201 Au0
1 2 202 Au1
1 2 203 Au2
1 2 204 Au3
1 2 205 Au4
1 2 206 Au5
1 2 207 Au6
1 2 208 Au7
1 2 209 Au8
1 2 210 Au9
1 2 211 Av0
1 2 212 Av1
1 2 213 Av2
1 2 214 Av3
1 2 215 Av4
1 2 216 Av5
1 2 217 Av6
1 2 218 Av7
1 2 219 Av8
1 2 220 Av9
1 2 221 Aw0
1 2 222 Aw1
1 2 223 Aw2
1 2 224 Aw3
1 2 225 Aw4
1 2 226 Aw5
1 2 227 Aw6
1 2 228 Aw7
1 2 229 Aw8
1 2 230 Aw9
1 2 231 Ax0
1 2 232 Ax1
1 2 233 Ax2
1 2 234 Ax3
1 2 235 Ax4
1 2 236 Ax5
1 2 237 Ax6
1 2 238 Ax7
1 2 239 Ax8
1 2 240 Ax9
1 2 241 Ay0
1 2 242 Ay1
1 2 243 Ay2
1 2 244 Ay3
1 2 245 Ay4
1 2 246 Ay5
1 2 247 Ay6
1 2 248 Ay7
1 2 249 Ay8
1 2 250 Ay9
1 2 251 Az0
1 2 252 Az1
1 2 253 Az2
1 2 254 Az3
1 2 255 Az4
1 2 256 Az5
1 2 257 Az6
1 2 258 Az7
1 2 259 Az8
1 2 260 Az9
1 2 261 Ba0
1 2 262 Ba1
1 2 263 Ba2
1 2 264 Ba3
1 2 265 Ba4
1 2 266 Ba5
1 2 267 Ba6
1 2 268 Ba7
1 2 269 Ba8
1 2 270 Ba9
1 2 271 Bb0
1 2 272 Bb1
1 2 273 Bb2
1 2 274 Bb3
1 2 275 Bb4
1 2 276 Bb5
1 2 277 Bb6
1 2 278 Bb7
1 2 279 Bb8
1 2 280 Bb9
1 2 281 Bc0
1 2 282 Bc1
1 2 283 Bc2
1 2 284 Bc3
1 2 285 Bc4
1 2 286 Bc5
1 2 287 Bc6
1 2 288 Bc7
1 2 289 Bc8
1 2 290 Bc9
1 2 291 Bd0
1 2 292 Bd1
1 2 293 Bd2
1 2 294 Bd3
1 2 295 Bd4
1 2 296 Bd5
1 2 297 Bd6
1 2 298 Bd7
1 2 299 Bd8
1 2 300 Bd9
1 2 301 Be0
1 2 302 Be1
1 2 303 Be2
1 2 304 Be3
1 2 305 Be4
1 2 306 Be5
1 2 307 Be6
1 2 308 Be7
1 2 309 Be8
1 2 310 Be9
1 2 311 Bf0
1 2 312 Bf1
1 2 313 Bf2
1 2 314 Bf3
1 2 315 Bf4
1 2 316 Bf5
1 2 317 Bf6
1 2 318 Bf7
1 2 319 Bf8
1 2 320 Bf9
1 2 321 Bg0
1 2 322 Bg1
1 2 323 Bg2
1 2 324 Bg3
1 2 325 Bg4
1 2 326 Bg5
1 2 327 Bg6
1 2 328 Bg7
1 2 329 Bg8
1 2 330 Bg9
1 2 331 Bh0
1 2 332 Bh1
1 2 333 Bh2
1 2 334 Bh3
1 2 335 Bh4
1 2 336 Bh5
1 2 337 Bh6
1 2 338 Bh7
1 2 339 Bh8
1 2 340 Bh9
1 2 341 Bi0
1 2 342 Bi1
1 2 343 Bi2
1 2 344 Bi3
1 2 345 Bi4
1 2 346 Bi5
1 2 347 Bi6
1 2 348 Bi7
1 2 349 Bi8
1 2 350 Bi9
1 2 351 Bj0
1 2 352 Bj1
1 2 353 Bj2
1 2 354 Bj3
1 2 355 Bj4
1 2 356 Bj5
1 2 357 Bj6
1 2 358 Bj7
1 2 359 Bj8
1 2 360 Bj9
1 2 361 Bk0
1 2 362 Bk1
1 2 363 Bk2
1 2 364 Bk3
1 2 365 Bk4
1 2 366 Bk5
1 2 367 Bk6
1 2 368 Bk7
1 2 369 Bk8
1 2 370 Bk9
1 2 371 Bl0
1 2 372 Bl1
1 2 373 Bl2
1 2 374 Bl3
1 2 375 Bl4
1 2 376 Bl5
1 2 377 Bl6
1 2 378 Bl7
1 2 379 Bl8
1 2 380 Bl9
1 2 381 Bm0
1 2 382 Bm1
1 2 383 Bm2
1 2 384 Bm3
1 2 385 Bm4
1 2 386 Bm5
1 2 387 Bm6
1 2 388 Bm7
1 2 389 Bm8
1 2 390 Bm9
1 2 391 Bn0
1 2 392 Bn1
1 2 393 Bn2
1 2 394 Bn3
1 2 395 Bn4
1 2 396 Bn5
1 2 397 Bn6
1 2 398 Bn7
1 2 399 Bn8
1 2 400 Bn9
1 2 401 Bo0
1 2 402 Bo1
1 2 403 Bo2
1 2 404 Bo3
1 2 405 Bo4
1 2 406 Bo5
1 2 407 Bo6
1 2 408 Bo7
1 2 409 Bo8
1 2 410 Bo9
1 2 411 Bp0
1 2 412 Bp1
1 2 413 Bp2
1 2 414 Bp3
1 2 415 Bp4
1 2 416 Bp5
1 2 417 Bp6
1 2 418 Bp7
1 2 419 Bp8
1 2 420 Bp9
1 2 421 Bq0
1 2 422 Bq1
1 2 423 Bq2
1 2 424 Bq3
1 2 425 Bq4
1 2 426 Bq5
1 2 427 Bq6
1 2 428 Bq7
1 2 429 Bq8
1 2 430 Bq9
1 2 431 Br0
1 2 432 Br1
1 2 433 Br2
1 2 434 Br3
1 2 435 Br4
1 2 436 Br5
1 2 437 Br6
1 2 438 Br7
1 2 439 Br8
1 2 440 Br9
1 2 441 Bs0
1 2 442 Bs1
1 2 443 Bs2
1 2 444 Bs3
1 2 445 Bs4
1 2 446 Bs5
1 2 447 Bs6
1 2 448 Bs7
1 2 449 Bs8
1 2 450 Bs9
1 2 451 Bt0
1 2 452 Bt1
1 2 453 Bt2
1 2 454 Bt3
1 2 455 Bt4
1 2 456 Bt5
1 2 457 Bt6
1 2 458 Bt7
1 2 459 Bt8
1 2 460 Bt9
1 2 461 Bu0
1 2 462 Bu1
1 2 463 Bu2
1 2 464 Bu3
1 2 465 Bu4
1 2 466 Bu5
1 2 467 Bu6
1 2 468 Bu7
1 2 469 Bu8
1 2 470 Bu9
1 2 471 Bv0
1 2 472 Bv1
1 2 473 Bv2
1 2 474 Bv3
1 2 475 Bv4
1 2 476 Bv5
1 2 477 Bv6
1 2 478 Bv7
1 2 479 Bv8
1 2 480 Bv9
1 2 481 Bw0
1 2 482 Bw1
1 2 483 Bw2
1 2 484 Bw3
1 2 485 Bw4
1 2 486 Bw5
1 2 487 Bw6
1 2 488 Bw7
1 2 489 Bw8
1 2 490 Bw9
1 2 491 Bx0
1 2 492 Bx1
1 2 493 Bx2
1 2 494 Bx3
1 2 495 Bx4
1 2 496 Bx5
1 2 497 Bx6
1 2 498 Bx7
1 2 499 Bx8
1 2 500 Bx9
9 5 501 By0
9 5 502 By1
9 5 503 By2
9 5 504 By3
9 5 505 By4
9 5 506 By5
9 5 507 By6
9 5 508 By7
9 5 509 By8
9 5 510 By9
9 5 511 Bz0
9 5 512 Bz1
9 5 513 Bz2
9 5 514 Bz3
9 5 515 Bz4
9 5 516 Bz5
9 5 517 Bz6
9 5 518 Bz7
9 5 519 Bz8
9 5 520 Bz9
9 5 521 Ca0
9 5 522 Ca1
9 5 523 Ca2
9 5 524 Ca3
9 5 525 Ca4
9 5 526 Ca5
9 5 527 Ca6
9 5 528 Ca7
9 5 529 Ca8
9 5 530 Ca9
9 5 531 Cb0
9 5 532 Cb1
9 5 533 Cb2
9 5 534 Cb3
9 5 535 Cb4
9 5 536 Cb5
9 5 537 Cb6
9 5 538 Cb7
9 5 539 Cb8
9 5 540 Cb9
9 5 541 Cc0
9 5 542 Cc1
9 5 543 Cc2
9 5 544 Cc3
9 5 545 Cc4
9 5 546 Cc5
9 5 547 Cc6
9 5 548 Cc7
9 5 549 Cc8
9 5 550 Cc9
9 5 551 Cd0
9 5 552 Cd1
9 5 553 Cd2
9 5 554 Cd3
9 5 555 Cd4
9 5 556 Cd5
9 5 557 Cd6
9 5 558 Cd7
9 5 559 Cd8
9 5 560 Cd9
9 5 561 Ce0
9 5 562 Ce1
9 5 563 Ce2
9 5 564 Ce3
9 5 565 Ce4
9 5 566 Ce5
9 5 567 Ce6
9 5 568 Ce7
9 5 569 Ce8
9 5 570 Ce9
9 5 571 Cf0
9 5 572 Cf1
9 5 573 Cf2
9 5 574 Cf3
9 5 575 Cf4
9 5 576 Cf5
9 5 577 Cf6
9 5 578 Cf7
9 5 579 Cf8
9 5 580 Cf9
9 5 581 Cg0
9 5 582 Cg1
9 5 583 Cg2
9 5 584 Cg3
9 5 585 Cg4
9 5 586 Cg5
9 5 587 Cg6
9 5 588 Cg7
9 5 589 Cg8
9 5 590 Cg9
9 5 591 Ch0
9 5 592 Ch1
9 5 593 Ch2
9 5 594 Ch3
9 5 595 Ch4
9 5 596 Ch5
9 5 597 Ch6
9 5 598 Ch7
9 5 599 Ch8
9 5 600 Ch9
9 5 601 Ci0
9 5 602 Ci1
9 5 603 Ci2
9 5 604 Ci3
9 5 605 Ci4
9 5 606 Ci5
9 5 607 Ci6
9 5 608 Ci7
9 5 609 Ci8
9 5 610 Ci9
9 5 611 Cj0
9 5 612 Cj1
9 5 613 Cj2
9 5 614 Cj3
9 5 615 Cj4
9 5 616 Cj5
9 5 617 Cj6
9 5 618 Cj7
9 5 619 Cj8
9 5 620 Cj9
9 5 621 Ck0
9 5 622 Ck1
9 5 623 Ck2
9 5 624 Ck3
9 5 625 Ck4
9 5 626 Ck5
9 5 627 Ck6
9 5 628 Ck7
9 5 629 Ck8
9 5 630 Ck9
9 5 631 Cl0
9 5 632 Cl1
9 5 633 Cl2
9 5 634 Cl3
9 5 635 Cl4
9 5 636 Cl5
9 5 637 Cl6
9 5 638 Cl7
9 5 639 Cl8
9 5 640 Cl9
9 5 641 Cm0
9 5 642 Cm1
9 5 643 Cm2
9 5 644 Cm3
9 5 645 Cm4
9 5 646 Cm5
9 5 647 Cm6
9 5 648 Cm7
9 5 649 Cm8
9 5 650 Cm9
9 5 651 Cn0
9 5 652 Cn1
9 5 653 Cn2
9 5 654 Cn3
9 5 655 Cn4
9 5 656 Cn5
9 5 657 Cn6
9 5 658 Cn7
9 5 659 Cn8
9 5 660 Cn9
9 5 661 Co0
9 5 662 Co1
9 5 663 Co2
9 5 664 Co3
9 5 665 Co4
9 5 666 Co5
9 5 667 Co6
9 5 668 Co7
9 5 669 Co8
9 5 670 Co9
9 5 671 Cp0
9 5 672 Cp1
9 5 673 Cp2
9 5 674 Cp3
9 5 675 Cp4
9 5 676 Cp5
9 5 677 Cp6
9 5 678 Cp7
9 5 679 Cp8
9 5 680 Cp9
9 5 681 Cq0
9 5 682 Cq1
9 5 683 Cq2
9 5 684 Cq3
9 5 685 Cq4
9 5 686 Cq5
9 5 687 Cq6
9 5 688 Cq7
9 5 689 Cq8
9 5 690 Cq9
9 5 691 Cr0
9 5 692 Cr1
9 5 693 Cr2
9 5 694 Cr3
9 5 695 Cr4
9 5 696 Cr5
9 5 697 Cr6
9 5 698 Cr7
9 5 699 Cr8
9 5 700 Cr9
9 5 701 Cs0
9 5 702 Cs1
9 5 703 Cs2
9 5 704 Cs3
9 5 705 Cs4
9 5 706 Cs5
9 5 707 Cs6
9 5 708 Cs7
9 5 709 Cs8
9 5 710 Cs9
9 5 711 Ct0
9 5 712 Ct1
9 5 713 Ct2
9 5 714 Ct3
9 5 715 Ct4
9 5 716 Ct5
9 5 717 Ct6
9 5 718 Ct7
9 5 719 Ct8
9 5 720 Ct9
9 5 721 Cu0
9 5 722 Cu1
9 5 723 Cu2
9 5 724 Cu3
9 5 725 Cu4
9 5 726 Cu5
9 5 727 Cu6
9 5 728 Cu7
9 5 729 Cu8
9 5 730 Cu9
9 5 731 Cv0
9 5 732 Cv1
9 5 733 Cv2
9 5 734 Cv3
9 5 735 Cv4
9 5 736 Cv5
9 5 737 Cv6
9 5 738 Cv7
9 5 739 Cv8
9 5 740 Cv9
9 5 741 Cw0
9 5 742 Cw1
9 5 743 Cw2
9 5 744 Cw3
9 5 745 Cw4
9 5 746 Cw5
9 5 747 Cw6
9 5 748 Cw7
9 5 749 Cw8
9 5 750 Cw9
9 5 751 Cx0
9 5 752 Cx1
9 5 753 Cx2
9 5 754 Cx3
9 5 755 Cx4
9 5 756 Cx5
9 5 757 Cx6
9 5 758 Cx7
9 5 759 Cx8
9 5 760 Cx9
9 5 761 Cy0
9 5 762 Cy1
9 5 763 Cy2
9 5 764 Cy3
9 5 765 Cy4
9 5 766 Cy5
9 5 767 Cy6
9 5 768 Cy7
9 5 769 Cy8
9 5 770 Cy9
9 5 771 Cz0
9 5 772 Cz1
9 5 773 Cz2
9 5 774 Cz3
9 5 775 Cz4
9 5 776 Cz5
9 5 777 Cz6
9 5 778 Cz7
9 5 779 Cz8
9 5 780 Cz9
9 5 781 Da0
9 5 782 Da1
9 5 783 Da2
9 5 784 Da3
9 5 785 Da4
9 5 786 Da5
9 5 787 Da6
9 5 788 Da7
9 5 789 Da8
9 5 790 Da9
9 5 791 Db0
9 5 792 Db1
9 5 793 Db2
9 5 794 Db3
9 5 795 Db4
9 5 796 Db5
9 5 797 Db6
9 5 798 Db7
9 5 799 Db8
9 5 800 Db9
9 5 801 Dc0
9 5 802 Dc1
9 5 803 Dc2
9 5 804 Dc3
9 5 805 Dc4
9 5 806 Dc5
9 5 807 Dc6
9 5 808 Dc7
9 5 809 Dc8
9 5 810 Dc9
9 5 811 Dd0
9 5 812 Dd1
9 5 813 Dd2
9 5 814 Dd3
9 5 815 Dd4
9 5 816 Dd5
9 5 817 Dd6
9 5 818 Dd7
9 5 819 Dd8
9 5 820 Dd9
9 5 821 De0
9 5 822 De1
9 5 823 De2
9 5 824 De3
9 5 825 De4
9 5 826 De5
9 5 827 De6
9 5 828 De7
9 5 829 De8
9 5 830 De9
9 5 831 Df0
9 5 832 Df1
9 5 833 Df2
9 5 834 Df3
9 5 835 Df4
9 5 836 Df5
9 5 837 Df6
9 5 838 Df7
9 5 839 Df8
9 5 840 Df9
9 5 841 Dg0
9 5 842 Dg1
9 5 843 Dg2
9 5 844 Dg3
9 5 845 Dg4
9 5 846 Dg5
9 5 847 Dg6
9 5 848 Dg7
9 5 849 Dg8
9 5 850 Dg9
9 5 851 Dh0
9 5 852 Dh1
9 5 853 Dh2
9 5 854 Dh3
9 5 855 Dh4
9 5 856 Dh5
9 5 857 Dh6
9 5 858 Dh7
9 5 859 Dh8
9 5 860 Dh9
9 5 861 Di0
9 5 862 Di1
9 5 863 Di2
9 5 864 Di3
9 5 865 Di4
9 5 866 Di5
9 5 867 Di6
9 5 868 Di7
9 5 869 Di8
9 5 870 Di9
9 5 871 Dj0
9 5 872 Dj1
9 5 873 Dj2
9 5 874 Dj3
9 5 875 Dj4
9 5 876 Dj5
9 5 877 Dj6
9 5 878 Dj7
9 5 879 Dj8
9 5 880 Dj9
9 5 881 Dk0
9 5 882 Dk1
9 5 883 Dk2
9 5 884 Dk3
9 5 885 Dk4
9 5 886 Dk5
9 5 887 Dk6
9 5 888 Dk7
9 5 889 Dk8
9 5 890 Dk9
9 5 891 Dl0
9 5 892 Dl1
9 5 893 Dl2
9 5 894 Dl3
9 5 895 Dl4
9 5 896 Dl5
9 5 897 Dl6
9 5 898 Dl7
9 5 899 Dl8
9 5 900 Dl9
9 5 901 Dm0
9 5 902 Dm1
9 5 903 Dm2
9 5 904 Dm3
9 5 905 Dm4
9 5 906 Dm5
9 5 907 Dm6
9 5 908 Dm7
9 5 909 Dm8
9 5 910 Dm9
9 5 911 Dn0
9 5 912 Dn1
9 5 913 Dn2
9 5 914 Dn3
9 5 915 Dn4
9 5 916 Dn5
9 5 917 Dn6
9 5 918 Dn7
9 5 919 Dn8
9 5 920 Dn9
9 5 921 Do0
9 5 922 Do1
9 5 923 Do2
9 5 924 Do3
9 5 925 Do4
9 5 926 Do5
9 5 927 Do6
9 5 928 Do7
9 5 929 Do8
9 5 930 Do9
9 5 931 Dp0
9 5 932 Dp1
9 5 933 Dp2
9 5 934 Dp3
9 5 935 Dp4
9 5 936 Dp5
9 5 937 Dp6
9 5 938 Dp7
9 5 939 Dp8
9 5 940 Dp9
9 5 941 Dq0
9 5 942 Dq1
9 5 943 Dq2
9 5 944 Dq3
9 5 945 Dq4
9 5 946 Dq5
9 5 947 Dq6
9 5 948 Dq7
9 5 949 Dq8
9 5 950 Dq9
9 5 951 Dr0
9 5 952 Dr1
9 5 953 Dr2
9 5 954 Dr3
9 5 955 Dr4
9 5 956 Dr5
9 5 957 Dr6
9 5 958 Dr7
9 5 959 Dr8
9 5 960 Dr9
9 5 961 Ds0
9 5 962 Ds1
9 5 963 Ds2
9 5 964 Ds3
9 5 965 Ds4
9 5 966 Ds5
9 5 967 Ds6
9 5 968 Ds7
9 5 969 Ds8
9 5 970 Ds9
9 5 971 Dt0
9 5 972 Dt1
9 5 973 Dt2
9 5 974 Dt3
9 5 975 Dt4
9 5 976 Dt5
9 5 977 Dt6
9 5 978 Dt7
9 5 979 Dt8
9 5 980 Dt9
9 5 981 Du0
9 5 982 Du1
9 5 983 Du2
9 5 984 Du3
9 5 985 Du4
9 5 986 Du5
9 5 987 Du6
9 5 988 Du7
9 5 989 Du8
9 5 990 Du9
9 5 991 Dv0
9 5 992 Dv1
9 5 993 Dv2
9 5 994 Dv3
9 5 995 Dv4
9 5 996 Dv5
9 5 997 Dv6
9 5 998 Dv7
9 5 999 Dv8
9 5 1000 Dv9
32 496
1 2 1
1 3 1
1 4 1
1 5 1
1 6 1
1 7 1
1 8 1
1 9 1
1 10 1
1 11 1
1 12 1
1 13 1
1 14 1
1 15 1
1 16 1
1 17 1
1 18 1
1 19 1
1 20 1
1 21 1
1 22 1
1 23 1
1 24 1
1 25 1
1 26 1
1 27 1
1 28 1
1 29 1
1 30 1
1 31 1
1 32 1
2 3 1
2 4 1
2 5 1
2 6 1
2 7 1
2 8 1
2 9 1
2 10 1
2 11 1
2 12 1
2 13 1
2 14 1
2 15 1
2 16 1
2 17 1
2 18 1
2 19 1
2 20 1
2 21 1
2 22 1
2 23 1
2 24 1
2 25 1
2 26 1
2 27 1
2 28 1
2 29 1
2 30 1
2 31 1
2 32 1
3 4 1
3 5 1
3 6 1
3 7 1
3 8 1
3 9 1
3 10 1
3 11 1
3 12 1
3 13 1
3 14 1
3 15 1
3 16 1
3 17 1
3 18 1
3 19 1
3 20 1
3 21 1
3 22 1
3 23 1
3 24 1
3 25 1
3 26 1
3 27 1
3 28 1
3 29 1
3 30 1
3 31 1
3 32 1
4 5 1
4 6 1
4 7 1
4 8 1
4 9 1
4 10 1
4 11 1
4 12 1
4 13 1
4 14 1
4 15 1
4 16 1
4 17 1
4 18 1
4 19 1
4 20 1
4 21 1
4 22 1
4 23 1
4 24 1
4 25 1
4 26 1
4 27 1
4 28 1
4 29 1
4 30 1
4 31 1
4 32 1
5 6 1
5 7 1
5 8 1
5 9 1
5 10 1
5 11 1
5 12 1
5 13 1
5 14 1
5 15 1
5 16 1
5 17 1
5 18 1
5 19 1
5 20 1
5 21 1
5 22 1
5 23 1
5 24 1
5 25 1
5 26 1
5 27 1
5 28 1
5 29 1
5 30 1
5 31 1
5 32 1
6 7 1
6 8 1
6 9 1
6 10 1
6 11 1
6 12 1
6 13 1
6 14 1
6 15 1
6 16 1
6 17 1
6 18 1
6 19 1
6 20 1
6 21 1
6 22 1
6 23 1
6 24 1
6 25 1
6 26 1
6 27 1
6 28 1
6 29 1
6 30 1
6 31 1
6 32 1
7 8 1
7 9 1
7 10 1
7 11 1
7 12 1
7 13 1
7 14 1
7 15 1
7 16 1
7 17 1
7 18 1
7 19 1
7 20 1
7 21 1
7 22 1
7 23 1
7 24 1
7 25 1
7 26 1
7 27 1
7 28 1
7 29 1
7 30 1
7 31 1
7 32 1
8 9 1
8 10 1
8 11 1
8 12 1
8 13 1
8 14 1
8 15 1
8 16 1
8 17 1
8 18 1
8 19 1
8 20 1
8 21 1
8 22 1
8 23 1
8 24 1
8 25 1
8 26 1
8 27 1
8 28 1
8 29 1
8 30 1
8 31 1
8 32 1
9 10 1
9 11 1
9 12 1
9 13 1
9 14 1
9 15 1
9 16 1
9 17 1
9 18 1
9 19 1
9 20 1
9 21 1
9 22 1
9 23 1
9 24 1
9 25 1
9 26 1
9 27 1
9 28 1
9 29 1
9 30 1
9 31 1
9 32 1
10 11 1
10 12 1
10 13 1
10 14 1
10 15 1
10 16 1
10 17 1
10 18 1
10 19 1
10 20 1
10 21 1
10 22 1
10 23 1
10 24 1
10 25 1
10 26 1
10 27 1
10 28 1
10 29 1
10 30 1
10 31 1
10 32 1
11 12 1
11 13 1
11 14 1
11 15 1
11 16 1
11 17 1
11 18 1
11 19 1
11 20 1
11 21 1
11 22 1
11 23 1
11 24 1
11 25 1
11 26 1
11 27 1
11 28 1
11 29 1
11 30 1
11 31 1
11 32 1
12 13 1
12 14 1
12 15 1
12 16 1
12 17 1
12 18 1
12 19 1
12 20 1
12 21 1
12 22 1
12 23 1
12 24 1
12 25 1
12 26 1
12 27 1
12 28 1
12 29 1
12 30 1
12 31 1
12 32 1
13 14 1
13 15 1
13 16 1
13 17 1
13 18 1
13 19 1
13 20 1
13 21 1
13 22 1
13 23 1
13 24 1
13 25 1
13 26 1
13 27 1
13 28 1
13 29 1
13 30 1
13 31 1
13 32 1
14 15 1
14 16 1
14 17 1
14 18 1
14 19 1
14 20 1
14 21 1
14 22 1
14 23 1
14 24 1
14 25 1
14 26 1
14 27 1
14 28 1
14 29 1
14 30 1
14 31 1
14 32 1
15 16 1
15 17 1
15 18 1
15 19 1
15 20 1
15 21 1
15 22 1
15 23 1
15 24 1
15 25 1
15 26 1
15 27 1
15 28 1
15 29 1
15 30 1
15 31 1
15 32 1
16 17 1
16 18 1
16 19 1
16 20 1
16 21 1
16 22 1
16 23 1
16 24 1
16 25 1
16 26 1
16 27 1
16 28 1
16 29 1
16 30 1
16 31 1
16 32 1
17 18 1
17 19 1
17 20 1
17 21 1
17 22 1
17 23 1
17 24 1
17 25 1
17 26 1
17 27 1
17 28 1
17 29 1
17 30 1
17 31 1
17 32 1
18 19 1
18 20 1
18 21 1
18 22 1
18 23 1
18 24 1
18 25 1
18 26 1
18 27 1
18 28 1
18 29 1
18 30 1
18 31 1
18 32 1
19 20 1
19 21 1
19 22 1
19 23 1
19 24 1
19 25 1
19 26 1
19 27 1
19 28 1
19 29 1
19 30 1
19 31 1
19 32 1
20 21 1
20 22 1
20 23 1
20 24 1
20 25 1
20 26 1
20 27 1
20 28 1
20 29 1
20 30 1
20 31 1
20 32 1
21 22 1
21 23 1
21 24 1
21 25 1
21 26 1
21 27 1
21 28 1
21 29 1
21 30 1
21 31 1
21 32 1
22 23 1
22 24 1
22 25 1
22 26 1
22 27 1
22 28 1
22 29 1
22 30 1
22 31 1
22 32 1
23 24 1
23 25 1
23 26 1
23 27 1
23 28 1
23 29 1
23 30 1
23 31 1
23 32 1
24 25 1
24 26 1
24 27 1
24 28 1
24 29 1
24 30 1
24 31 1
24 32 1
25 26 1
25 27 1
25 28 1
25 29 1
25 30 1
25 31 1
25 32 1
26 27 1
26 28 1
26 29 1
26 30 1
26 31 1
26 32 1
27 28 1
27 29 1
27 30 1
27 31 1
27 32 1
28 29 1
28 30 1
28 31 1
28 32 1
29 30 1
29 31 1
29 32 1
30 31 1
30 32 1
31 32 1
1000
23 20 1 Aa0
24 14 2 Aa1
31 4 3 Aa2
24 1 4 Aa3
24 26 5 Aa4
6 28 6 Aa5
15 29 7 Aa6
15 11 8 Aa7
7 10 9 Aa8
27 6 10 Aa9
10 9 11 Ab0
27 2 12 Ab1
13 11 13 Ab2
23 10 14 Ab3
30 6 15 Ab4
22 11 16 Ab5
21 31 17 Ab6
7 12 18 Ab7
18 17 19 Ab8
21 26 20 Ab9
2 31 21 Ac0
31 30 22 Ac1
3 30 23 Ac2
21 14 24 Ac3
15 18 25 Ac4
14 1 26 Ac5
20 32 27 Ac6
22 20 28 Ac7
30 25 29 Ac8
3 5 30 Ac9
17 9 31 Ad0
13 6 32 Ad1
9 3 33 Ad2
17 2 34 Ad3
11 18 35 Ad4
15 1 36 Ad5
8 4 37 Ad6
5 3 38 Ad7
13 21 39 Ad8
30 26 40 Ad9
11 22 41 Ae0
30 19 42 Ae1
11 8 43 Ae2
32 9 44 Ae3
27 23 45 Ae4
27 7 46 Ae5
29 6 47 Ae6
28 18 48 Ae7
2 27 49 Ae8
31 20 50 Ae9
17 28 51 Af0
9 30 52 Af1
27 32 53 Af2
32 8 54 Af3
23 3 55 Af4
22 26 56 Af5
15 8 57 Af6
20 14 58 Af7
12 4 59 Af8
31 27 60 Af9
17 27 61 Ag0
10 1 62 Ag1
9 32 63 Ag2
31 11 64 Ag3
16 1 65 Ag4
20 12 66 Ag5
13 23 67 Ag6
9 31 68 Ag7
1 12 69 Ag8
24 3 70 Ag9
10 6 71 Ah0
32 26 72 Ah1
31 29 73 Ah2
18 20 74 Ah3
11 17 75 Ah4
7 27 76 Ah5
5 1 77 Ah6
11 25 78 Ah7
20 12 79 Ah8
7 5 80 Ah9
21 28 81 Ai0
2 23 82 Ai1
30 19 83 Ai2
1 11 84 Ai3
7 3 85 Ai4
27 10 86 Ai5
16 25 87 Ai6
31 4 88 Ai7
10 20 89 Ai8
12 11 90 Ai9
7 30 91 Aj0
7 9 92 Aj1
1 13 93 Aj2
27 17 94 Aj3
32 7 95 Aj4
15 11 96 Aj5
18 30 97 Aj6
15 5 98 Aj7
4 31 99 Aj8
14 31 100 Aj9
1 19 101 Ak0
19 23 102 Ak1
1 8 103 Ak2
8 22 104 Ak3
12 32 105 Ak4
7 28 106 Ak5
16 15 107 Ak6
32 14 108 Ak7
2 8 109 Ak8
19 2 110 Ak9
21 8 111 Al0
17 27 112 Al1
5 9 113 Al2
30 16 114 Al3
28 30 115 Al4
19 25 116 Al5
25 3 117 Al6
20 18 118 Al7
27 11 119 Al8
28 17 120 Al9
7 32 121 Am0
6 23 122 Am1
28 23 123 Am2
30 14 124 Am3
19 23 125 Am4
15 27 126 Am5
31 30 127 Am6
1 15 128 Am7
3 4 129 Am8
8 11 130 Am9
22 12 131 An0
19 11 132 An1
15 13 133 An2
14 19 134 An3
21 5 135 An4
20 22 136 An5
20 22 137 An6
1 13 138 An7
10 30 139 An8
9 11 140 An9
24 29 141 Ao0
6 27 142 Ao1
28 3 143 Ao2
26 18 144 Ao3
13 19 145 Ao4
23 1 146 Ao5
24 31 147 Ao6
24 12 148 Ao7
21 16 149 Ao8
24 16 150 Ao9
25 5 151 Ap0
30 5 152 Ap1
5 7 153 Ap2
18 6 154 Ap3
8 7 155 Ap4
22 3 156 Ap5
6 16 157 Ap6
11 16 158 Ap7
5 23 159 Ap8
13 16 160 Ap9
15 4 161 Aq0
6 8 162 Aq1
7 19 163 Aq2
6 32 164 Aq3
28 1 165 Aq4
28 17 166 Aq5
17 27 167 Aq6
29 23 168 Aq7
8 25 169 Aq8
17 29 170 Aq9
27 21 171 Ar0
30 24 172 Ar1
3 31 173 Ar2
3 21 174 Ar3
22 24 175 Ar4
11 23 176 Ar5
17 11 177 Ar6
15 11 178 Ar7
27 24 179 Ar8
8 12 180 Ar9
12 28 181 As0
11 23 182 As1
27 16 183 As2
27 29 184 As3
5 24 185 As4
19 15 186 As5
11 20 187 As6
12 27 188 As7
25 28 189 As8
2 13 190 As9
30 21 191 At0
15 3 192 At1
6 13 193 At2
15 5 194 At3
26 8 195 At4
19 27 196 At5
30 18 197 At6
28 29 198 At7
10 17 199 At8
1 31 200 At9
25 22 201 Au0
10 22 202 Au1
14 5 203 Au2
29 11 204 Au3
8 4 205 Au4
11 20 206 Au5
17 14 207 Au6
2 9 208 Au7
26 19 209 Au8
26 30 210 Au9
26 11 211 Av0
11 25 212 Av1
11 15 213 Av2
20 19 214 Av3
16 9 215 Av4
13 7 216 Av5
12 11 217 Av6
29 19 218 Av7
27 11 219 Av8
8 31 220 Av9
19 16 221 Aw0
10 7 222 Aw1
15 20 223 Aw2
25 30 224 Aw3
6 26 225 Aw4
15 26 226 Aw5
25 20 227 Aw6
25 31 228 Aw7
4 30 229 Aw8
13 23 230 Aw9
21 31 231 Ax0
26 13 232 Ax1
30 27 233 Ax2
9 6 234 Ax3
2 9 235 Ax4
1 25 236 Ax5
26 15 237 Ax6
21 13 238 Ax7
32 26 239 Ax8
3 18 240 Ax9
3 5 241 Ay0
31 5 242 Ay1
26 14 243 Ay2
32 18 244 Ay3
27 9 245 Ay4
13 31 246 Ay5
17 24 247 Ay6
25 16 248 Ay7
26 3 249 Ay8
21 11 250 Ay9
8 1 251 Az0
27 19 252 Az1
5 4 253 Az2
28 20 254 Az3
4 32 255 Az4
5 8 256 Az5
16 12 257 Az6
22 29 258 Az7
5 26 259 Az8
10 24 260 Az9
23 1 261 Ba0
1 8 262 Ba1
27 3 263 Ba2
28 24 264 Ba3
2 32 265 Ba4
31 17 266 Ba5
13 18 267 Ba6
32 14 268 Ba7
2 3 269 Ba8
28 26 270 Ba9
20 8 271 Bb0
31 30 272 Bb1
25 2 273 Bb2
22 3 274 Bb3
15 1 275 Bb4
15 21 276 Bb5
1 4 277 Bb6
10 13 278 Bb7
1 20 279 Bb8
12 17 280 Bb9
18 4 281 Bc0
27 21 282 Bc1
15 3 283 Bc2
25 10 284 Bc3
25 6 285 Bc4
20 16 286 Bc5
29 20 287 Bc6
7 28 288 Bc7
15 8 289 Bc8
24 23 290 Bc9
23 29 291 Bd0
4 28 292 Bd1
30 19 293 Bd2
6 24 294 Bd3
26 22 295 Bd4
26 6 296 Bd5
16 30 297 Bd6
3 18 298 Bd7
32 15 299 Bd8
25 11 300 Bd9
1 25 301 Be0
31 1 302 Be1
7 8 303 Be2
32 11 304 Be3
14 25 305 Be4
8 13 306 Be5
29 21 307 Be6
14 30 308 Be7
6 25 309 Be8
11 24 310 Be9
22 1 311 Bf0
15 32 312 Bf1
13 5 313 Bf2
30 19 314 Bf3
6 20 315 Bf4
9 22 316 Bf5
22 26 317 Bf6
16 21 318 Bf7
24 27 319 Bf8
31 29 320 Bf9
26 15 321 Bg0
26 23 322 Bg1
11 31 323 Bg2
9 20 324 Bg3
16 26 325 Bg4
3 5 326 Bg5
7 11 327 Bg6
31 7 328 Bg7
6 32 329 Bg8
15 2 330 Bg9
9 14 331 Bh0
26 12 332 Bh1
6 28 333 Bh2
29 30 334 Bh3
2 12 335 Bh4
21 18 336 Bh5
14 27 337 Bh6
21 5 338 Bh7
24 32 339 Bh8
9 14 340 Bh9
25 8 341 Bi0
2 10 342 Bi1
1 6 343 Bi2
19 14 344 Bi3
26 6 345 Bi4
26 20 346 Bi5
20 29 347 Bi6
20 21 348 Bi7
8 11 349 Bi8
26 1 350 Bi9
28 15 351 Bj0
22 32 352 Bj1
32 9 353 Bj2
26 22 354 Bj3
19 6 355 Bj4
24 32 356 Bj5
30 1 357 Bj6
26 25 358 Bj7
18 25 359 Bj8
22 26 360 Bj9
9 32 361 Bk0
16 20 362 Bk1
25 30 363 Bk2
11 9 364 Bk3
10 20 365 Bk4
16 32 366 Bk5
30 13 367 Bk6
25 15 368 Bk7
14 8 369 Bk8
30 12 370 Bk9
26 9 371 Bl0
12 11 372 Bl1
9 22 373 Bl2
7 10 374 Bl3
28 30 375 Bl4
31 19 376 Bl5
24 3 377 Bl6
28 7 378 Bl7
6 8 379 Bl8
19 13 380 Bl9
1 9 381 Bm0
1 7 382 Bm1
24 17 383 Bm2
8 17 384 Bm3
19 24 385 Bm4
31 30 386 Bm5
13 32 387 Bm6
23 10 388 Bm7
4 29 389 Bm8
1 5 390 Bm9
25 3 391 Bn0
23 19 392 Bn1
7 11 393 Bn2
10 22 394 Bn3
15 20 395 Bn4
27 5 396 Bn5
26 7 397 Bn6
6 32 398 Bn7
14 25 399 Bn8
8 29 400 Bn9
22 23 401 Bo0
17 30 402 Bo1
9 30 403 Bo2
20 31 404 Bo3
19 11 405 Bo4
26 19 406 Bo5
8 13 407 Bo6
2 32 408 Bo7
18 13 409 Bo8
20 11 410 Bo9
23 30 411 Bp0
4 9 412 Bp1
3 28 413 Bp2
30 28 414 Bp3
19 28 415 Bp4
28 32 416 Bp5
30 5 417 Bp6
23 10 418 Bp7
9 12 419 Bp8
28 12 420 Bp9
15 11 421 Bq0
23 6 422 Bq1
1 32 423 Bq2
24 10 424 Bq3
15 24 425 Bq4
20 1 426 Bq5
32 31 427 Bq6
1 18 428 Bq7
12 13 429 Bq8
9 10 430 Bq9
22 24 431 Br0
26 16 432 Br1
2 22 433 Br2
20 15 434 Br3
17 12 435 Br4
10 1 436 Br5
10 23 437 Br6
10 6 438 Br7
19 27 439 Br8
17 2 440 Br9
16 14 441 Bs0
19 5 442 Bs1
11 1 443 Bs2
20 17 444 Bs3
26 19 445 Bs4
29 23 446 Bs5
6 4 447 Bs6
5 4 448 Bs7
32 30 449 Bs8
26 30 450 Bs9
4 13 451 Bt0
20 14 452 Bt1
7 20 453 Bt2
24 25 454 Bt3
22 15 455 Bt4
23 31 456 Bt5
31 21 457 Bt6
7 17 458 Bt7
11 6 459 Bt8
17 23 460 Bt9
24 6 461 Bu0
4 22 462 Bu1
2 29 463 Bu2
2 12 464 Bu3
22 15 465 Bu4
11 2 466 Bu5
1 29 467 Bu6
18 2 468 Bu7
5 23 469 Bu8
14 17 470 Bu9
31 8 471 Bv0
28 27 472 Bv1
18 17 473 Bv2
21 15 474 Bv3
11 21 475 Bv4
26 3 476 Bv5
32 10 477 Bv6
13 9 478 Bv7
32 24 479 Bv8
12 23 480 Bv9
9 31 481 Bw0
2 24 482 Bw1
30 26 483 Bw2
25 27 484 Bw3
23 29 485 Bw4
18 21 486 Bw5
10 13 487 Bw6
20 10 488 Bw7
30 9 489 Bw8
1 22 490 Bw9
30 32 491 Bx0
20 26 492 Bx1
9 23 493 Bx2
29 32 494 Bx3
22 18 495 Bx4
13 16 496 Bx5
30 3 497 Bx6
22 4 498 Bx7
18 8 499 Bx8
17 5 500 Bx9
27 3 501 By0
15 19 502 By1
7 13 503 By2
26 4 504 By3
27 3 505 By4
10 17 506 By5
18 11 507 By6
15 4 508 By7
31 19 509 By8
5 6 510 By9
30 17 511 Bz0
8 22 512 Bz1
8 9 513 Bz2
2 30 514 Bz3
4 20 515 Bz4
28 23 516 Bz5
22 13 517 Bz6
8 9 518 Bz7
11 32 519 Bz8
20 29 520 Bz9
23 31 521 Ca0
3 19 522 Ca1
18 8 523 Ca2
17 9 524 Ca3
31 19 525 Ca4
10 4 526 Ca5
3 19 527 Ca6
15 12 528 Ca7
4 17 529 Ca8
20 6 530 Ca9
6 11 531 Cb0
18 15 532 Cb1
27 25 533 Cb2
17 25 534 Cb3
5 31 535 Cb4
25 18 536 Cb5
3 6 537 Cb6
3 27 538 Cb7
20 1 539 Cb8
30 9 540 Cb9
11 7 541 Cc0
22 21 542 Cc1
18 30 543 Cc2
29 26 544 Cc3
24 28 545 Cc4
25 32 546 Cc5
9 12 547 Cc6
11 1 548 Cc7
12 1 549 Cc8
10 2 550 Cc9
18 8 551 Cd0
31 22 552 Cd1
2 24 553 Cd2
22 8 554 Cd3
26 29 555 Cd4
9 26 556 Cd5
21 32 557 Cd6
22 7 558 Cd7
5 19 559 Cd8
20 13 560 Cd9
26 25 561 Ce0
8 32 562 Ce1
29 14 563 Ce2
13 20 564 Ce3
16 1 565 Ce4
25 12 566 Ce5
24 12 567 Ce6
20 28 568 Ce7
22 27 569 Ce8
3 31 570 Ce9
12 3 571 Cf0
28 5 572 Cf1
20 23 573 Cf2
5 30 574 Cf3
8 31 575 Cf4
8 15 576 Cf5
25 26 577 Cf6
14 26 578 Cf7
27 2 579 Cf8
32 29 580 Cf9
13 11 581 Cg0
19 3 582 Cg1
4 5 583 Cg2
10 4 584 Cg3
3 31 585 Cg4
8 10 586 Cg5
5 3 587 Cg6
11 18 588 Cg7
16 19 589 Cg8
31 1 590 Cg9
24 30 591 Ch0
27 17 592 Ch1
21 12 593 Ch2
22 29 594 Ch3
11 5 595 Ch4
19 27 596 Ch5
16 3 597 Ch6
19 29 598 Ch7
14 2 599 Ch8
9 8 600 Ch9
27 9 601 Ci0
7 29 602 Ci1
1 19 603 Ci2
32 7 604 Ci3
2 23 605 Ci4
28 5 606 Ci5
2 9 607 Ci6
21 22 608 Ci7
14 23 609 Ci8
14 29 610 Ci9
11 19 611 Cj0
2 7 612 Cj1
24 32 613 Cj2
10 17 614 Cj3
22 12 615 Cj4
17 8 616 Cj5
29 18 617 Cj6
20 21 618 Cj7
24 28 619 Cj8
9 31 620 Cj9
24 6 621 Ck0
30 12 622 Ck1
31 3 623 Ck2
17 11 624 Ck3
6 1 625 Ck4
16 32 626 Ck5
19 4 627 Ck6
8 13 628 Ck7
19 27 629 Ck8
31 25 630 Ck9
19 12 631 Cl0
9 21 632 Cl1
29 11 633 Cl2
18 13 634 Cl3
28 14 635 Cl4
10 18 636 Cl5
1 26 637 Cl6
32 22 638 Cl7
31 16 639 Cl8
21 7 640 Cl9
1 24 641 Cm0
5 28 642 Cm1
30 15 643 Cm2
25 16 644 Cm3
26 10 645 Cm4
1 2 646 Cm5
31 5 647 Cm6
24 3 648 Cm7
27 19 649 Cm8
8 24 650 Cm9
1 16 651 Cn0
12 19 652 Cn1
18 5 653 Cn2
21 18 654 Cn3
4 3 655 Cn4
8 18 656 Cn5
16 26 657 Cn6
8 26 658 Cn7
13 22 659 Cn8
5 26 660 Cn9
5 20 661 Co0
14 20 662 Co1
2 17 663 Co2
14 4 664 Co3
27 15 665 Co4
27 11 666 Co5
21 13 667 Co6
32 18 668 Co7
7 20 669 Co8
26 3 670 Co9
31 27 671 Cp0
15 23 672 Cp1
17 9 673 Cp2
6 12 674 Cp3
21 1 675 Cp4
31 24 676 Cp5
9 6 677 Cp6
20 9 678 Cp7
16 24 679 Cp8
13 15 680 Cp9
23 15 681 Cq0
6 31 682 Cq1
21 10 683 Cq2
7 25 684 Cq3
6 11 685 Cq4
20 8 686 Cq5
3 26 687 Cq6
13 4 688 Cq7
12 6 689 Cq8
22 30 690 Cq9
32 31 691 Cr0
10 4 692 Cr1
30 13 693 Cr2
29 28 694 Cr3
28 29 695 Cr4
15 20 696 Cr5
25 29 697 Cr6
4 31 698 Cr7
3 11 699 Cr8
4 1 700 Cr9
7 22 701 Cs0
14 11 702 Cs1
1 4 703 Cs2
24 9 704 Cs3
1 27 705 Cs4
22 10 706 Cs5
2 6 707 Cs6
22 21 708 Cs7
15 26 709 Cs8
18 14 710 Cs9
14 13 711 Ct0
10 19 712 Ct1
4 18 713 Ct2
5 24 714 Ct3
23 1 715 Ct4
15 28 716 Ct5
9 3 717 Ct6
26 17 718 Ct7
26 15 719 Ct8
10 11 720 Ct9
1 31 721 Cu0
2 21 722 Cu1
5 26 723 Cu2
8 15 724 Cu3
18 19 725 Cu4
4 18 726 Cu5
25 13 727 Cu6
3 28 728 Cu7
27 24 729 Cu8
8 31 730 Cu9
25 11 731 Cv0
3 18 732 Cv1
24 10 733 Cv2
9 31 734 Cv3
11 20 735 Cv4
5 24 736 Cv5
11 4 737 Cv6
24 29 738 Cv7
2 17 739 Cv8
20 10 740 Cv9
11 12 741 Cw0
30 7 742 Cw1
30 20 743 Cw2
14 27 744 Cw3
16 27 745 Cw4
14 31 746 Cw5
6 19 747 Cw6
20 5 748 Cw7
29 22 749 Cw8
25 6 750 Cw9
10 3 751 Cx0
26 7 752 Cx1
25 14 753 Cx2
28 10 754 Cx3
7 12 755 Cx4
10 28 756 Cx5
6 11 757 Cx6
24 8 758 Cx7
11 8 759 Cx8
15 1 760 Cx9
19 30 761 Cy0
32 20 762 Cy1
12 6 763 Cy2
7 8 764 Cy3
25 30 765 Cy4
15 1 766 Cy5
3 28 767 Cy6
9 3 768 Cy7
11 3 769 Cy8
27 7 770 Cy9
23 20 771 Cz0
23 1 772 Cz1
9 25 773 Cz2
12 27 774 Cz3
3 4 775 Cz4
5 32 776 Cz5
4 32 777 Cz6
9 14 778 Cz7
4 30 779 Cz8
10 13 780 Cz9
30 1 781 Da0
19 23 782 Da1
31 29 783 Da2
17 3 784 Da3
4 9 785 Da4
12 1 786 Da5
10 15 787 Da6
2 5 788 Da7
8 11 789 Da8
29 25 790 Da9
9 32 791 Db0
15 10 792 Db1
32 15 793 Db2
3 15 794 Db3
8 28 795 Db4
13 24 796 Db5
17 6 797 Db6
19 10 798 Db7
12 26 799 Db8
29 1 800 Db9
13 11 801 Dc0
26 16 802 Dc1
12 19 803 Dc2
17 7 804 Dc3
26 16 805 Dc4
15 4 806 Dc5
31 10 807 Dc6
13 2 808 Dc7
20 4 809 Dc8
23 4 810 Dc9
13 30 811 Dd0
16 4 812 Dd1
20 30 813 Dd2
17 12 814 Dd3
15 29 815 Dd4
1 14 816 Dd5
18 22 817 Dd6
5 24 818 Dd7
14 30 819 Dd8
18 3 820 Dd9
9 24 821 De0
13 16 822 De1
23 8 823 De2
6 9 824 De3
20 25 825 De4
14 13 826 De5
30 24 827 De6
16 7 828 De7
31 14 829 De8
11 2 830 De9
30 20 831 Df0
10 28 832 Df1
11 7 833 Df2
26 10 834 Df3
22 31 835 Df4
3 13 836 Df5
11 22 837 Df6
30 20 838 Df7
8 17 839 Df8
18 20 840 Df9
5 32 841 Dg0
11 31 842 Dg1
25 15 843 Dg2
11 1 844 Dg3
3 27 845 Dg4
18 14 846 Dg5
17 18 847 Dg6
21 3 848 Dg7
20 18 849 Dg8
4 26 850 Dg9
4 28 851 Dh0
1 29 852 Dh1
32 2 853 Dh2
30 20 854 Dh3
26 7 855 Dh4
22 3 856 Dh5
4 23 857 Dh6
2 19 858 Dh7
10 25 859 Dh8
2 8 860 Dh9
28 18 861 Di0
32 26 862 Di1
15 7 863 Di2
26 8 864 Di3
19 4 865 Di4
28 21 866 Di5
18 25 867 Di6
3 10 868 Di7
17 16 869 Di8
21 29 870 Di9
8 21 871 Dj0
23 24 872 Dj1
32 20 873 Dj2
19 17 874 Dj3
18 16 875 Dj4
11 4 876 Dj5
3 18 877 Dj6
22 12 878 Dj7
18 2 879 Dj8
14 21 880 Dj9
24 7 881 Dk0
20 28 882 Dk1
9 20 883 Dk2
19 23 884 Dk3
4 15 885 Dk4
7 25 886 Dk5
7 10 887 Dk6
18 5 888 Dk7
12 28 889 Dk8
30 5 890 Dk9
6 2 891 Dl0
12 9 892 Dl1
20 25 893 Dl2
29 19 894 Dl3
23 17 895 Dl4
6 19 896 Dl5
4 23 897 Dl6
7 18 898 Dl7
14 32 899 Dl8
4 26 900 Dl9
24 12 901 Dm0
18 22 902 Dm1
7 13 903 Dm2
14 26 904 Dm3
7 16 905 Dm4
10 14 906 Dm5
15 22 907 Dm6
19 16 908 Dm7
22 20 909 Dm8
27 6 910 Dm9
4 3 911 Dn0
14 25 912 Dn1
28 25 913 Dn2
30 18 914 Dn3
26 31 915 Dn4
31 30 916 Dn5
22 6 917 Dn6
26 27 918 Dn7
30 13 919 Dn8
17 3 920 Dn9
9 10 921 Do0
11 29 922 Do1
25 4 923 Do2
7 24 924 Do3
4 18 925 Do4
31 18 926 Do5
17 4 927 Do6
19 5 928 Do7
21 10 929 Do8
29 27 930 Do9
25 30 931 Dp0
10 24 932 Dp1
21 4 933 Dp2
29 30 934 Dp3
26 30 935 Dp4
25 6 936 Dp5
23 8 937 Dp6
25 3 938 Dp7
10 11 939 Dp8
19 15 940 Dp9
29 6 941 Dq0
4 32 942 Dq1
8 10 943 Dq2
6 7 944 Dq3
24 7 945 Dq4
21 20 946 Dq5
6 14 947 Dq6
21 1 948 Dq7
14 29 949 Dq8
28 2 950 Dq9
22 7 951 Dr0
22 8 952 Dr1
25 6 953 Dr2
23 7 954 Dr3
16 18 955 Dr4
16 3 956 Dr5
2 29 957 Dr6
20 28 958 Dr7
11 17 959 Dr8
29 24 960 Dr9
22 13 961 Ds0
11 28 962 Ds1
11 27 963 Ds2
16 10 964 Ds3
30 27 965 Ds4
6 24 966 Ds5
20 31 967 Ds6
14 7 968 Ds7
3 16 969 Ds8
20 9 970 Ds9
10 26 971 Dt0
2 28 972 Dt1
5 6 973 Dt2
6 15 974 Dt3
32 10 975 Dt4
18 27 976 Dt5
15 17 977 Dt6
1 16 978 Dt7
18 3 979 Dt8
18 7 980 Dt9
23 11 981 Du0
6 12 982 Du1
32 8 983 Du2
32 17 984 Du3
29 21 985 Du4
20 18 986 Du5
21 10 987 Du6
7 19 988 Du7
30 23 989 Du8
20 3 990 Du9
13 11 991 Dv0
19 16 992 Dv1
22 7 993 Dv2
11 30 994 Dv3
11 13 995 Dv4
7 32 996 Dv5
21 27 997 Dv6
13 11 998 Dv7
9 2 999 Dv8
7 19 1000 Dv9
20 24
12 6 13
9 13 7
12 1 20
13 4 1
5 4 14
18 10 22
16 15 22
2 19 23
1 7 22
4 6 30
9 2 2
15 7 20
13 16 6
4 20 27
1 3 3
17 15 3
4 2 29
7 8 4
11 6 13
6 10 22
15 18 17
10 13 20
2 1 25
14 13 26
51
2 18 90 Letter0-0
17 5 181 Letter0-1
19 9 195 Letter0-2
12 14 280 Letter0-3
9 14 378 Letter0-4
18 3 431 Letter0-5
9 19 488 Letter0-6
15 4 567 Letter0-7
13 20 660 Letter0-8
6 16 677 Letter0-9
1 18 773 Letter0-10
10 17 790 Letter0-11
19 7 813 Letter0-12
14 16 825 Letter0-13
16 7 847 Letter0-14
8 18 869 Letter0-15
18 4 874 Letter0-16
18 9 878 Letter0-17
19 3 933 Letter0-18
5 16 1027 Letter0-19
10 13 1078 Letter0-20
10 15 1140 Letter0-21
20 5 1184 Letter0-22
7 17 1215 Letter0-23
5 14 1250 Letter0-24
18 5 1331 Letter0-25
4 9 1389 Letter0-26
1 15 1473 Letter0-27
20 13 1565 Letter0-28
9 19 1660 Letter0-29
1 15 1712 Letter0-30
14 4 1767 Letter0-31
8 13 1857 Letter0-32
10 9 1947 Letter0-33
12 8 1968 Letter0-34
12 3 1976 Letter0-35
12 1 1982 Letter0-36
1 9 2066 Letter0-37
10 7 2118 Letter0-38
20 7 2150 Letter0-39
2 8 2241 Letter0-40
14 18 2257 Letter0-41
18 1 2337 Letter0-42
8 5 2428 Letter0-43
9 3 2521 Letter0-44
13 6 2561 Letter0-45
1 9 2619 Letter0-46
10 14 2621 Letter0-47
1 2 2685 Letter0-48
9 13 2731 Letter0-49
16 19 2757 Letter0-50
12 12
10 2 5
1 2 2
2 11 27
2 3 23
4 10 20
8 7 2
9 2 11
7 6 15
2 4 17
4 6 17
3 5 6
11 12 6
29
10 6 63 Letter1-0
11 6 139 Letter1-1
7 9 237 Letter1-2
2 6 302 Letter1-3
10 3 381 Letter1-4
9 6 461 Letter1-5
4 9 529 Letter1-6
5 4 617 Letter1-7
2 3 707 Letter1-8
4 2 753 Letter1-9
4 10 764 Letter1-10
9 3 791 Letter1-11
6 10 806 Letter1-12
12 4 819 Letter1-13
7 12 878 Letter1-14
10 11 908 Letter1-15
8 1 918 Letter1-16
9 11 961 Letter1-17
3 10 1039 Letter1-18
5 1 1118 Letter1-19
12 6 1191 Letter1-20
2 11 1227 Letter1-21
3 1 1297 Letter1-22
7 8 1365 Letter1-23
9 10 1439 Letter1-24
6 3 1441 Letter1-25
5 1 1498 Letter1-26
5 12 1529 Letter1-27
6 1 1626 Letter1-28
26 40
20 3 7
22 4 2
20 5 17
5 2 8
26 25 1
9 14 13
16 15 17
10 22 24
11 19 16
25 5 7
12 9 23
22 3 7
17 4 20
26 12 20
2 22 3
4 13 23
24 23 3
21 13 4
10 9 30
4 3 13
9 15 5
13 18 11
14 7 4
22 7 3
19 4 13
8 6 11
4 1 7
9 5 27
1 2 1
1 3 30
23 16 1
20 10 23
15 13 18
2 16 18
2 7 30
24 14 20
11 7 9
21 7 22
6 2 30
1 24 9
31
16 7 36 Letter2-0
2 7 103 Letter2-1
20 10 187 Letter2-2
12 5 230 Letter2-3
6 17 230 Letter2-4
15 22 287 Letter2-5
26 14 381 Letter2-6
8 20 421 Letter2-7
16 25 469 Letter2-8
26 11 554 Letter2-9
7 21 647 Letter2-10
21 1 704 Letter2-11
12 18 783 Letter2-12
12 6 794 Letter2-13
1 16 841 Letter2-14
24 5 924 Letter2-15
26 5 937 Letter2-16
6 17 1007 Letter2-17
8 1 1091 Letter2-18
13 8 1176 Letter2-19
26 5 1183 Letter2-20
19 13 1235 Letter2-21
13 22 1278 Letter2-22
10 17 1340 Letter2-23
13 1 1421 Letter2-24
5 8 1446 Letter2-25
8 6 1449 Letter2-26
20 22 1488 Letter2-27
9 4 1509 Letter2-28
7 10 1608 Letter2-29
14 15 1671 Letter2-30
16 19
15 12 8
12 9 25
6 4 6
13 3 30
14 4 22
10 4 16
6 8 8
4 3 2
4 2 15
16 13 18
11 16 15
1 2 2
2 5 18
7 1 16
6 11 26
14 3 7
9 8 13
3 2 29
15 4 22
56
6 7 4 Letter3-0
9 2 90 Letter3-1
13 16 132 Letter3-2
4 8 169 Letter3-3
13 3 216 Letter3-4
4 16 218 Letter3-5
11 16 249 Letter3-6
3 12 348 Letter3-7
16 8 369 Letter3-8
8 7 439 Letter3-9
8 14 486 Letter3-10
9 11 498 Letter3-11
9 12 540 Letter3-12
5 1 588 Letter3-13
1 7 670 Letter3-14
13 3 746 Letter3-15
3 5 764 Letter3-16
9 16 822 Letter3-17
8 16 870 Letter3-18
4 6 919 Letter3-19
13 16 936 Letter3-20
15 10 988 Letter3-21
10 6 1075 Letter3-22
15 12 1113 Letter3-23
3 9 1186 Letter3-24
6 10 1247 Letter3-25
7 15 1289 Letter3-26
8 1 1332 Letter3-27
1 11 1347 Letter3-28
10 6 1353 Letter3-29
16 12 1395 Letter3-30
14 1 1469 Letter3-31
9 16 1515 Letter3-32
4 11 1566 Letter3-33
8 9 1571 Letter3-34
16 12 1638 Letter3-35
6 10 1724 Letter3-36
5 11 1821 Letter3-37
1 2 1881 Letter3-38
14 15 1952 Letter3-39
14 2 1981 Letter3-40
9 6 2070 Letter3-41
13 4 2152 Letter3-42
2 14 2227 Letter3-43
14 15 2293 Letter3-44
3 8 2351 Letter3-45
12 15 2430 Letter3-46
12 3 2499 Letter3-47
3 11 2539 Letter3-48
13 10 2549 Letter3-49
16 13 2573 Letter3-50
2 12 2585 Letter3-51
13 15 2664 Letter3-52
11 3 2754 Letter3-53
7 12 2765 Letter3-54
12 11 2858 Letter3-55
15 16
1 2 2
4 12 30
14 11 25
7 1 9
4 3 10
12 10 6
3 2 1
8 15 23
13 7 26
10 8 9
6 8 5
5 4 2
11 1 22
4 6 4
15 6 16
8 9 15
82
13 11 32 Letter4-0
2 5 72 Letter4-1
2 10 97 Letter4-2
13 14 116 Letter4-3
8 11 180 Letter4-4
10 12 233 Letter4-5
7 1 299 Letter4-6
5 6 359 Letter4-7
2 3 372 Letter4-8
8 2 383 Letter4-9
10 8 466 Letter4-10
1 12 531 Letter4-11
9 1 542 Letter4-12
15 12 558 Letter4-13
14 9 647 Letter4-14
6 9 659 Letter4-15
12 1 708 Letter4-16
3 12 803 Letter4-17
8 7 832 Letter4-18
4 9 929 Letter4-19
7 13 1020 Letter4-20
7 8 1097 Letter4-21
4 15 1161 Letter4-22
7 14 1259 Letter4-23
3 12 1328 Letter4-24
3 2 1328 Letter4-25
3 9 1370 Letter4-26
8 3 1403 Letter4-27
10 7 1414 Letter4-28
15 1 1464 Letter4-29
6 5 1513 Letter4-30
9 13 1576 Letter4-31
4 14 1664 Letter4-32
10 9 1761 Letter4-33
14 15 1798 Letter4-34
4 12 1862 Letter4-35
1 10 1881 Letter4-36
7 3 1979 Letter4-37
11 10 2067 Letter4-38
14 4 2099 Letter4-39
8 10 2194 Letter4-40
1 6 2235 Letter4-41
2 5 2323 Letter4-42
7 4 2349 Letter4-43
15 14 2405 Letter4-44
3 12 2465 Letter4-45
2 12 2504 Letter4-46
15 7 2525 Letter4-47
7 3 2565 Letter4-48
4 9 2606 Letter4-49
11 7 2658 Letter4-50
4 8 2699 Letter4-51
8 9 2798 Letter4-52
1 4 2837 Letter4-53
1 15 2927 Letter4-54
9 14 3013 Letter4-55
13 4 3098 Letter4-56
9 14 3128 Letter4-57
7 6 3148 Letter4-58
14 10 3151 Letter4-59
14 9 3234 Letter4-60
5 6 3310 Letter4-61
12 14 3385 Letter4-62
13 1 3445 Letter4-63
13 8 3452 Letter4-64
11 2 3546 Letter4-65
6 12 3559 Letter4-66
5 8 3610 Letter4-67
11 5 3681 Letter4-68
9 8 3762 Letter4-69
13 6 3857 Letter4-70
12 14 3927 Letter4-71
3 5 4008 Letter4-72
5 7 4010 Letter4-73
4 13 4050 Letter4-74
14 13 4118 Letter4-75
12 3 4149 Letter4-76
12 14 4201 Letter4-77
2 1 4253 Letter4-78
7 14 4292 Letter4-79
2 4 4314 Letter4-80
3 4 4360 Letter4-81
18 21
2 8 23
18 17 1
7 3 17
15 14 17
9 2 14
14 8 6
12 6 21
3 1 29
10 13 15
4 2 10
6 5 12
16 13 30
12 7 22
11 1 22
9 10 6
13 11 21
12 17 28
13 6 13
5 1 15
2 18 23
2 1 17
82
16 15 57 Letter5-0
9 12 61 Letter5-1
18 1 82 Letter5-2
3 5 164 Letter5-3
12 6 168 Letter5-4
18 12 202 Letter5-5
13 7 219 Letter5-6
13 8 236 Letter5-7
6 8 258 Letter5-8
5 8 326 Letter5-9
10 2 347 Letter5-10
2 6 369 Letter5-11
3 5 401 Letter5-12
6 13 452 Letter5-13
10 16 505 Letter5-14
9 11 532 Letter5-15
6 2 565 Letter5-16
4 1 583 Letter5-17
18 7 643 Letter5-18
13 1 731 Letter5-19
8 1 795 Letter5-20
13 17 806 Letter5-21
8 7 817 Letter5-22
9 8 908 Letter5-23
9 8 993 Letter5-24
5 6 1082 Letter5-25
12 1 1121 Letter5-26
13 1 1211 Letter5-27
10 9 1275 Letter5-28
8 16 1333 Letter5-29
16 1 1424 Letter5-30
10 8 1452 Letter5-31
10 11 1468 Letter5-32
8 3 1477 Letter5-33
9 5 1480 Letter5-34
16 10 1493 Letter5-35
17 6 1561 Letter5-36
13 7 1563 Letter5-37
11 15 1609 Letter5-38
13 3 1658 Letter5-39
17 7 1690 Letter5-40
3 18 1709 Letter5-41
13 4 1748 Letter5-42
2 6 1812 Letter5-43
1 7 1865 Letter5-44
7 9 1955 Letter5-45
2 12 1978 Letter5-46
12 16 2039 Letter5-47
9 5 2114 Letter5-48
18 15 2199 Letter5-49
1 2 2297 Letter5-50
3 6 2326 Letter5-51
6 10 2385 Letter5-52
12 6 2450 Letter5-53
13 2 2474 Letter5-54
12 15 2518 Letter5-55
11 2 2584 Letter5-56
11 2 2605 Letter5-57
16 15 2681 Letter5-58
13 3 2772 Letter5-59
6 17 2784 Letter5-60
2 13 2822 Letter5-61
8 12 2914 Letter5-62
1 14 2956 Letter5-63
4 5 3044 Letter5-64
7 5 3077 Letter5-65
14 12 3090 Letter5-66
10 9 3092 Letter5-67
17 7 3098 Letter5-68
5 4 3126 Letter5-69
5 6 3173 Letter5-70
17 7 3267 Letter5-71
8 1 3270 Letter5-72
14 16 3276 Letter5-73
6 14 3349 Letter5-74
12 18 3356 Letter5-75
3 7 3386 Letter5-76
9 5 3426 Letter5-77
9 4 3514 Letter5-78
18 1 3574 Letter5-79
10 9 3670 Letter5-80
10 4 3726 Letter5-81
8 8
1 2 11
4 2 26
6 5 29
2 5 6
2 6 12
7 3 8
8 7 13
1 3 22
2
4 8 26 Letter6-0
1 2 38 Letter6-1
30 53
13 3 25
3 1 18
5 23 8
18 30 4
7 9 13
7 27 1
7 16 15
9 10 26
28 17 13
10 17 19
2 23 14
29 26 8
5 13 17
4 18 26
2 1 25
16 19 8
29 18 9
21 1 17
16 17 21
7 13 10
16 23 16
4 11 24
25 30 16
23 7 9
1 8 20
28 29 12
15 6 4
7 8 28
5 12 24
5 27 4
4 2 18
20 23 21
12 25 4
26 15 21
29 20 28
18 14 6
29 19 11
6 5 5
26 9 19
5 3 24
24 2 22
21 19 4
13 10 24
8 25 14
4 13 1
7 6 3
20 10 9
25 28 9
26 18 4
22 29 9
14 22 17
11 12 11
14 6 19
53
29 21 3 Letter7-0
21 29 29 Letter7-1
15 23 61 Letter7-2
5 13 142 Letter7-3
2 16 166 Letter7-4
8 17 245 Letter7-5
10 24 314 Letter7-6
14 17 363 Letter7-7
22 7 450 Letter7-8
21 3 534 Letter7-9
9 13 580 Letter7-10
13 5 639 Letter7-11
11 26 643 Letter7-12
29 14 715 Letter7-13
15 23 794 Letter7-14
8 21 846 Letter7-15
9 5 884 Letter7-16
16 14 921 Letter7-17
3 22 923 Letter7-18
16 9 946 Letter7-19
5 3 964 Letter7-20
10 8 1058 Letter7-21
1 3 1063 Letter7-22
23 15 1111 Letter7-23
23 25 1117 Letter7-24
29 7 1133 Letter7-25
28 26 1160 Letter7-26
7 20 1160 Letter7-27
7 15 1227 Letter7-28
13 24 1316 Letter7-29
15 21 1392 Letter7-30
10 7 1407 Letter7-31
17 8 1471 Letter7-32
25 24 1526 Letter7-33
23 16 1569 Letter7-34
22 16 1636 Letter7-35
4 18 1652 Letter7-36
1 25 1713 Letter7-37
9 8 1729 Letter7-38
20 18 1782 Letter7-39
21 5 1782 Letter7-40
14 22 1878 Letter7-41
24 21 1912 Letter7-42
28 2 1933 Letter7-43
14 10 2015 Letter7-44
14 15 2061 Letter7-45
17 22 2102 Letter7-46
2 20 2158 Letter7-47
22 2 2220 Letter7-48
11 6 2290 Letter7-49
14 3 2307 Letter7-50
20 1 2375 Letter7-51
2 5 2383 Letter7-52
26 34
10 7 29
15 10 19
5 3 16
17 25 14
1 6 15
13 23 29
1 2 16
26 25 12
7 9 17
16 25 15
17 16 4
8 15 3
2 8 8
25 8 1
22 5 22
11 13 10
23 5 15
4 3 10
4 7 1
21 2 26
10 3 18
16 2 5
18 20 16
4 20 7
15 18 11
12 3 5
11 10 28
19 2 27
23 12 2
5 4 2
14 6 6
24 23 27
3 1 9
24 1 27
93
13 15 63 Letter8-0
12 18 125 Letter8-1
12 16 181 Letter8-2
5 4 215 Letter8-3
6 24 275 Letter8-4
4 5 280 Letter8-5
8 26 323 Letter8-6
16 9 379 Letter8-7
16 23 383 Letter8-8
9 21 437 Letter8-9
10 22 532 Letter8-10
14 3 612 Letter8-11
22 24 644 Letter8-12
19 23 677 Letter8-13
21 24 728 Letter8-14
18 21 817 Letter8-15
18 9 856 Letter8-16
3 6 916 Letter8-17
26 21 938 Letter8-18
21 10 1028 Letter8-19
26 1 1106 Letter8-20
16 9 1119 Letter8-21
11 9 1209 Letter8-22
7 23 1220 Letter8-23
1 2 1272 Letter8-24
25 15 1367 Letter8-25
17 4 1443 Letter8-26
13 12 1528 Letter8-27
15 19 1601 Letter8-28
26 16 1613 Letter8-29
24 17 1651 Letter8-30
18 5 1704 Letter8-31
15 13 1800 Letter8-32
15 10 1894 Letter8-33
21 22 1943 Letter8-34
13 26 2039 Letter8-35
26 13 2098 Letter8-36
7 17 2196 Letter8-37
13 20 2228 Letter8-38
8 18 2265 Letter8-39
19 6 2360 Letter8-40
6 9 2431 Letter8-41
1 15 2490 Letter8-42
21 26 2500 Letter8-43
7 19 2555 Letter8-44
22 16 2586 Letter8-45
23 13 2641 Letter8-46
16 21 2678 Letter8-47
23 9 2728 Letter8-48
16 2 2754 Letter8-49
8 6 2827 Letter8-50
12 24 2904 Letter8-51
13 12 2986 Letter8-52
14 8 2989 Letter8-53
1 9 3035 Letter8-54
19 7 3068 Letter8-55
9 8 3157 Letter8-56
23 5 3173 Letter8-57
13 10 3219 Letter8-58
23 5 3271 Letter8-59
2 17 3317 Letter8-60
6 21 3364 Letter8-61
3 12 3384 Letter8-62
3 1 3396 Letter8-63
5 25 3469 Letter8-64
24 13 3507 Letter8-65
7 5 3556 Letter8-66
7 25 3601 Letter8-67
22 19 3641 Letter8-68
23 19 3709 Letter8-69
14 21 3735 Letter8-70
23 4 3752 Letter8-71
6 3 3812 Letter8-72
10 2 3886 Letter8-73
16 23 3897 Letter8-74
7 14 3941 Letter8-75
12 3 3990 Letter8-76
20 11 4007 Letter8-77
16 24 4025 Letter8-78
25 21 4054 Letter8-79
4 14 4055 Letter8-80
5 26 4074 Letter8-81
6 20 4121 Letter8-82
4 7 4215 Letter8-83
13 23 4238 Letter8-84
8 18 4337 Letter8-85
25 2 4348 Letter8-86
26 6 4393 Letter8-87
9 18 4451 Letter8-88
3 16 4508 Letter8-89
7 1 4544 Letter8-90
10 14 4625 Letter8-91
16 10 4646 Letter8-92
16 18
7 11 26
1 10 21
9 10 11
4 6 26
11 10 4
7 4 17
14 2 5
14 16 21
1 15 16
7 9 20
3 2 8
6 9 13
11 12 3
4 1 30
13 5 1
2 1 14
5 2 10
8 4 1
91
5 16 45 Letter9-0
6 13 101 Letter9-1
1 12 151 Letter9-2
15 10 228 Letter9-3
4 1 320 Letter9-4
8 2 377 Letter9-5
6 3 462 Letter9-6
8 14 546 Letter9-7
5 16 567 Letter9-8
8 10 601 Letter9-9
1 5 606 Letter9-10
9 11 641 Letter9-11
2 14 691 Letter9-12
9 5 773 Letter9-13
10 8 811 Letter9-14
6 13 908 Letter9-15
6 12 1006 Letter9-16
7 1 1031 Letter9-17
5 2 1050 Letter9-18
10 11 1085 Letter9-19
12 1 1115 Letter9-20
8 5 1195 Letter9-21
6 5 1220 Letter9-22
13 3 1254 Letter9-23
6 5 1348 Letter9-24
13 8 1435 Letter9-25
2 6 1466 Letter9-26
4 6 1552 Letter9-27
7 1 1614 Letter9-28
4 8 1680 Letter9-29
11 8 1700 Letter9-30
4 15 1701 Letter9-31
9 13 1760 Letter9-32
6 2 1842 Letter9-33
12 8 1895 Letter9-34
6 10 1952 Letter9-35
5 15 2019 Letter9-36
2 11 2046 Letter9-37
6 14 2086 Letter9-38
8 7 2127 Letter9-39
16 8 2198 Letter9-40
12 3 2199 Letter9-41
16 5 2225 Letter9-42
1 12 2260 Letter9-43
7 6 2350 Letter9-44
8 9 2443 Letter9-45
15 6 2522 Letter9-46
7 13 2621 Letter9-47
5 6 2689 Letter9-48
7 9 2764 Letter9-49
6 15 2845 Letter9-50
9 7 2938 Letter9-51
15 5 2982 Letter9-52
14 12 3020 Letter9-53
16 9 3068 Letter9-54
9 3 3139 Letter9-55
11 4 3177 Letter9-56
2 15 3222 Letter9-57
8 9 3222 Letter9-58
13 11 3261 Letter9-59
6 8 3320 Letter9-60
8 11 3397 Letter9-61
5 11 3421 Letter9-62
7 8 3518 Letter9-63
14 4 3537 Letter9-64
15 10 3590 Letter9-65
9 8 3621 Letter9-66
4 5 3667 Letter9-67
9 4 3685 Letter9-68
12 10 3767 Letter9-69
2 8 3850 Letter9-70
4 9 3882 Letter9-71
14 4 3949 Letter9-72
11 7 3969 Letter9-73
5 15 4067 Letter9-74
11 7 4165 Letter9-75
4 16 4212 Letter9-76
16 4 4310 Letter9-77
8 15 4344 Letter9-78
16 4 4401 Letter9-79
7 2 4474 Letter9-80
1 5 4570 Letter9-81
12 13 4621 Letter9-82
8 9 4655 Letter9-83
1 6 4703 Letter9-84
9 12 4731 Letter9-85
6 11 4789 Letter9-86
4 7 4852 Letter9-87
11 10 4915 Letter9-88
13 14 4959 Letter9-89
4 6 5006 Letter9-90
0 0
