7 6
5 8 4 2 6 3 7
8 7 4 6 5 1
6 7
6 5 7 4 8 1
7 8 4 3 5 2 6
7 6
5 9 9 3 9 9 2
4 4 9 4 1 5
6 7
4 5 4 4 9 1
2 9 9 9 9 3 5
7 7
8 8 3 8 8 8 8
3 3 3 3 8 3 3
7 7
8 3 3 3 3 3 3
8 8 8 8 8 3 8
3 8
18 14 18
15 18 13 18 18 15 18 15
8 3
18 13 15 15 18 18 18 15
14 18 18
4 7
19 19 19 14
19 16 19 19 14 19 16
7 4
19 19 19 16 14 16 19
14 19 19 19
3 8
17 17 10
8 17 10 8 17 17 5 17
8 3
10 17 17 17 17 8 8 5
17 17 10
4 4
16 16 9 16
16 16 9 16
4 4
16 16 9 16
16 16 9 16
4 5
16 9 16 16
16 16 3 16 5
5 4
16 16 5 3 16
9 16 16 16
10 10
20 20 20 20 20 20 20 20 20 20
20 20 20 20 20 20 20 20 20 20
1 1
1
1
2 2
2 1
2 1
10 10
13 14 19 20 12 16 11 17 18 15
11 20 18 14 17 13 12 16 19 15
10 10
11 13 15 12 14 16 18 17 19 20
14 17 19 12 20 16 18 11 13 15
10 10
12 14 16 8 20 2 6 4 10 18
16 8 2 6 10 12 14 20 4 18
10 10
10 12 18 6 8 14 4 20 16 2
12 20 2 6 14 4 10 18 16 8
10 10
20 19 20 20 20 20 20 20 20 17
20 20 18 20 20 20 20 20 17 20
10 10
18 20 20 20 20 20 20 20 17 20
20 20 19 20 20 20 17 20 20 20
8 10
19 19 19 19 19 19 19 19
19 19 19 19 19 19 19 19 19 19
10 8
19 19 19 19 19 19 19 19 19 19
19 19 19 19 19 19 19 19
8 10
19 19 19 7 18 19 19 19
19 19 19 19 19 19 19 19 19 19
10 8
19 19 19 19 19 19 19 19 19 19
18 19 19 19 19 19 19 7
9 10
19 19 19 6 19 19 17 19 19
19 19 19 2 19 19 19 19 18 19
10 9
19 18 19 19 19 19 19 2 19 19
19 19 17 19 19 6 19 19 19
5 6
15 20 4 20 15
9 6 20 17 4 1
6 5
9 1 4 20 6 17
4 20 15 20 15
3 8
9 3 3
6 3 2 1 9 2 9 5
8 3
3 6 9 2 5 1 9 2
9 3 3
4 7
14 7 18 16
5 6 4 3 18 11 9
7 4
9 6 5 18 11 4 3
7 14 18 16
6 5
14 12 3 14 5 14
14 6 14 1 2
5 6
14 14 6 1 2
14 14 3 5 12 14
10 8
3 2 2 3 3 3 1 2 1 3
3 3 2 1 2 2 2 1
8 10
3 2 1 2 3 2 1 2
1 3 2 3 2 2 3 3 3 1
8 10
4 19 19 10 10 12 4 11
18 6 4 8 7 11 19 7 10 19
10 8
6 10 7 19 11 19 18 8 4 7
11 4 10 12 19 4 19 10
9 9
9 20 16 20 6 3 20 6 13
17 20 15 18 20 15 15 4 3
9 9
15 20 20 15 17 3 15 18 4
3 6 6 13 20 20 16 9 20
9 9
2 7 1 6 6 7 1 1 5
7 4 7 3 7 4 2 7 7
9 9
7 4 4 2 7 3 7 7 7
7 5 6 1 1 7 6 2 1
10 8
13 1 8 13 1 16 14 17 11 17
3 15 2 17 9 2 6 17
8 10
3 15 2 17 9 2 6 17
13 1 8 13 1 16 14 17 11 17
9 7
3 1 11 3 11 2 8 4 18
9 4 10 17 7 14 18
7 9
9 4 10 17 7 14 18
3 1 11 3 11 2 8 4 18
8 6
6 3 4 2 6 6 2 6
3 2 3 2 5 6
6 8
3 2 3 2 5 6
6 3 4 2 6 6 2 6
7 5
8 13 16 13 2 11 18
14 11 14 10 18
5 7
14 11 14 10 18
8 13 16 13 2 11 18
6 4
4 4 2 4 4 4
3 2 3 4
4 6
3 2 3 4
4 4 2 4 4 4
5 3
15 16 19 12 20
13 10 20
3 5
13 10 20
15 16 19 12 20
4 2
1 3 2 3
3 3
2 4
3 3
1 3 2 3
10 8
7 9 11 14 11 15 12 6 4 16
3 10 10 14 3 8 13 16
8 10
3 10 10 14 3 8 13 16
7 9 11 14 11 15 12 6 4 16
9 7
4 5 6 4 3 2 5 5 7
5 1 2 2 1 3 7
7 9
5 1 2 2 1 3 7
4 5 6 4 3 2 5 5 7
8 6
3 2 3 3 1 2 1 4
3 3 4 2 3 4
6 8
3 3 4 2 3 4
3 2 3 3 1 2 1 4
7 5
7 3 1 2 11 4 15
2 15 9 1 15
5 7
2 15 9 1 15
7 3 1 2 11 4 15
6 4
5 2 5 8 7 11
11 10 2 11
4 6
11 10 2 11
5 2 5 8 7 11
5 3
15 5 11 15 17
13 6 17
3 5
13 6 17
15 5 11 15 17
4 2
1 6 8 9
4 9
2 4
4 9
1 6 8 9
8 10
20 20 2 2 2 2 2 2
5 4 3 2 2 2 2 2 20 20
10 8
5 4 3 2 2 2 2 2 20 20
20 20 2 2 2 2 2 2
10 10
5 4 3 2 2 2 2 3 20 20
2 2 2 2 20 20 2 2 2 2
10 10
2 2 2 2 20 20 2 2 2 2
5 4 3 2 2 2 2 3 20 20
8 10
20 20 2 2 2 2 2 2
2 2 2 2 20 20 2 2 2 2
10 8
2 2 2 2 20 20 2 2 2 2
20 20 2 2 2 2 2 2
8 8
20 20 2 2 2 2 2 2
20 20 2 2 2 2 2 2
10 10
5 4 3 2 2 2 2 2 20 20
5 4 3 2 2 2 2 2 20 20
10 10
2 2 2 2 20 20 2 2 2 2
2 2 2 2 20 20 2 2 2 2
0 0
