600
4800
4820
4830
112
128
32
32
36
40
133116
500
118912
77532
16512
70800
53989
46636
47240
87420
103488
93572
89376
107060
65488
136408
76508
89786
99332
91190
126900
121800
135746
95650
110026
93450
79076
122558
104796
142984
111170
77600
135184
114440
109535
136500
137095
127012
116260
124396
108455
132888
127365
112587
96379
130018
113482
143010
109936
115752
116550
125716
117096
3904
92032
9182
59977
108818
51958
123070
47817
23260
34993
27120
63540
59350
84589
60689
57061
5238
39028
55784
5881
32809
88959
22068
135648
52818
50482
64528
120684
107548
69945
21675
34880
110646
141140
121596
12245
86310
52116
23233
14874
25880
124514
115406
138449
44248
35215
68470
56855
115467
76904
