2
10 30
15 20
2
10 240
15 160
2
10 241
15 160
2
10 240
15 161
2
7 8
8 7
2
7 9
8 8
3
2 4
7 2
8 2
3
2 5
7 2
8 2
3
2 6
7 2
8 2
4
2 4
7 2
8 2
18 1
50
251 250
252 249
253 248
254 248
255 248
256 248
257 247
258 246
259 246
260 246
261 245
262 245
263 245
264 244
265 244
266 244
267 243
268 243
269 233
270 242
271 232
272 241
273 234
274 231
275 239
276 235
277 229
278 232
279 235
280 228
281 231
282 224
283 221
284 221
285 220
286 223
287 220
288 218
289 220
290 221
291 215
292 217
293 218
294 215
295 213
296 211
297 211
298 210
299 209
300 210
50
1 250
1 250
1 250
1 250
1 250
1 250
1 250
1 250
1 250
1 250
1 250
1 250
1 250
1 250
1 250
1 250
1 250
1 250
1 250
1 250
1 250
1 250
1 250
1 250
1 250
1 250
1 250
1 250
1 250
1 250
1 250
1 250
1 250
1 250
1 250
1 250
1 250
1 250
1 250
1 250
1 250
1 250
1 250
1 250
1 250
1 250
1 250
1 250
1 250
1 250
50
75 117
120 71
176 142
262 58
71 101
188 61
1 239
157 214
164 96
292 167
11 4
55 110
98 130
198 137
31 91
268 65
129 207
255 20
85 181
205 22
124 235
96 180
100 199
59 172
114 191
226 97
265 22
235 225
55 10
290 175
191 185
185 125
110 31
123 7
209 33
254 44
195 55
70 170
50 144
241 79
124 139
62 192
270 91
228 23
165 167
83 27
154 208
103 89
252 234
214 128
1
213 182
2
86 96
22 162
3
139 224
295 120
150 137
4
188 85
184 114
101 242
54 53
5
116 193
46 103
137 102
104 136
210 54
6
141 143
270 67
149 26
244 63
225 99
53 222
7
185 69
235 186
67 183
141 212
84 39
60 21
125 67
8
210 236
268 75
218 56
109 240
256 200
286 110
10 107
296 161
9
298 157
97 231
90 13
251 163
180 35
134 192
164 15
52 225
89 74
10
232 160
69 80
122 204
198 39
184 127
228 196
218 179
139 18
229 92
77 26
11
79 3
265 202
136 206
172 16
13 235
101 38
241 159
38 60
263 75
126 86
173 170
12
66 70
286 36
60 111
115 60
85 249
214 11
29 120
100 202
184 176
168 30
30 239
133 143
13
118 89
259 25
259 192
223 22
240 161
158 156
157 111
123 180
242 41
289 236
156 99
197 32
5 144
14
84 136
298 113
189 63
11 19
125 70
118 220
180 49
140 145
286 124
53 247
113 183
260 143
119 41
104 244
15
208 53
149 48
56 142
22 61
288 13
161 63
113 189
191 7
203 25
276 73
98 141
136 198
34 231
21 161
245 183
16
257 14
53 70
114 223
191 99
289 75
111 202
222 206
299 107
151 123
241 203
174 4
296 127
23 153
93 230
248 179
179 221
17
198 105
128 8
87 88
192 61
194 235
199 203
59 3
156 8
47 77
200 52
49 96
125 140
92 112
129 28
95 171
24 56
77 60
18
77 204
268 119
40 15
89 116
42 198
156 247
177 109
173 248
99 139
270 235
33 71
206 179
281 11
194 38
90 28
233 24
201 236
276 189
19
300 203
176 4
99 87
232 180
289 148
141 181
46 114
174 228
171 42
181 83
285 162
127 232
3 109
25 161
166 147
72 191
256 60
288 37
45 121
20
32 217
58 137
268 65
78 170
132 68
100 98
55 214
56 213
173 194
197 228
195 182
156 78
299 126
89 98
59 157
22 229
200 143
16 242
191 234
299 227
21
157 73
270 143
107 86
182 204
143 62
83 240
132 116
257 117
211 14
26 153
58 87
247 158
177 250
46 48
158 88
293 103
143 135
166 111
216 32
153 212
145 49
22
161 201
200 29
9 242
10 205
248 156
38 184
207 141
65 202
238 127
271 203
51 218
258 146
214 65
196 225
262 59
238 219
273 179
195 221
102 127
118 189
3 47
97 13
23
35 135
258 43
111 78
61 106
19 245
271 14
261 115
164 102
147 124
25 194
231 126
76 95
140 18
224 79
10 70
267 175
93 191
110 227
174 10
62 183
118 15
57 180
146 120
24
35 211
20 91
181 47
133 31
12 117
71 194
281 133
94 18
250 117
164 162
105 51
175 61
180 1
277 26
59 179
23 191
255 93
215 110
164 72
159 221
51 71
153 27
202 85
41 5
25
177 183
178 114
136 205
197 206
204 217
211 123
184 239
139 238
75 121
105 211
60 195
171 38
63 155
97 156
200 149
223 17
14 206
298 103
25 8
85 137
190 179
265 110
89 136
200 204
285 215
26
73 74
298 126
279 93
111 135
125 115
228 88
61 154
287 156
76 238
299 163
163 247
135 62
114 142
68 87
5 1
24 250
198 243
239 29
9 73
106 217
287 146
215 189
4 32
40 229
237 125
243 40
27
133 175
211 250
295 55
90 107
50 187
25 130
191 8
273 207
89 155
248 141
252 145
65 171
260 57
65 127
72 169
269 150
137 9
137 221
75 32
239 131
81 153
293 244
58 38
268 114
11 238
230 13
43 166
28
297 91
298 15
253 1
49 30
77 42
197 244
112 222
47 144
65 32
30 246
123 71
281 131
8 77
43 160
39 143
93 51
71 152
109 6
252 42
90 15
286 120
295 156
148 203
259 213
254 133
37 129
44 74
184 140
29
116 63
271 77
49 47
112 59
152 214
195 115
207 50
159 130
71 62
258 119
152 92
28 183
210 11
127 176
137 161
154 76
185 25
96 56
86 123
13 157
271 30
32 196
229 168
87 151
21 180
290 44
88 87
126 222
180 15
30
52 227
204 45
186 206
68 188
77 21
269 47
201 74
297 2
204 80
284 238
218 109
209 115
64 164
91 117
128 161
8 205
219 136
186 54
57 3
246 194
124 219
158 157
49 119
271 84
142 188
26 178
281 121
20 32
286 130
241 87
31
15 7
286 200
201 204
178 138
34 20
266 6
136 83
215 9
184 70
85 140
73 58
60 185
198 146
113 183
99 60
90 134
161 51
61 68
22 75
296 159
165 175
283 122
244 10
161 115
268 1
89 226
1 84
248 147
121 152
148 72
25 51
32
143 198
93 83
15 48
3 187
239 135
158 22
120 31
174 168
50 185
225 50
126 106
242 180
244 161
137 225
72 61
134 231
214 209
194 148
153 171
204 9
21 55
263 101
95 108
158 215
280 149
265 97
20 90
213 250
237 29
120 147
91 234
247 139
33
220 133
134 125
150 106
266 167
127 88
166 206
75 150
211 10
75 152
70 81
273 250
136 134
24 214
190 178
89 62
195 188
76 2
143 227
90 6
123 81
204 117
169 36
197 148
63 73
116 57
71 245
186 196
203 221
25 106
53 125
260 34
115 52
131 117
34
107 229
261 212
195 220
126 59
265 60
267 21
197 107
140 36
299 33
47 229
213 118
110 201
101 115
288 238
259 138
233 108
42 176
136 17
85 7
188 205
146 200
165 55
122 188
67 28
96 1
289 174
197 129
101 235
38 222
37 157
77 45
151 248
223 169
151 171
35
281 226
260 200
53 138
42 40
47 172
249 45
110 192
135 177
62 149
22 250
42 48
188 127
192 79
251 18
164 120
69 243
253 108
107 183
65 248
295 6
168 39
273 101
2 179
233 155
253 47
60 115
98 226
99 38
211 37
151 4
129 117
87 69
35 226
272 118
253 202
36
81 60
128 205
7 118
131 189
163 171
75 89
197 50
159 119
177 197
131 230
178 215
300 193
275 96
226 248
92 135
135 112
152 134
224 127
77 106
114 117
26 35
166 67
46 181
241 9
91 29
177 21
120 85
92 165
118 153
213 194
228 67
269 22
299 164
48 213
71 101
16 42
37
63 145
187 127
181 13
153 227
274 227
152 17
32 50
73 244
33 124
107 154
16 30
192 233
11 152
191 229
206 157
177 167
217 235
279 35
49 70
233 78
153 116
145 219
71 193
272 118
188 121
67 105
216 172
132 16
61 170
6 193
259 7
226 250
240 44
197 87
171 204
134 214
146 59
38
3 217
136 146
197 110
269 53
180 188
1 202
56 73
241 133
225 52
152 214
261 36
93 170
138 232
87 24
214 100
283 6
101 11
284 177
12 139
140 249
169 87
166 242
8 62
190 185
146 131
197 27
165 248
65 135
291 41
170 77
194 170
249 213
153 221
209 246
257 1
259 209
26 26
228 163
39
33 153
144 181
133 238
142 55
112 211
296 29
125 198
227 182
134 142
49 68
200 63
33 133
152 218
101 184
172 27
85 102
159 186
100 111
74 158
129 82
250 154
83 3
242 89
128 164
213 5
249 33
134 25
53 248
113 138
55 103
174 83
266 106
192 27
5 113
196 35
161 145
272 104
156 99
294 226
40
156 114
46 221
120 188
192 170
235 165
104 52
70 93
220 172
211 18
197 186
35 185
283 95
287 99
100 120
276 165
134 58
120 9
63 90
17 128
226 163
44 75
216 176
203 40
244 133
59 99
180 175
50 144
283 74
52 16
49 150
33 229
52 216
293 64
149 136
35 17
258 246
83 122
177 44
88 240
189 109
41
185 139
244 156
248 215
146 38
47 52
122 206
75 61
194 209
50 238
219 135
242 10
67 188
55 151
131 58
43 21
264 213
85 110
7 235
92 190
240 68
29 130
167 235
151 157
111 183
218 241
203 215
277 192
104 221
298 28
295 25
102 186
71 139
62 28
138 220
199 72
215 225
65 187
169 109
244 123
141 215
23 66
42
236 95
150 195
233 161
131 115
153 86
238 75
16 10
136 94
275 45
140 32
212 128
231 106
78 196
208 60
152 98
30 128
224 176
79 236
153 24
50 24
213 146
20 180
179 201
134 219
182 189
101 118
201 56
211 225
161 158
34 171
173 7
268 122
206 19
176 179
72 4
39 37
221 104
50 10
103 70
220 27
164 171
52 204
43
12 247
176 15
158 22
262 44
222 112
103 158
268 221
216 228
151 174
201 22
149 43
259 194
286 101
4 103
196 195
105 119
58 42
109 230
232 148
244 86
85 223
264 147
254 143
195 41
234 189
115 37
102 67
91 233
176 27
48 130
63 150
30 106
68 169
3 127
279 233
260 180
213 84
50 214
17 99
120 204
270 153
204 160
49 232
44
281 151
269 205
181 84
52 27
38 79
49 35
191 169
203 183
174 19
137 143
153 204
187 125
228 93
185 106
234 57
169 161
163 145
135 195
296 170
259 109
7 199
61 181
197 87
179 86
225 65
37 216
173 56
180 233
69 116
296 77
126 2
14 74
223 68
195 97
25 82
261 217
100 45
24 10
175 92
144 101
10 71
179 75
183 186
53 245
45
248 87
49 86
212 197
123 231
234 227
24 215
4 68
164 4
50 24
213 40
173 115
6 72
261 245
251 222
192 142
115 139
182 69
189 90
213 55
80 31
116 166
286 121
126 36
97 89
24 67
79 28
84 241
17 152
226 215
23 64
69 30
127 205
12 125
56 171
282 99
95 195
149 92
240 102
216 210
300 122
110 174
104 88
198 239
181 99
286 250
46
42 82
52 180
290 4
88 171
15 9
178 79
102 41
6 145
222 44
240 9
207 96
106 104
138 114
94 233
166 240
244 144
10 168
16 167
176 99
12 60
51 110
145 55
287 190
129 131
185 142
107 187
112 109
51 189
3 1
156 148
141 98
164 68
133 48
287 134
86 142
279 197
121 129
226 230
34 236
250 197
19 13
264 52
20 136
115 74
15 206
153 143
47
52 168
234 59
226 153
199 112
127 196
298 10
138 173
39 79
264 129
52 5
262 220
206 117
148 155
98 19
177 244
214 156
206 165
141 46
9 212
143 31
164 192
22 162
162 229
293 35
129 87
223 198
133 64
168 151
177 170
84 90
197 157
150 138
298 189
203 84
32 101
123 218
184 102
65 43
109 11
226 86
79 180
173 119
262 38
172 17
160 104
218 16
160 154
48
200 145
142 250
147 71
30 63
234 27
192 24
52 13
251 179
114 228
182 196
103 155
28 67
86 194
14 107
190 62
118 180
65 212
29 40
243 83
264 42
84 23
120 199
141 144
242 145
244 209
132 75
82 84
237 54
14 130
158 121
83 96
73 242
49 204
158 250
285 2
235 63
155 85
259 225
106 15
142 192
206 194
33 64
59 95
59 144
61 21
14 4
132 222
159 228
49
290 200
287 35
297 40
151 101
137 190
295 166
175 16
209 78
14 123
141 23
44 54
200 96
24 178
201 170
234 50
239 135
235 90
6 13
163 204
99 201
191 228
76 136
132 57
11 121
74 63
133 65
25 222
222 194
57 238
152 52
16 5
239 207
59 112
107 129
13 54
37 13
291 216
210 245
173 95
182 110
264 159
142 132
34 189
254 238
207 190
228 211
88 129
7 233
38 229
50
121 107
282 161
40 42
273 214
85 43
20 203
246 99
13 181
215 196
75 30
294 41
35 112
168 162
139 76
28 2
161 214
214 28
29 103
121 12
55 189
173 40
267 64
279 82
155 83
277 112
300 126
194 137
185 141
217 99
5 128
133 20
66 127
183 121
144 27
251 215
217 93
70 3
93 196
219 166
146 23
258 84
81 205
41 111
97 233
165 97
202 205
268 213
77 139
55 14
187 113
1
8 244
2
187 246
193 238
3
296 10
51 57
231 13
4
209 134
174 161
142 197
121 231
5
277 195
262 206
250 216
253 214
245 221
6
239 77
287 64
90 205
157 118
296 62
114 162
7
273 221
290 208
243 248
257 235
278 217
292 207
247 244
8
146 131
117 164
153 125
197 97
236 81
273 70
134 143
176 109
9
211 30
298 21
234 27
209 30
232 27
135 46
39 160
156 40
69 90
10
130 93
201 60
128 95
178 68
73 166
179 68
127 96
246 49
76 160
102 119
11
191 39
172 43
101 73
300 25
241 31
194 38
217 34
44 168
246 30
176 42
117 63
12
299 78
116 200
227 102
235 99
137 170
296 79
144 161
121 192
230 101
226 103
154 151
204 114
13
214 101
163 133
298 73
121 179
205 106
290 75
257 84
213 102
214 101
141 154
277 78
143 152
220 99
14
232 137
128 248
200 159
205 155
227 140
283 112
235 135
158 201
193 164
252 126
236 134
270 117
240 132
134 237
15
291 68
149 133
99 200
151 131
240 83
280 71
234 85
237 84
250 79
122 163
134 148
300 66
173 115
176 113
246 81
16
78 225
83 211
199 88
265 66
122 144
277 63
78 225
217 81
243 72
134 131
174 101
161 109
268 65
143 123
80 219
266 66
17
131 11
184 8
241 6
204 7
145 10
158 9
147 10
54 27
280 5
53 27
233 6
208 7
206 7
245 6
81 18
216 7
283 5
18
270 37
263 38
92 110
133 76
284 36
139 73
295 34
140 72
55 184
250 40
83 122
265 38
241 42
258 39
50 202
232 44
261 39
174 58
19
81 196
155 102
233 68
104 152
272 58
292 54
153 104
87 182
237 67
90 176
90 176
261 61
248 64
165 96
136 117
258 61
239 66
77 206
65 244
20
297 5
53 29
134 11
245 6
243 6
216 7
235 6
296 5
168 9
296 5
295 5
84 18
126 12
226 7
234 6
223 7
261 6
289 5
228 7
84 18
21
41 200
52 158
216 38
246 33
42 195
179 46
54 152
277 30
256 32
67 123
175 47
191 43
88 93
243 34
147 56
188 44
206 40
171 48
138 59
80 103
36 228
22
188 170
215 149
224 143
269 119
153 209
193 166
175 183
145 221
297 108
148 216
207 155
290 110
285 112
230 139
151 212
218 147
294 109
224 143
131 245
256 125
237 135
211 152
23
153 34
42 124
247 21
202 26
174 30
88 59
267 19
104 50
173 30
140 37
265 20
37 140
267 19
190 27
59 88
193 27
58 89
259 20
77 67
31 167
71 73
227 23
202 26
24
296 227
283 237
272 247
268 250
272 247
298 225
272 247
287 234
289 232
289 232
273 246
276 243
295 228
281 239
298 225
277 242
298 225
281 239
268 250
284 236
273 246
273 246
288 233
297 226
25
178 96
257 67
161 106
203 84
155 110
279 61
198 86
115 149
90 190
200 86
246 70
95 180
147 116
98 175
221 77
193 89
168 102
248 69
216 79
144 119
114 150
180 95
145 118
186 92
189 91
26
179 73
259 50
147 88
99 131
209 62
300 43
277 47
253 51
282 46
77 169
84 155
236 55
65 200
266 49
112 116
53 245
153 85
277 47
88 148
91 143
193 67
206 63
115 113
243 53
132 98
231 56
27
289 74
163 131
186 115
209 103
108 198
167 128
231 93
217 99
249 86
113 190
211 102
138 155
246 87
101 212
116 185
121 177
184 116
169 127
127 169
175 122
202 106
158 136
113 190
164 131
220 97
237 90
291 74
28
264 215
292 194
234 242
239 237
261 217
292 194
295 192
253 224
253 224
240 236
292 194
242 234
295 192
297 191
251 226
259 219
256 221
286 198
262 216
284 199
290 195
245 231
293 193
255 222
267 212
250 227
236 240
274 207
29
204 224
249 183
204 224
185 247
252 181
295 155
281 163
202 226
221 207
234 195
205 223
202 226
257 178
247 185
213 214
283 161
267 171
216 212
188 243
209 219
270 169
247 185
295 155
292 156
267 171
281 163
243 188
244 187
229 199
30
290 70
110 185
84 243
177 115
288 71
141 145
296 69
190 107
275 74
191 107
219 93
291 70
157 130
220 93
113 180
177 115
97 210
241 85
104 196
180 113
248 82
101 202
204 100
177 115
127 161
289 71
190 107
238 86
224 91
144 142
31
117 41
81 59
39 123
256 19
29 166
244 20
223 22
122 39
79 61
168 29
264 18
110 44
40 120
136 35
182 26
283 17
177 27
224 21
185 26
191 25
254 19
79 61
61 79
201 24
97 50
73 66
116 41
142 34
199 24
249 19
152 32
32
224 35
176 45
264 30
248 32
130 61
232 34
237 33
253 31
71 111
227 35
262 30
289 27
188 42
154 51
115 69
244 32
212 37
112 71
258 31
94 84
122 65
217 36
36 220
267 30
170 46
280 28
187 42
290 27
263 30
224 35
150 53
294 27
33
236 191
257 175
211 213
191 235
289 156
267 168
222 203
180 250
214 210
220 204
298 151
183 246
197 228
292 154
262 172
259 174
268 168
203 222
206 218
243 185
267 168
183 246
246 183
217 207
291 155
286 157
181 248
262 172
276 163
224 201
214 210
253 178
252 178
34
281 250
293 240
283 248
299 235
290 242
284 248
291 242
290 242
295 238
291 242
282 249
299 235
283 248
285 247
299 235
286 246
283 248
291 242
285 247
289 243
287 245
284 248
295 238
291 242
282 249
291 242
284 248
289 243
287 245
296 238
300 234
285 247
283 248
299 235
35
299 185
278 199
244 227
226 245
244 227
271 204
263 210
283 196
288 192
253 219
278 199
276 200
228 243
276 200
255 217
234 236
292 189
259 214
267 207
266 208
238 232
290 191
287 193
275 201
267 207
263 210
283 196
270 205
289 191
237 233
245 226
229 242
279 198
232 238
258 214
36
187 12
273 8
97 23
233 10
30 75
101 22
179 12
279 8
106 21
73 31
279 8
274 8
105 21
66 34
164 14
213 10
102 22
277 8
231 10
241 9
300 7
292 8
35 64
125 18
179 12
213 10
141 16
250 9
281 8
191 12
290 8
13 172
206 11
70 32
176 13
172 13
37
202 143
274 105
288 100
225 128
169 170
245 118
127 227
188 153
201 143
176 164
198 145
119 242
182 158
231 125
115 250
210 137
234 123
151 191
298 97
210 137
229 126
177 163
270 107
212 136
193 149
132 218
153 188
140 206
230 125
123 234
135 213
271 106
275 105
152 189
165 175
206 140
211 136
38
108 124
275 49
210 64
267 50
288 47
135 99
170 79
62 216
74 181
90 149
173 78
275 49
122 110
284 47
163 82
196 68
70 192
276 49
110 122
115 117
175 77
268 50
147 91
94 143
78 172
251 53
253 53
114 118
142 95
204 66
90 149
109 123
283 47
110 122
269 50
107 125
160 84
192 70
39
178 25
158 28
276 16
300 15
19 236
271 17
104 43
85 53
56 80
34 132
68 66
189 24
48 94
30 150
89 50
246 18
91 49
141 32
185 24
18 249
186 24
85 53
121 37
243 18
186 24
65 69
149 30
223 20
205 22
98 46
137 33
244 18
259 17
266 17
285 16
96 47
223 20
278 16
40 112
40
127 22
290 10
186 15
64 44
113 25
44 64
17 165
202 14
172 16
99 28
165 17
260 11
119 24
278 10
59 48
25 112
62 45
179 16
101 28
272 10
241 12
70 40
163 17
69 41
83 34
276 10
141 20
139 20
67 42
300 9
64 44
255 11
99 28
216 13
215 13
62 45
208 14
118 24
282 10
197 14
41
84 68
198 29
42 136
228 25
246 23
30 190
203 28
146 39
48 119
137 42
173 33
166 34
108 53
234 24
227 25
164 35
47 121
228 25
243 23
138 41
216 26
51 112
240 24
36 158
200 28
45 127
74 77
66 86
225 25
176 32
126 45
142 40
298 19
206 28
236 24
285 20
51 112
260 22
118 48
206 28
269 21
42
267 207
295 187
242 228
238 232
292 189
299 185
228 242
285 194
239 231
296 186
230 240
251 220
234 236
281 196
287 192
276 200
247 223
258 214
262 211
276 200
256 216
266 208
249 222
283 195
236 234
248 223
260 212
245 225
292 189
257 215
240 230
293 188
254 217
285 194
300 184
279 198
221 250
229 241
238 232
278 199
235 235
234 236
43
286 166
255 186
275 172
288 165
218 218
267 178
270 176
267 178
281 169
228 208
195 243
207 229
272 174
266 178
260 182
282 168
279 170
261 182
198 240
292 162
270 176
267 178
292 162
250 190
194 244
213 223
265 179
255 186
295 161
195 243
208 228
238 199
270 176
279 170
284 167
286 166
237 200
194 244
300 158
236 201
291 163
290 164
295 161
44
276 248
293 234
294 233
292 235
297 231
293 234
282 243
283 242
280 245
294 233
299 229
287 239
275 249
281 244
276 248
275 249
291 235
284 241
281 244
289 237
278 246
291 235
295 232
288 238
295 232
291 235
280 245
296 231
289 237
299 229
295 232
275 249
281 244
295 232
299 229
288 238
289 237
277 247
295 232
294 233
278 246
298 230
276 248
274 250
45
278 36
114 87
191 52
138 72
284 35
220 45
216 46
184 54
139 72
296 34
96 104
107 93
209 48
75 133
295 34
89 112
298 33
243 41
279 36
156 64
92 108
59 169
100 100
214 47
106 94
66 151
91 109
59 169
252 40
54 184
55 181
234 43
225 44
42 237
62 161
264 38
234 43
291 34
130 77
276 36
81 123
110 90
134 74
180 55
267 37
46
92 81
248 30
136 55
274 27
123 61
251 30
123 61
71 105
300 25
215 35
132 57
293 26
31 241
293 26
234 32
37 202
56 133
184 41
187 40
38 197
274 27
229 33
261 29
99 75
275 27
251 30
196 38
96 78
245 31
207 36
84 89
295 25
166 45
68 110
173 43
115 65
81 92
224 33
63 119
197 38
126 59
110 68
124 60
112 67
140 53
286 26
47
172 113
248 78
112 173
133 146
240 81
110 176
155 125
144 135
250 78
181 107
174 111
186 104
209 93
116 167
120 162
127 153
300 65
154 126
191 102
89 218
169 115
144 135
160 121
237 82
285 68
118 164
213 91
268 72
158 123
161 120
120 162
82 236
207 94
265 73
135 144
146 133
219 89
97 200
257 75
260 75
150 129
217 89
242 80
184 105
92 211
100 194
298 65
48
75 190
293 49
298 48
267 53
134 106
277 51
164 87
79 180
154 92
140 102
243 59
101 141
227 63
238 60
116 123
66 215
71 200
298 48
136 105
78 182
189 75
131 109
193 74
151 94
223 64
231 62
225 63
130 109
147 97
237 60
148 96
266 53
227 63
182 78
117 122
299 48
189 75
223 64
105 135
175 81
278 51
187 76
62 229
245 58
104 137
103 138
81 176
58 245
49
258 188
218 222
287 169
265 183
254 191
276 176
276 176
281 172
225 215
263 184
231 210
267 181
231 210
234 207
271 179
238 204
239 203
298 163
221 219
262 185
278 174
266 182
237 204
298 163
222 218
226 214
257 189
260 186
224 216
232 209
265 183
295 164
255 190
291 166
270 179
202 240
300 162
242 200
251 193
249 195
249 195
214 226
251 193
253 192
209 232
221 219
199 243
227 213
288 168
50
165 132
259 84
94 231
276 79
92 236
209 104
134 162
187 116
170 128
163 133
113 193
253 86
206 106
125 174
220 99
160 136
260 84
149 146
142 153
174 125
138 158
274 79
195 112
226 96
98 222
133 164
88 247
216 101
153 142
237 92
238 91
134 162
104 209
230 95
112 194
252 86
156 139
207 105
224 97
294 74
290 75
199 109
214 102
212 103
200 109
291 75
269 81
282 77
281 77
287 76
0
