2
90 90 80 20
80 20 75 50
50 35
2
77 17 89 8
103 13 85 10
53 36
2
90 90 80 20
75 50 80 20
55 20
3
5 90 15 70
95 90 85 75
20 67 20 73
20 75
10
1 1 99 1
51 2 99 2
99 2 99 98
99 60 76 60
80 99 80 51
80 74 80 51
86 60 77 60
81 60 78 60
79 51 79 61
79 60 79 57
79 58
3
5 90 15 70
5 10 15 55
20 67 20 73
75 80
8
1 48 1 50
10 73 10 75
31 87 31 89
91 94 91 96
63 97 62 96
63 80 61 82
39 97 41 95
62 89 62 90
41 93
5
2 1 1 1
-95 1 -96 1
-190 1 -191 1
-283 1 -284 1
-373 1 -374 1
-450 1
10
53 50 47 50
28 50 22 50
16 50 9 50
7 50 6 50
4 50 2 50
1 47 1 53
1 72 1 78
1 84 1 91
1 93 1 94
1 96 1 98
1 99
8
86 88 14 12
10 76 66 17
68 16 57 25
82 10 62 25
43 38 50 19
19 18 43 35
65 40 46 36
41 46 49 27
54 21
4
3 6 97 89
12 95 90 36
96 7 90 22
96 98 73 58
54 24
10
92 91 15 11
11 86 76 12
71 16 43 24
16 20 75 9
54 41 98 3
62 -1 99 5
97 6 87 12
97 2 87 7
89 9 82 18
61 9 66 12
79 15
10
1 4 43 49
95 3 54 51
97 97 57 61
1 98 53 53
8 51 48 56
96 51 60 52
55 97 53 37
49 10 54 49
52 52 60 37
57 39 55 42
55 42
9
17 83 97 2
63 32 57 38
25 13 106 87
71 64 64 58
25 8 27 16
106 88 73 65
30 97 53 61
106 13 75 34
27 15 46 31
70 48
9
4 2 15 40
4 94 30 86
85 88 71 62
95 10 61 33
15 35 13 25
30 96 26 98
-46 63 -34 65
3 68 8 66
59 63 62 78
15 84
10
30 93 28 32
36 7 37 35
33 39 33 33
49 44 49 53
43 60 43 53
94 39 54 41
9 49 45 50
59 47 66 47
71 42 65 42
46 56 57 56
63 47
6
98 48 2 48
46 48 3 48
21 48 3 48
10 32 2 32
2 30 4 32
2 70 4 68
3 60
5
98 48 2 48
46 48 3 48
21 48 3 48
10 32 2 32
2 90 2 10
3 40
7
98 48 2 48
46 48 3 48
21 48 3 48
10 32 2 32
2 42 4 40
24 42 22 40
24 24 22 26
3 25
0
