1 3 2
2 1 2
1 1 1 1
1 2 1 2
1 3 2 3
2 13 8 10
2 123 33042 5511 4136
1 1 1 1
15015 10010 6006 4290 2730 2310 30030
24 2 3 2 15 6 18
3 28 4 6 9 28
3 2 2 18 3
6 3 1 5 3
3 8 3 2 4
1 2 2 1 1
2 3 2
2 16 2 2 8 5
1 6 6 2 1 3 6
2 15 14 6
10 122 299 162 5 122 60 60 188
5 6 9 5 3 6 14
1 3 1 3
1 2 2 1
2 3 1 3
1 2 1 1
12 1 4 6
2 1 2 1
1 2 1 2
3 1 3 2
2 3 1 6
4 3 1
2 2 4 1
1 1 1 4
2 3 2 3
4 7 2 4
2 1 1 1 1
3 2 1 6
2 2 1 1 1 2 1
3 2 1 3
1 2 1 3
5 4 25 4 13 15
1 12 2 3
1 2 2 1
2 1 3 2
1 1 1 1
1 1 1 2
2 3 1 6
1 3 1 3
1 2 2 1
2 1 2 1
59 59 59 59 59 59 59 59 59 59 118 118 118 118 118 59 59 59 59 1
9801 9801 1
1 1
