0.14885 0.20711 0.20711
0.12513 0.49975 0.49975
0.70677 0.35351 0.35351
365.63802 365.63802 365.60104
378.52409 378.60534 378.60534
21.89580 22.05292 5.89571
214.08710 113.24910 177.56224
223.67798 215.40179 304.97739
42.28746 13.14972 44.37525
0.39970 0.38641 0.10470
250.94330 249.08099 264.48897
49.82771 73.73038 99.30550
188.30161 108.94595 156.49232
8.86911 29.76887 27.07944
107.51019 131.66400 61.28806
110.95529 71.21362 155.97379
115.49782 116.60356 46.97586
158.78183 103.67150 89.59711
9.27128 2.40450 9.29538
0.14185 0.43155 0.49103
92.89726 82.01225 34.40150
145.12004 203.48813 227.83573
95.18975 158.83074 185.02725
99.97218 196.15138 144.79974
3.46754 13.09935 13.01653
34.85045 11.66289 38.70362
99.97193 157.78372 122.94573
67.43802 72.17431 47.22089
20.86341 35.29820 17.39110
0.53179 0.52637 0.13749
129.63863 65.55110 89.30212
192.00214 276.18088 203.32563
142.90590 86.37347 155.68299
130.94403 216.42823 221.58757
102.59460 44.23566 87.22943
56.40277 22.55284 38.93531
72.99480 140.42896 160.70693
53.59456 20.02462 56.33006
82.83645 86.38278 28.75717
0.60455 0.62925 0.16912
37.68952 11.88224 32.38650
202.19882 224.89305 120.95913
19.13390 18.67715 5.12251
36.60416 12.24372 40.61574
5.38799 18.62977 18.95225
50.41493 16.47755 50.90466
21.36030 17.39115 36.70394
66.80596 51.08301 81.96942
222.15950 192.44149 123.05805
0.12928 0.43231 0.38107
123.83228 60.34661 90.27273
132.52469 102.76067 93.84314
255.50691 279.81842 195.85340
176.54980 114.64776 127.57580
94.12034 89.51785 34.97541
136.62358 54.77860 132.87382
67.45112 39.20371 79.89742
250.04798 232.71900 208.02100
195.73204 286.89969 227.03636
0.41831 0.44010 0.11756
79.44043 145.73634 152.38023
205.44983 282.71364 247.98466
210.17476 119.28826 191.60366
35.40810 15.16688 40.90776
53.98494 20.14612 47.48965
36.14124 51.67119 76.77955
50.62842 83.50678 41.85381
29.56148 32.96465 9.84339
76.90010 75.09836 119.22540
0.10153 0.39901 0.39743
47.43277 98.43141 82.23815
106.57677 88.73709 56.55043
219.98020 168.82949 136.24431
39.84866 32.71982 48.67079
33.75535 52.15690 75.85983
89.52359 80.45481 29.81958
261.58232 219.38400 206.60274
92.18602 30.37015 90.04794
104.01693 96.87126 126.74486
0.39863 0.38780 0.10414
161.14514 72.78740 142.67280
222.96535 177.46129 227.53835
60.35519 103.98632 78.23380
142.61530 129.24244 101.46990
232.21026 260.08070 186.81327
129.53324 73.79738 163.18931
198.64655 292.23322 250.98606
134.41931 81.03737 168.95609
129.30289 96.64711 152.81395
0.66968 0.67004 0.17958
176.82438 100.01329 164.96663
35.47902 55.11065 25.79522
94.53832 196.75931 183.37953
157.97078 255.89625 228.74755
154.84139 74.62983 153.70848
26.13291 63.40810 71.05130
145.79403 87.58190 185.82043
51.22006 94.96020 105.94906
157.72747 251.97307 251.60814
0.67347 0.67432 0.18298
26.76361 10.65832 32.67781
134.87836 165.20977 199.97540
282.90556 265.01792 308.17677
57.79658 93.83852 49.37607
108.78927 89.65213 130.57373
128.01241 224.63725 214.52362
130.85954 202.69640 209.59798
63.43655 20.77756 65.97552
208.60429 235.15496 275.04744
0.30081 1.01424 1.03395
22.93024 55.03324 57.20533
3.85369 3.85606 0.97938
13.82877 3.78162 13.41169
142.90449 196.18277 156.97286
51.59983 126.02632 118.73880
4.09127 1.06007 3.98763
56.28959 106.70673 120.25557
50.58963 118.16645 108.91873
170.82934 170.72936 171.28849
0.52695 0.68152 0.91278
134.17841 181.17981 234.85978
186.91963 107.13953 150.66812
246.62802 184.41008 242.86542
135.73582 195.37090 216.62662
26.69973 21.60852 44.66076
94.21008 203.01905 178.75094
61.86281 134.16003 141.17665
84.36389 59.63159 46.95905
21.31420 55.86386 44.53251
0.46637 0.46729 0.12045
31.81846 30.08348 9.14875
183.92190 152.37813 102.10455
87.00930 111.74118 146.75415
12.93234 36.13380 35.81921
221.64309 158.12971 271.96560
23.03081 12.94274 33.44012
255.30035 148.99678 211.07399
44.79902 77.60746 96.12078
15.44821 4.12388 15.26373
0.34778 0.39147 0.11135
28.26015 9.51421 31.18722
225.53471 123.12394 211.29275
1.04221 0.26159 1.04208
96.09923 112.52440 93.73678
39.16191 109.22426 111.30382
117.66323 52.58408 98.88827
184.98976 185.19195 216.04084
64.94976 150.25659 130.79765
84.27725 45.04086 90.89359
0.52225 0.14342 0.48970
142.38677 209.96427 178.61171
239.63573 305.77199 252.06600
44.83101 24.36192 28.16012
139.60452 77.45632 128.92301
284.40682 273.65851 303.96648
13.41988 3.51636 13.29559
124.83078 131.82608 64.05075
139.50419 134.10636 70.33400
22.29254 16.49184 29.54479
0.58863 0.16643 0.54875
110.93405 55.62769 117.51556
175.73669 220.59903 140.54280
8.87845 24.84623 28.28000
90.03790 92.34427 36.09534
27.90866 74.48286 75.40922
81.74375 97.84704 45.09411
3.52683 10.39496 11.79007
0.61822 0.15517 0.61836
43.27041 12.74676 42.82902
0.91606 0.25344 0.90443
18.61798 5.19610 17.39360
159.14135 159.75648 124.98355
222.95135 230.95172 118.40659
181.02458 137.38227 108.12591
97.06945 63.38285 48.56025
310.90113 355.31013 308.53634
324.09537 280.46723 277.36283
21.70283 64.07037 67.80262
44.26965 89.42917 63.12360
0.36688 0.33833 0.10080
252.35523 218.28849 182.84093
136.20490 63.79317 137.42735
118.09362 103.87735 83.75241
74.55336 41.14119 100.69496
213.35492 135.12499 207.24439
49.83806 15.74706 45.76516
108.95435 136.41143 92.76318
65.89285 20.45233 67.46186
101.43856 208.28432 211.22638
0.11817 0.45917 0.46134
232.62412 152.74204 237.51848
51.69733 126.25017 96.68440
175.87861 141.17230 189.81152
54.70381 69.93294 103.80465
317.44163 304.42883 271.09266
34.59786 41.08105 13.34533
166.13765 135.99671 200.23280
161.05968 217.50086 233.07703
330.42714 207.92622 289.97917
0.47040 0.44219 0.12807
149.71299 76.73261 101.11953
2.00340 2.00046 0.50625
275.56179 273.75609 344.58606
25.78432 61.00915 43.67635
8.58907 24.46151 25.89674
134.67270 109.31354 97.49569
150.58641 218.47422 244.29241
190.42745 148.21268 189.57477
65.47709 19.93040 61.84134
0.80334 0.22994 0.77715
94.56468 44.82219 98.43498
164.85212 161.75947 232.34881
48.23584 14.41700 47.20699
85.97570 92.98941 45.26075
94.55681 128.23103 184.19814
127.27781 228.15185 157.92364
244.02035 264.69065 284.84232
209.47800 303.41409 261.55027
224.64593 163.36149 191.35023
0.12287 0.45781 0.46110
64.71882 87.34388 41.66540
91.95477 105.56071 140.09175
70.91349 100.57987 146.43901
47.35288 101.57286 90.45218
181.43773 181.50702 254.60642
3.29111 0.83813 3.30111
89.82889 86.00404 32.80253
65.83064 23.23488 62.20915
5.49524 19.26280 18.56796
0.56811 0.58888 0.15862
5.80077 20.16416 19.11566
184.63374 170.61161 238.97340
142.38398 117.57194 123.71813
266.61908 254.57555 162.89011
52.16064 41.53305 20.30891
72.68841 123.82982 76.31051
1.01212 3.32530 3.64403
76.32645 133.85414 165.86793
230.44797 138.73441 236.20386
0.11482 0.32738 0.23531
224.26984 310.60831 283.95646
138.84512 76.60784 161.87264
137.68261 114.92947 195.17729
215.69502 243.96313 292.21355
7.36662 7.34482 1.89215
195.33325 246.67408 165.40964
209.64556 244.08955 130.84713
115.93699 181.68016 201.71829
289.29820 276.48732 265.10767
0.66951 0.18773 0.67921
114.55242 190.52103 197.81806
102.12771 179.97037 150.81011
224.93049 208.62713 157.29627
1.89066 7.21270 7.14592
264.57858 175.92945 227.17699
163.35258 114.57320 119.23960
19.01812 5.09654 18.67998
179.28558 194.90058 248.07283
136.99465 134.51887 67.00406
0.10683 0.41822 0.41879
115.77432 175.19278 187.12860
162.79537 160.86210 73.59673
127.17211 49.23277 108.15059
180.24728 88.74096 175.69864
155.53364 163.56783 76.62285
26.72722 53.31802 70.46186
87.33867 72.52506 120.77894
119.35780 112.72053 116.67049
56.42233 108.93313 125.68751
0.10223 0.38145 0.38641
83.79248 132.12774 159.44617
150.86432 190.95975 149.65107
90.78404 149.68967 156.22237
167.71657 233.72931 185.16514
34.05561 44.56500 19.45874
193.22870 301.45608 281.12255
85.72811 137.75263 147.74786
44.42378 109.27433 84.01205
52.44779 18.03555 49.54452
0.66772 0.24891 0.79921
120.72595 150.53167 176.14582
5.90001 21.71048 20.79973
117.87851 114.53533 69.33380
42.31403 28.60942 64.41665
119.53318 187.81927 135.64279
203.05083 205.35108 167.23536
114.93217 175.86795 155.44626
90.43517 159.62581 164.09398
79.60950 82.89149 88.03634
0.11435 0.43406 0.43994
1.44476 5.54176 5.56233
166.39755 152.51280 156.36359
31.48902 81.87790 80.59624
6.25619 21.48052 21.81988
34.35173 57.52529 75.90749
67.58724 116.33061 66.73524
247.38481 219.39545 148.98108
185.19364 169.42281 254.37048
28.42759 15.68583 39.31575
1.28181 0.39218 1.20296
273.55843 189.43739 187.92362
24.21373 7.56876 25.77160
86.46090 57.65593 89.43975
145.83876 120.80178 153.51792
142.68833 135.50640 174.79707
115.74252 129.90291 92.99750
71.15640 25.87896 67.57743
115.46128 104.52931 42.67877
55.30372 76.18091 68.60759
0.97377 1.06280 0.31622
11.52063 37.08660 38.49640
119.62663 201.28686 179.05731
249.48896 269.66668 294.83716
19.88333 23.29745 9.65989
139.17390 162.84629 72.97977
132.60211 138.80070 58.33433
262.72120 203.54721 247.16404
186.57390 228.21848 131.90143
22.71450 21.56192 6.30331
0.52168 0.13688 0.52901
153.35529 144.66926 68.94433
53.71283 107.63158 65.24043
259.41944 294.62221 327.85157
122.72348 102.16331 167.56541
69.73912 123.44349 71.49449
147.09312 89.66900 128.61146
249.79076 254.28422 257.97773
98.31362 70.30821 54.32874
24.15944 62.41142 55.83652
2.06067 2.12829 1.71634
271.58424 282.92599 207.40201
178.81625 146.23608 90.96644
210.30548 225.57918 242.39132
20.20039 21.85102 7.10156
154.01118 114.00691 181.89712
169.87699 238.06908 155.43833
25.28087 9.69665 28.61205
216.55036 250.11351 219.67030
66.47206 24.49269 49.92488
0.51254 0.51670 0.13314
251.95037 270.85517 195.88266
72.52290 157.56517 110.11794
12.70116 43.40076 43.92401
165.49121 114.39665 119.94123
106.22373 67.66298 92.31624
9.78187 2.53254 9.69930
253.01100 307.87323 236.75201
47.28321 114.39736 111.92741
7.93786 27.76221 28.12289
1.05814 1.07330 0.31242
103.31808 103.52636 45.80511
28.62579 80.11328 78.48475
21.75120 20.07232 6.27375
147.66369 164.48050 90.59329
82.96859 30.82999 69.20124
110.44655 63.19437 85.71653
139.46990 198.48108 137.43120
2.87992 10.56305 10.83408
52.59910 50.38440 16.45427
0.37864 0.10234 0.39171
173.27321 191.49586 249.63775
149.85569 237.20002 157.10363
110.32170 68.38900 100.98712
37.23984 15.92428 23.84160
41.07598 49.40041 16.92463
282.27761 216.53847 202.20918
234.35598 254.04308 247.78509
162.29155 69.93602 146.30830
74.23632 82.12472 27.22146
0.62294 0.62387 0.16775
14.66757 14.60531 3.86202
116.82348 176.52986 192.01885
80.51130 28.56293 79.82045
151.66695 239.96919 205.09616
174.47390 254.46992 283.23062
95.48382 153.08576 162.31437
147.75250 130.71063 65.47560
201.33118 251.42038 282.42703
308.82321 243.53405 304.70630
0.14139 0.54160 0.54677
53.40136 51.40124 15.64423
35.62697 95.18227 95.02595
139.86869 144.22299 68.44415
160.77743 243.82114 178.99962
81.88343 90.20621 35.81797
24.13180 53.49102 65.11623
161.30400 167.95777 220.38613
94.21358 138.88040 167.12093
213.52553 196.56394 136.24227
0.63679 0.17157 0.63825
143.46945 181.78725 172.02512
278.75869 313.81198 321.36803
173.56216 91.28159 147.75925
121.44016 118.93015 192.44176
7.53907 16.26582 20.83420
61.65413 25.76692 41.43327
68.20589 58.11093 113.48897
32.19909 34.84020 13.05687
89.58391 95.07183 32.76261
1.20880 0.47867 0.87772
136.23866 117.48303 81.39518
121.69196 118.94638 136.74680
49.74955 46.64287 87.64351
209.36851 125.25190 178.83513
6.12364 20.95883 18.64420
116.75949 103.60965 80.06794
35.68895 11.77495 38.83629
202.21016 154.28459 156.69352
70.29974 138.78192 146.45152
0.68226 0.55079 0.22008
105.82847 136.98589 57.82377
34.67697 35.16170 12.11937
34.39488 60.51176 30.62396
138.09666 191.73166 193.91640
249.27648 293.64871 268.03208
85.20428 32.01930 71.40728
63.78427 22.47147 68.03526
68.28665 35.10904 87.88534
9.61256 2.66970 9.77702
0.39630 0.11817 0.42863
86.23625 191.46793 149.55216
32.81479 87.36921 89.32238
69.87226 125.58525 78.06953
189.08942 251.65830 196.61838
74.03607 106.47653 143.69986
276.15244 222.14500 178.54964
165.00647 121.05007 177.46830
102.57514 114.65682 87.23560
77.87352 101.00747 88.55064
0.49644 0.12793 0.49689
186.35866 156.06467 86.09691
46.97549 45.62258 13.65631
107.22218 179.55489 164.25053
44.12135 120.47984 109.60383
3.76105 12.29923 13.40897
48.18348 109.97330 116.00247
95.64202 149.19873 141.55274
107.42904 95.26541 163.07905
175.44261 277.12856 277.40085
0.49622 0.95485 0.75427
103.47313 107.85441 57.69727
154.43593 155.03053 109.57189
143.57567 110.81795 73.58546
17.73320 56.32692 58.30294
87.79584 37.91201 95.41657
245.76485 199.95880 247.38964
93.47475 102.05061 39.29474
2.04570 0.51548 2.04141
42.34569 101.05908 96.39029
0.43752 0.11482 0.44465
67.74513 154.27009 158.06164
157.49467 90.21806 164.51380
195.71461 247.33043 228.28322
78.79115 27.46244 66.63399
51.37408 34.02159 76.53340
177.49354 205.23102 132.50104
45.22690 14.25863 39.01753
0.23029 0.91689 0.91559
191.91621 194.18169 232.19551
0.21072 0.55041 0.36629
34.51428 89.98913 98.58961
79.35707 97.87373 46.53256
75.29069 42.19425 51.37156
97.86209 150.79470 76.18637
258.55393 257.34544 244.32945
156.39073 158.92217 219.58842
204.41278 166.18936 233.65951
83.93882 114.19507 112.42509
176.60102 203.76983 131.70948
1.16127 0.98151 0.83834
52.60541 91.79999 67.88066
93.81223 160.57565 112.57067
1.58255 0.39947 1.57269
52.31016 113.72080 114.45482
1.61230 1.54967 0.42252
220.85466 147.49858 233.64670
181.87137 99.30629 194.98981
90.95744 45.85605 52.21077
27.57922 13.89114 16.27437
0.39904 0.10173 0.39894
151.99839 126.46383 77.98856
100.65767 100.31987 36.15710
117.99826 114.96153 124.38315
50.59264 59.63610 21.25102
172.44027 236.96087 163.24426
168.89589 148.13969 151.80036
61.89911 87.79106 48.76470
74.32199 118.90899 143.03634
112.56464 82.04599 127.29730
0.17627 0.66477 0.66083
37.52241 43.46352 13.73634
81.55463 82.66656 29.44216
129.08424 124.34830 146.77095
272.93659 237.55320 201.50789
9.28232 2.42912 9.38169
253.33985 223.65169 306.15039
54.37846 21.11677 59.86770
96.79941 84.37658 51.03164
78.54208 30.46821 86.74505
0.75505 0.21503 0.78261
49.99327 74.63182 32.77172
19.66193 31.51182 30.02529
214.52458 225.73112 167.61300
237.34129 234.24632 222.05652
68.22582 139.48226 143.33309
85.64747 33.08986 69.86076
143.43502 118.49865 61.84164
36.79008 13.76716 27.30035
293.33690 271.12108 283.70107
0.53783 0.55537 0.14875
119.01642 94.75889 73.07414
18.49502 5.67749 19.80340
225.16881 148.21430 210.22532
63.30617 63.16160 104.45990
43.74060 110.62444 90.51389
26.38483 8.50496 23.24776
46.19231 46.57704 17.32776
91.07325 66.43541 122.99615
221.77362 193.67165 127.99866
0.45992 0.11955 0.46250
199.21752 219.57321 130.07953
46.91874 49.22161 15.53335
29.89520 18.70602 43.88208
118.11753 179.79650 179.94983
57.25080 23.68590 37.92107
0.32688 1.28971 1.29594
310.44331 253.29325 216.68425
82.61664 29.56365 88.06629
104.39556 114.61244 54.49396
0.63915 0.20815 0.69414
97.21777 75.29892 50.80313
135.00234 115.77962 56.56001
144.46733 166.32062 169.21351
31.20705 32.40103 9.43267
90.50659 53.84184 51.12211
147.38231 76.02865 113.64826
17.29410 4.68910 17.27804
137.38347 129.37054 90.46402
275.95422 164.65367 231.77103
0.44111 0.45382 0.11860
147.59714 69.32789 142.38537
177.17088 103.99500 113.98974
132.09896 140.41606 187.33965
66.04312 142.39997 136.00304
170.34342 171.67446 202.02559
5.24474 17.89674 18.48813
0.57309 0.57559 0.14493
196.19937 242.29357 166.58163
133.47674 81.70082 161.91638
0.15808 0.57722 0.58769
82.98763 153.05196 93.85502
84.52805 155.00309 167.94344
152.06682 126.23512 65.86260
144.89115 60.87284 122.02674
21.48178 66.08592 66.94775
55.24421 123.04214 117.94823
48.09697 122.45319 112.20464
154.97864 148.09227 89.60236
14.07454 3.83387 13.52274
0.13038 0.48911 0.49671
135.37267 118.08086 179.93122
58.10121 81.27195 96.91423
84.62799 93.27224 109.58697
172.49912 216.47920 275.60939
178.65699 98.32640 129.53409
108.61821 180.81661 121.01108
32.12781 82.72580 87.80847
71.74987 22.77407 72.01769
182.22981 196.39638 94.01522
0.47554 0.12290 0.47582
120.90718 123.99034 157.15547
140.28547 82.78517 154.79391
65.98425 23.16585 57.40161
246.10306 209.75174 216.73465
186.88475 244.47823 223.79678
55.35123 93.56591 72.43905
165.93848 189.46223 137.17637
183.49235 112.69835 184.85208
81.16645 31.46157 65.44882
0.32654 0.15923 0.44275
186.94081 240.86266 157.00335
143.41528 76.24423 158.76077
191.90615 101.60241 202.71796
192.18477 189.23877 200.05380
108.63337 213.25509 180.33315
173.27879 104.54245 171.68805
159.79604 176.41562 217.90392
50.61715 98.33048 66.82198
111.00014 67.69457 54.12458
0.43192 0.11234 0.43208
58.43206 27.26199 60.59519
12.74598 44.10957 44.01743
217.38190 134.45107 248.04164
118.44455 210.13910 230.59757
46.59255 30.07263 20.15568
181.49710 94.31801 127.01431
28.12000 66.03383 75.00992
97.31467 150.56240 137.46656
246.81951 212.17636 155.14980
0.52627 0.21353 0.65056
11.23123 6.02802 5.33866
13.00367 31.95746 31.17219
130.02791 126.62389 97.93247
155.01200 87.43804 171.16217
168.63196 140.26912 71.87858
225.77574 268.41454 254.47450
198.84763 289.16779 261.61466
136.18491 68.29107 131.23454
125.39175 79.24521 64.72771
0.37021 0.28637 0.12116
204.99013 121.73545 182.31030
258.54076 270.17828 248.60112
152.51818 175.97348 215.54795
203.92323 236.59707 154.70060
97.15634 40.46346 108.76324
45.66701 74.34879 97.61721
18.87777 17.57759 6.50538
281.65183 261.35074 210.34399
159.96102 90.87291 158.32055
0.51330 0.43713 0.15467
175.65975 158.04340 202.10149
205.57730 235.73692 210.48698
12.21201 3.22928 12.00429
261.47586 255.19995 309.43479
139.94087 178.60454 111.40422
91.15979 106.88184 44.28348
315.81226 207.25530 255.07863
171.62352 166.26621 156.71743
88.01994 32.75220 73.68131
0.10964 0.41411 0.42320
192.63700 200.63761 204.85674
11.75076 37.91891 38.72445
121.98286 107.00288 117.32960
66.81766 107.69938 115.97257
6.87475 6.76620 1.94911
168.16860 219.84419 275.71347
85.60747 60.47788 51.51746
76.95864 136.98898 168.07937
254.05848 302.45529 218.89267
0.53330 0.52732 0.13906
62.92633 55.93040 23.46743
14.25934 48.39783 45.62696
126.61551 179.03327 155.06393
141.86086 135.80184 224.06566
139.44433 216.53424 146.13575
82.23405 166.17499 153.93208
108.45254 42.14435 111.21810
83.72605 65.45426 36.08861
105.07989 126.70235 58.81820
0.78400 0.81625 0.22749
114.02442 130.95574 52.71033
71.73379 51.17661 43.88220
27.01901 28.70117 8.38021
247.06257 204.73642 216.25889
31.20776 11.09475 33.99038
135.57199 79.52300 75.04843
50.28950 131.68010 133.32566
52.42981 17.84090 46.04206
192.92356 231.40222 123.47222
0.45259 0.44789 0.11665
136.73745 93.61485 144.29389
59.63008 29.11400 40.12011
122.10664 232.49675 212.57863
44.08821 110.55625 85.80017
302.26687 226.14064 318.19513
168.42963 106.51360 213.28516
46.97924 40.36752 26.47059
206.15534 154.07334 231.79682
120.33167 102.34981 174.68754
0.13465 0.49732 0.46618
180.12566 207.73697 125.88798
106.81960 206.87560 179.48432
153.61990 107.47150 117.46234
12.47842 13.39349 3.74529
200.27788 277.97103 268.31547
89.12741 63.00836 46.19225
105.35474 47.20688 120.25306
144.75999 86.69497 87.23784
289.10992 200.55569 216.53691
0.57447 0.58087 0.15245
25.25047 12.57411 14.44143
101.62071 70.90879 73.41628
79.39264 35.64478 92.73799
151.92818 56.98868 135.46399
1.03271 3.94232 3.82440
159.22982 151.51438 63.86722
181.99000 191.97975 176.97253
177.26189 163.92140 92.02320
128.45927 164.18670 210.46472
0.19832 0.70161 0.71570
136.34405 49.10052 129.83574
126.99721 116.65662 147.28842
147.93047 94.25289 178.69554
52.01830 21.91178 49.29134
97.58139 68.15166 48.40961
259.08725 165.46211 219.70749
94.15969 57.64336 51.53027
192.04997 203.28264 144.09211
7.64382 1.95633 7.57508
0.34764 1.13385 1.17679
61.67667 26.29532 63.93915
60.78567 48.36380 60.90571
52.41302 24.23998 31.02415
101.32614 157.56455 103.52087
155.44399 141.58571 65.85691
106.00246 81.60996 51.75483
234.39975 239.13531 128.97760
217.27076 149.80841 244.83782
41.28591 95.21539 106.42116
0.50121 0.13009 0.50532
6.07283 21.00558 21.28831
252.94672 260.97776 271.60911
159.45892 71.76420 132.72668
33.91942 67.22840 84.42567
174.22028 255.31188 190.11874
262.59860 264.24288 278.34742
42.94259 15.42370 40.30082
14.98896 4.37157 15.44455
17.00221 52.77996 49.67262
0.11825 0.43948 0.41362
284.52955 332.95489 325.20639
126.69245 100.21955 56.78006
131.23547 215.84660 220.81164
273.89645 154.98213 292.06743
133.87248 118.39813 115.79935
183.19390 227.78549 145.37922
94.28604 45.62514 84.31671
38.17065 35.22137 12.26176
260.56632 232.35842 172.45678
0.19100 0.71785 0.70319
247.52023 203.91828 224.28696
212.91851 202.03425 296.44070
132.95619 161.16365 82.35814
68.04675 53.23924 26.09119
159.76453 180.07364 85.76405
32.69768 57.50028 75.06867
312.46724 252.02477 197.58125
59.69964 118.96597 103.12749
59.90693 100.40960 49.80937
0.13188 0.48304 0.45343
346.44585 347.51040 270.52734
125.11793 173.59326 202.56520
140.35562 141.75479 109.38498
3.83390 14.51054 14.25226
209.22800 164.07636 242.86433
183.32981 128.08522 230.13767
107.20112 156.07192 201.77898
192.08573 159.13664 95.25953
62.48757 21.43280 59.55274
0.23783 0.32829 0.12055
295.00019 309.64908 282.60521
100.85416 38.66332 82.79070
104.73635 191.85061 195.81069
58.57956 58.69934 29.69719
15.32681 35.80171 45.17425
35.33957 41.02647 13.42581
147.15803 132.70844 67.48450
153.03084 213.60780 112.89427
132.85634 155.01160 134.69748
0.86572 0.24139 0.85243
102.15829 65.28147 67.43672
355.78728 328.30910 268.38204
79.30652 166.67342 123.95996
183.48150 158.61098 184.87789
125.62100 44.41496 131.02935
119.18736 50.37399 103.90367
163.82718 207.26952 125.20276
209.24725 251.88171 294.89121
134.18204 60.39988 107.52508
0.51404 0.50271 0.14040
119.84857 100.35895 156.89378
158.00572 130.71595 150.51537
41.56669 11.70321 41.30280
4.35425 15.80705 16.32250
155.42830 217.29844 187.55363
3.79445 0.98146 3.69234
173.35814 210.95008 244.94032
77.85721 25.94847 73.77996
108.08663 90.84774 42.52222
0.53932 0.56954 0.15441
97.18689 169.99930 101.46194
189.96952 160.77699 150.36569
41.74406 49.69384 84.52814
21.98098 68.47145 63.32990
196.72276 183.83949 134.42269
59.25506 66.21159 22.15293
139.83368 219.30524 166.22015
92.18492 95.76780 98.18693
53.09826 53.84667 32.25469
0.11908 0.45890 0.45675
85.30641 98.20892 78.26359
187.09707 261.17821 258.34323
258.81254 268.94512 270.50026
90.94764 64.21824 131.75566
149.64288 138.49885 62.84986
26.09300 67.33735 49.96276
123.90292 91.46830 62.35329
222.16636 175.77294 112.49044
132.95992 168.27545 102.92171
0.45722 0.59033 0.19610
87.62675 97.74464 96.99179
173.38470 213.74138 186.40045
114.15040 77.50951 121.30024
284.06048 239.12891 204.77413
113.57783 113.15212 48.79806
55.00496 19.67473 43.77054
129.06163 134.33164 108.93860
57.23236 51.42821 17.68719
103.50158 108.53385 46.57459
0.37346 0.38390 0.10046
202.02932 133.25399 218.63094
54.46913 79.97176 88.16755
2.71234 0.70612 2.63064
121.35143 181.70231 149.40196
61.97019 21.34511 54.22282
203.05038 154.95021 234.55305
361.02125 282.94011 340.63297
121.20904 100.02331 84.85953
96.73522 91.18088 98.16962
0.16872 0.62730 0.61355
166.86535 115.92141 166.34842
33.00217 14.31835 29.15874
112.09385 83.77408 55.89624
57.37363 22.40781 64.59701
8.44855 8.57764 2.25108
41.94104 46.92881 17.10411
92.20271 66.50948 121.32101
255.06614 156.49936 202.05937
137.25311 74.67634 107.10075
0.19277 0.60754 0.67525
173.93833 222.59086 120.11916
79.62384 89.83326 31.30356
93.22815 127.21423 147.07095
11.03774 37.14316 36.34665
81.33200 44.33944 80.38984
181.00607 206.10911 154.90813
141.34919 244.03271 198.09062
145.88796 143.10686 178.93336
2.85159 2.93353 0.76710
0.12634 0.49017 0.49194
201.02869 140.64032 129.54468
126.53640 139.84920 124.53341
146.32280 240.82990 163.96100
120.46667 62.13251 81.90605
200.80467 263.75168 194.12164
85.19888 92.26703 126.27506
146.23551 66.61891 153.60153
35.77453 10.83341 36.14757
122.40245 61.83233 73.82840
0.44228 0.43967 0.11493
239.52034 125.22923 190.56607
75.31115 78.30142 25.97028
186.91722 257.30414 151.60060
144.31764 171.50706 141.46156
53.99518 30.01844 72.93469
67.03685 65.80471 23.62566
178.50991 93.43976 128.92285
243.13017 219.41317 302.90518
32.65077 72.71530 53.45943
0.50406 0.49011 0.13186
9.21899 27.72954 25.81956
24.31516 73.88730 77.78023
124.31232 180.14885 173.23063
185.43320 204.61433 267.18414
203.37671 182.75077 208.21757
289.35215 216.61716 199.63426
29.34355 51.82367 64.92899
89.84460 44.91463 102.27030
108.41238 173.66392 199.46583
0.71913 0.20828 0.75762
209.72150 130.67612 216.80522
55.98989 87.43202 119.87558
165.76843 210.22062 149.97330
111.70787 189.70899 122.15932
313.75437 261.31743 298.44505
36.64038 75.05785 87.01843
212.77343 168.71124 252.71011
29.68522 84.85375 77.58694
8.91541 2.52969 8.10597
0.66571 0.17593 0.65311
187.31350 181.43568 133.15835
33.14943 91.20603 88.41783
211.20688 132.63298 198.57734
63.98273 20.68267 65.21762
87.93683 174.74812 178.44135
48.66125 49.10154 19.63424
102.17835 40.71553 87.90067
101.74999 197.04058 184.40279
157.66656 120.61868 72.21527
0.54172 0.52859 0.14388
172.77173 209.60851 124.82479
44.84978 121.53275 109.82095
162.05968 228.39582 176.64951
239.69762 137.83933 217.76636
47.25517 49.08847 19.02036
82.52834 93.06765 40.11843
48.14718 67.49992 28.10402
34.90740 10.71437 33.60066
84.65473 160.88731 104.69247
0.33052 0.96019 1.05637
88.32190 50.85619 99.41864
104.09062 72.55247 132.41982
79.76316 38.15516 48.50921
92.34758 125.92679 94.45537
154.21485 110.25511 82.25949
15.10192 43.06108 45.94402
16.68716 16.85410 4.59926
137.60327 101.57536 75.92571
21.17682 21.96330 6.32098
0.65194 0.64518 0.17319
1.74202 0.44995 1.73205
97.24055 50.17865 111.05023
78.96172 68.50479 106.02051
58.37374 52.29466 19.45118
18.82195 50.87480 55.08039
112.89050 50.97847 116.41750
71.22638 69.02202 50.83883
131.94047 105.25213 152.27943
93.35682 85.00989 45.45237
0.68019 0.20519 0.62558
346.63427 274.15049 360.68624
96.54355 47.50912 95.43340
10.98716 3.86767 12.90989
89.48164 32.77980 94.73184
112.44216 44.25690 111.73296
114.63206 76.71422 77.59157
286.80801 189.94528 201.78341
119.03639 143.54522 69.06366
57.26752 130.71382 101.89458
0.30374 1.06649 1.04162
54.64480 73.90601 115.48050
8.49285 29.02982 28.08969
251.21833 185.25045 184.67649
100.01676 171.37765 152.16067
216.44127 170.10864 148.85038
242.96512 206.83606 280.86330
143.84906 86.43905 113.43028
202.65371 233.68516 163.31071
155.60759 232.70796 243.17911
0.42968 0.11598 0.44185
140.25748 109.01503 129.71213
166.62201 102.81551 125.21791
197.68290 163.09751 87.79811
157.33180 167.57020 84.98942
202.13759 212.15669 167.65134
141.50575 99.75440 179.15704
79.77916 165.68346 140.42790
168.42823 142.49260 103.07745
97.00262 94.67856 32.44984
0.42480 0.10993 0.41642
262.14168 241.92429 284.23672
160.73821 140.66041 70.93837
120.12418 147.85682 212.06254
79.62482 26.99085 78.16018
67.90993 48.56605 31.37422
200.09296 227.99451 230.66592
41.23491 65.67658 89.54135
9.59846 18.59227 25.46497
146.43091 248.39741 193.93711
0.10256 0.39868 0.40165
69.39085 107.30642 50.15178
44.64855 95.12095 109.98313
73.57697 35.96006 77.09901
208.12203 195.28113 295.69087
22.67579 48.53396 60.75026
110.89547 126.12359 186.09016
22.22829 6.45463 20.53146
39.35322 12.59193 40.57585
82.04804 144.94226 168.56774
0.54515 0.54892 0.14287
176.76302 94.46174 118.79351
47.73526 123.99396 120.66953
16.30782 14.44085 4.76095
34.55800 84.53816 87.82071
24.95894 73.67611 73.80523
136.14899 58.11715 139.91461
101.96541 109.64243 152.71594
101.52071 41.18467 88.59447
46.64334 48.07125 84.30199
0.52051 0.89716 1.25182
22.97539 22.63089 6.30928
149.29122 128.16363 153.85946
50.99265 52.33471 23.23664
49.04743 66.37367 27.56428
36.24686 86.06937 100.95546
99.38071 101.38838 161.41703
36.78941 82.52517 90.59946
55.39156 104.44635 130.06026
81.77329 106.04773 143.96504
0.47537 0.43059 0.13362
160.81904 124.67888 205.40930
89.93859 162.74165 114.90369
59.39487 58.45212 18.45217
27.08324 28.97723 8.27935
261.14741 320.33160 271.22209
30.46388 9.11658 31.40980
59.75245 30.67921 65.27355
201.79527 189.74913 124.57022
243.80716 161.20385 150.63290
0.13488 0.49636 0.46614
101.89858 88.45144 46.09097
75.36565 131.45875 123.92094
4.00339 4.10235 1.08634
9.04448 31.63158 32.23510
62.44302 46.71790 28.62524
144.26217 89.34966 181.96371
16.17256 21.20706 7.26010
178.83978 113.22348 183.03542
155.88247 111.49010 112.13203
0.37111 0.12142 0.28679
41.87911 118.54121 104.99023
124.05026 84.38924 167.36210
52.28424 117.92384 122.66946
152.36520 124.41701 197.80103
262.01392 325.49704 229.78610
26.59110 26.62561 7.48480
27.63424 37.67567 58.36969
178.47338 162.53981 217.27165
138.48069 132.56468 59.75225
1.24432 1.34062 0.41811
182.64392 223.85086 160.88855
181.67850 121.83977 139.46394
114.20570 126.74740 50.67395
11.77623 12.81823 3.63308
15.09644 4.04622 15.16967
143.44125 70.98315 164.42503
84.34502 68.98018 38.74937
93.79834 71.60756 114.26660
156.64927 96.86689 169.03109
0.16533 0.62595 0.63138
218.63617 192.44866 210.64721
163.21939 203.43059 231.91899
96.60932 85.12117 38.07362
364.27939 278.55885 349.37494
118.38303 119.79584 57.18765
67.53085 25.76310 65.50198
157.71781 100.75439 180.53578
113.73065 186.19137 137.40239
23.67389 8.96216 26.78516
0.41783 0.42348 0.10892
134.99936 71.16160 160.56887
150.86375 260.54308 229.48445
15.70407 4.43690 16.27793
83.93743 63.87190 53.76171
211.60038 219.21531 167.21191
117.84540 114.81032 175.05753
28.22932 78.34553 68.25706
90.15322 50.51219 46.04148
342.60066 321.90578 306.68046
0.37178 0.28723 0.12180
188.87650 117.86333 204.07158
151.04853 149.70339 171.76725
15.78995 16.61480 4.63981
14.36038 38.98194 35.41621
112.64491 132.91770 145.84231
37.36818 50.53695 19.22637
146.85722 80.70023 108.23487
226.23578 169.43317 283.89371
184.54947 281.17042 255.02254
0.43035 0.42740 0.11191
10.13973 31.38860 29.64687
165.98891 193.48763 135.33235
7.00529 23.84591 24.76523
142.40801 128.45787 89.36107
134.65018 162.09655 117.26220
295.91152 309.11790 213.82164
30.51952 83.61595 77.05822
26.12378 43.96431 20.14315
132.45490 199.63825 158.52046
0.87285 0.91802 0.26348
163.37737 223.12994 251.51661
142.04042 190.78800 150.19132
234.20932 250.39358 275.40518
94.00361 156.51929 120.89781
113.64879 70.77071 127.27817
44.92035 109.98634 125.01281
49.42550 96.47323 59.59656
89.96805 72.97861 120.59410
274.64953 251.74059 246.36366
0.17046 0.61259 0.56421
159.10226 186.32283 185.70349
73.85173 27.91397 57.00750
97.86025 35.87575 82.89752
216.30186 243.76775 166.46103
138.63705 115.59927 101.35745
201.17173 279.79380 235.12295
201.83882 248.62582 191.17599
13.28626 5.12426 16.04077
88.83258 67.64182 88.21134
0.40352 1.25551 1.28154
198.64768 150.69275 168.82346
166.80775 124.12938 138.73683
82.91444 57.80857 117.62143
114.09545 176.50160 229.72578
125.52688 144.95610 58.42330
201.73492 162.64554 193.23028
37.47803 92.93502 80.02489
3.53853 0.93528 3.60854
263.97055 160.55389 199.89213
0.10658 0.41200 0.40419
301.06598 214.62087 239.66782
34.93281 100.95148 100.42216
113.06159 69.18772 74.98876
85.16044 93.53787 116.52808
262.66425 237.14600 195.56462
7.27662 7.17703 1.93841
110.66156 67.08911 129.49539
31.48320 81.11830 86.46732
108.86154 44.84672 104.67084
0.40791 0.10551 0.40920
42.07428 66.19248 96.15930
30.64560 82.04196 67.85680
79.10196 44.31144 97.80997
208.53749 156.00642 136.73005
5.49226 20.60184 20.70560
82.83786 176.21433 141.68248
69.82901 79.36728 116.06673
56.48279 116.28604 123.38734
67.98990 145.44751 148.66467
0.38166 0.10839 0.34031
111.85764 181.27101 116.50187
93.83595 117.62871 97.69236
1.27080 4.88333 4.73353
68.40908 22.07316 68.39016
48.03278 14.68502 45.97665
7.92597 27.97040 27.23739
125.39857 110.86931 47.56511
29.47530 82.01568 87.40901
67.13674 25.55801 73.10890
0.10231 0.39727 0.39144
10.34775 36.04622 36.35405
129.69108 181.56106 103.83932
233.12103 222.17125 256.38663
182.54150 123.72451 201.60000
222.09291 145.86909 158.34880
47.64382 46.60537 14.20282
201.25715 266.13205 239.11858
74.51444 74.22092 24.66737
161.34167 131.69799 174.68356
0.44973 0.44675 0.11688
26.82397 66.75141 63.87608
37.26227 93.76454 87.43794
91.97080 90.91448 46.62410
22.16642 6.08258 21.34359
25.14399 75.45707 78.35089
64.47382 19.49718 64.94237
166.19978 108.83468 92.13942
73.99418 29.49755 84.58908
280.80133 252.34918 221.24895
0.10566 0.41162 0.41385
236.47859 234.85673 185.17575
44.00403 118.00392 102.19772
20.61195 19.93425 5.78284
263.29253 194.76293 222.42296
47.20049 43.18732 16.80775
72.35483 119.98780 90.64022
86.00061 114.75354 54.91944
312.68912 266.43938 247.56853
45.92225 40.45407 14.57062
0.49861 0.50296 0.13116
36.15775 77.89259 95.92413
217.24538 133.09447 177.17846
115.76680 100.70849 63.17392
77.52757 77.35511 26.50397
217.12763 179.57624 122.36747
235.43195 143.72540 205.73942
35.43034 39.43956 13.25999
69.97123 28.77626 58.94555
277.78378 263.39334 148.23509
0.24019 0.47869 0.25350
28.11287 72.25250 62.23103
5.30192 18.59358 16.82924
110.83662 103.27310 78.06243
106.09020 132.08305 59.41641
34.54542 51.49249 22.41723
153.94987 250.47094 258.13678
50.64948 101.23033 73.27279
155.58576 196.39138 238.41714
102.90720 107.88298 159.38453
0.41233 0.42699 0.11468
61.07130 55.28281 105.84513
60.85024 72.14373 75.23699
196.82003 199.99549 87.64637
137.70052 125.06873 103.79458
170.07089 183.15703 129.27200
50.03503 17.11888 50.33365
123.91007 50.24165 100.48596
120.61238 54.34350 91.62732
208.64605 179.87223 220.18061
0.61021 0.60210 0.16229
79.34126 36.06637 50.87284
39.05692 46.64115 15.24606
157.11108 119.47224 152.82578
44.81006 31.57935 18.24757
138.17454 82.39037 103.56236
111.25618 53.18095 136.34717
38.81861 92.93428 101.06761
214.23560 233.89200 245.09058
6.34041 21.40224 21.68213
0.38665 0.88667 0.53758
80.93099 148.79518 123.16683
36.53086 38.15043 14.91435
10.38224 2.98392 10.79587
41.80266 94.58149 84.57020
91.78199 33.55289 91.19213
61.66671 22.19398 52.57845
255.25865 225.97610 226.10543
53.18738 121.93608 92.73576
153.64794 135.03008 82.95364
0.34873 0.37417 0.10146
45.31775 46.20350 16.35137
284.53952 250.24463 285.79390
159.07284 126.90594 98.77164
101.74379 90.36064 46.55276
68.33034 77.00396 34.88008
234.94182 244.88650 230.87028
7.74857 23.11947 18.57633
27.46604 42.45759 20.61554
136.14934 253.87711 215.27323
0.23358 0.75707 0.63434
28.53956 45.71676 25.28630
79.43163 93.86240 38.24909
92.27961 87.23224 34.98790
147.13828 137.64376 187.20823
2.98785 11.33680 11.45222
17.56573 44.22162 31.06510
22.94102 24.49450 6.99614
19.85908 6.50792 16.38973
200.46872 290.06864 254.92997
0.85204 0.86740 0.23990
103.70252 139.18886 178.29301
155.89286 146.00576 59.36402
81.58070 107.91715 49.29208
63.92251 48.42720 26.99783
273.24851 282.93275 180.26348
158.99483 144.34548 217.53393
302.45961 283.74210 216.99308
56.88223 108.37649 123.92127
102.23560 102.82673 41.96755
0.39690 0.39568 0.10092
46.68108 92.73785 54.80449
5.58285 15.08116 11.15088
84.04902 161.63749 109.37575
46.03965 33.11750 18.08186
45.94089 109.19811 86.29553
254.40247 277.15725 278.88401
141.00609 147.38592 75.24536
240.39964 211.47166 310.50514
45.00943 65.02758 95.54812
0.66566 0.92621 0.92621
183.86963 102.51582 132.95425
211.73307 309.81336 284.13323
121.76379 56.36172 136.38179
116.82824 84.99079 130.89988
19.22686 5.57032 18.06488
212.79991 153.64274 215.47529
351.93872 244.31718 287.11714
100.97402 79.97016 46.96934
192.25677 125.15571 130.38121
0.60133 0.60558 0.15753
297.58175 244.81901 340.03792
98.36070 107.02449 56.86604
227.65962 304.72126 309.52959
116.01636 109.98298 130.43431
1.87555 7.33019 7.27491
47.63638 19.19550 55.33591
45.24715 43.01650 14.43920
158.88311 122.22182 151.66095
61.44938 53.17062 98.55260
0.56156 0.19453 0.64744
296.89683 216.17800 238.84704
243.11061 292.67018 279.77755
101.91287 72.30387 68.51334
42.47951 100.81800 93.24124
53.03285 76.19134 39.02948
29.57282 72.80991 82.78537
206.23276 144.62029 142.72250
103.46561 206.85434 163.70561
47.31006 16.88467 49.41322
0.61025 0.59666 0.16088
42.09010 54.58585 20.54937
18.20861 53.37184 44.76991
107.94557 127.61095 184.36871
38.56274 40.14453 11.92183
12.94236 5.69762 16.84117
145.34903 60.07359 133.19744
17.92114 18.58162 5.28863
58.45842 20.22369 64.34166
153.51206 131.87339 134.67446
0.50474 0.50816 0.13107
138.76102 226.19712 240.49709
146.54638 101.49685 156.17307
12.21251 42.93651 42.41003
4.25869 15.83687 15.85303
218.14057 144.00388 165.39338
13.05918 21.07682 31.90824
102.07810 168.08676 117.43041
10.17118 10.24238 2.64389
73.52273 136.15009 88.79671
0.13274 0.49824 0.50918
77.17840 78.11301 126.25552
29.55273 66.60753 81.64205
15.90477 18.38172 5.66320
77.63910 27.15552 69.36918
232.97236 220.03277 227.15917
153.76036 133.81801 146.40628
184.84950 245.27340 221.31988
245.52424 181.20774 247.21077
185.88429 207.31495 141.05409
0.55368 0.18972 0.64033
123.16222 121.29085 194.03829
161.48055 246.30980 220.96504
78.78526 108.37184 56.02698
112.05978 116.07026 114.03046
207.15318 125.50908 236.00517
102.76582 81.56542 143.37667
54.37284 54.68801 84.85971
7.47036 7.60419 2.03446
136.94588 63.22960 145.49562
0.95448 0.95531 0.29505
101.50721 219.69345 206.87183
253.36135 275.88384 304.77552
196.72176 136.50929 228.83431
32.57646 68.31086 86.82203
111.33505 162.85712 97.45324
20.73066 5.84563 18.89660
17.64669 55.21773 47.90731
102.52859 78.18234 125.85886
197.45059 127.36711 227.27918
0.50139 0.13395 0.49240
65.20194 73.68814 125.14337
95.81095 149.66113 163.06254
2.75884 10.20605 9.72790
321.14784 258.48903 312.86069
46.63325 103.25105 78.40912
107.56430 56.63970 126.41616
47.75053 113.91611 106.17528
251.97512 172.80527 183.71677
226.53842 218.67647 251.98567
0.40839 0.10826 0.41811
4.45485 1.12494 4.44441
71.02917 82.14776 39.61789
80.26883 90.12490 38.30920
102.17739 190.19320 167.11798
8.80430 2.26925 8.77170
40.07647 24.12690 39.84873
88.27634 165.19775 173.66548
159.63485 165.19505 101.78559
138.87511 151.17441 75.06085
0.63125 0.63040 0.16668
168.39051 159.29335 204.56718
43.08978 71.18608 38.89358
227.67919 207.88804 195.93942
97.08368 135.94703 119.75135
41.72987 27.69384 23.91812
218.28743 278.93959 207.48032
93.79541 93.30421 36.68481
79.10663 99.08470 48.03811
36.23402 47.59941 75.44972
0.44193 0.44428 0.11401
170.84341 148.62567 74.71943
75.46413 142.83334 172.29508
167.84510 94.67554 211.42494
224.01483 240.89042 252.06937
158.20554 114.53273 92.62286
53.48505 60.74360 21.06174
51.16291 16.83888 42.44122
229.72411 280.25397 201.56671
300.38024 260.05196 185.48578
0.52547 0.13541 0.52211
225.48707 209.10630 144.94317
211.58516 222.04699 190.63638
63.87271 78.90604 31.73630
177.59769 187.08686 218.02178
19.28056 16.86089 5.80413
192.83068 160.43694 175.94230
176.73743 191.00589 179.02097
133.28615 198.10421 201.94347
229.12829 259.42667 194.67489
0.24633 0.88658 0.87124
86.70967 38.05789 104.24283
124.77091 101.97558 175.02292
179.89079 141.62536 77.76369
128.82329 167.28448 77.36152
201.22816 201.71223 111.91191
77.03173 63.82059 27.63678
112.12909 143.27022 197.74596
28.87907 40.10909 15.36392
103.02018 157.68702 99.58081
1.26751 0.53774 1.47022
65.93006 46.89438 101.21454
55.38583 55.02754 18.39763
77.60447 69.39827 26.94859
111.57095 131.27216 57.90498
254.20071 129.01734 219.55869
212.81382 185.65515 156.91532
16.17652 15.94394 4.30339
66.39123 21.20164 60.52504
96.66471 89.63198 33.27822
1.34669 1.28807 0.50797
53.33877 16.79258 48.53306
49.72325 119.33456 121.41055
44.99220 48.16163 15.32714
197.12338 154.49977 189.03258
103.35141 190.51863 170.82403
160.91824 199.62655 213.22400
169.33819 80.82253 137.30089
78.43042 60.89747 111.14881
87.50759 27.90858 84.74637
1.28811 0.44417 1.13470
269.53651 198.40754 204.73051
50.02750 95.34125 120.32937
308.03293 322.09359 244.42795
189.43338 115.21746 138.81772
42.46333 12.64355 40.76461
109.00120 116.75725 184.89012
68.23423 56.92064 84.49115
165.16366 218.57290 209.01346
110.71026 109.10968 42.74651
0.81482 0.22386 0.79992
26.69104 31.77863 10.74418
152.93594 114.80554 77.43330
34.80880 71.72353 45.26186
115.81182 124.79896 113.01518
163.76852 160.82499 219.99851
69.11570 65.07800 21.60605
7.44542 21.36893 15.99260
115.59077 48.41699 120.26870
5.14213 17.71844 18.33658
0.41554 1.32527 1.33531
203.94140 284.48545 207.30854
56.00278 130.07026 133.73220
53.45953 56.85075 23.78113
221.16556 199.11099 167.63603
258.27742 168.72571 171.57089
101.47729 129.29897 59.24136
60.51757 88.65175 45.43251
130.96963 92.91200 147.43912
146.62530 253.19454 228.44552
0.72644 0.68332 0.19965
20.90088 42.20296 24.80572
57.24389 82.11707 33.95651
260.18932 215.99065 164.13190
190.65970 245.78226 188.64179
161.81199 119.50187 202.24985
53.70928 36.45721 79.42690
1.62823 0.40963 1.62777
28.48605 71.31205 73.96331
89.86966 58.86481 124.71852
0.37714 0.39084 0.10223
174.26487 258.07375 223.54831
65.92493 149.27984 156.25810
64.28476 97.35820 48.39017
22.02734 22.08715 6.11171
239.30809 244.60844 250.91546
25.83380 8.33935 28.10547
42.68634 41.43179 15.19526
203.59673 216.71640 198.72985
86.71303 145.51598 84.47496
0.10501 0.39856 0.40626
246.45802 240.27187 263.42373
163.89540 221.20469 192.45359
29.32966 30.30826 8.50890
12.67000 13.91143 3.94121
119.85538 106.96067 44.48546
113.48248 201.74866 171.73561
32.80858 66.14704 75.59187
252.82828 234.83435 273.55108
70.04660 134.47650 129.24676
0.20578 0.76349 0.74371
140.15210 155.40861 214.42406
219.09135 264.78726 303.16436
140.05209 83.27014 160.42041
356.86233 300.39955 289.28328
96.18758 76.22167 117.42031
7.53201 25.26673 26.06832
123.60805 140.32960 74.08211
143.20891 130.36273 78.98741
187.98949 211.04935 234.84567
0.12357 0.47727 0.46815
1.76394 6.81637 6.68315
65.17484 71.48310 24.26530
118.10513 177.95198 162.67598
90.16129 102.87715 53.24611
114.02539 98.02728 51.91299
180.89441 196.46528 229.16739
30.27881 82.66785 84.17211
138.52216 185.06747 154.24737
45.20729 14.57850 47.67255
0.48201 1.38811 1.14608
3.82074 13.93176 13.25668
61.89220 92.05814 78.96447
21.69805 7.87031 25.02597
123.35310 102.45788 47.71638
25.02295 55.89344 68.13454
254.13743 236.27335 174.96728
237.25912 254.52744 301.67435
19.10785 56.13137 56.18231
200.48132 108.56500 177.83317
0.61807 0.17390 0.56265
162.46503 177.63002 130.18960
66.63675 149.18426 141.90997
131.32569 164.97352 196.13636
31.03162 46.90401 19.60055
43.75868 12.98554 41.89115
55.54090 90.30563 100.87368
23.39322 46.46444 59.12320
222.24956 197.10958 162.70851
179.90171 146.50727 112.28572
0.53661 0.53828 0.13900
141.57934 104.87328 84.72415
214.00319 268.90140 148.92840
111.15275 190.71290 152.03432
147.41443 81.34823 111.90522
195.05264 215.87169 189.01452
88.67056 29.35094 83.10041
238.81223 222.21380 302.26787
94.95085 134.73743 93.93856
84.98947 161.38763 156.03119
0.14130 0.51553 0.53159
18.78156 6.52217 20.86902
109.33540 44.70940 90.07611
35.87556 39.06750 11.98473
69.95853 58.25412 24.12880
75.12861 68.72676 63.30677
80.13821 38.42096 87.95745
108.01775 139.25885 88.75696
133.64892 77.67771 137.58995
178.72240 230.73633 134.73671
0.91466 0.28422 0.80900
151.88027 141.70800 76.64629
39.91495 14.01318 35.51912
152.42055 108.61227 205.92197
146.13383 67.67353 103.60089
103.94446 194.82849 145.13655
112.68703 160.07172 100.24238
134.25655 87.42236 152.54136
35.70901 10.28641 35.53075
123.15333 148.98007 122.77217
0.25737 0.92491 0.92198
146.76372 148.95842 62.42626
179.37933 104.21495 144.86610
27.39967 18.33292 11.69817
23.16791 6.39683 22.71019
2.52144 9.20380 9.50818
5.65742 20.36571 20.24670
23.34622 49.84735 61.22682
155.62944 206.73355 122.65416
9.71846 9.74252 2.52814
0.38059 0.64375 0.28486
250.33007 195.56239 243.04559
211.03360 157.05337 138.99584
106.40783 87.77875 146.02785
5.71378 20.91325 20.72006
86.02164 112.36529 58.74789
218.80218 205.41559 157.72145
192.50962 155.72892 109.00870
277.44121 264.69552 152.03959
224.91841 134.80372 251.02528
0.58778 0.15738 0.57627
51.24067 133.75032 122.78117
53.16802 99.12052 106.45282
172.09552 100.33389 170.29220
282.68294 289.68317 225.92991
173.73129 255.76519 222.15013
143.77612 115.35204 161.86617
4.79814 15.87186 14.13674
36.87073 105.60605 92.42292
48.93538 31.61167 72.45438
0.53328 0.15333 0.56557
36.80084 10.23959 35.74445
64.56493 120.88815 73.48208
47.28843 56.75607 83.96575
91.62554 80.83852 30.71279
100.68051 47.15931 109.13852
205.46909 182.73182 278.88458
1.39137 5.16368 5.22427
211.49696 154.33309 255.46655
178.94577 204.84949 168.22686
0.64067 0.17183 0.65166
165.45738 213.09073 234.17787
23.74215 23.03812 6.57666
110.70666 202.35825 209.23116
134.98831 96.22562 63.69597
34.60529 96.15334 92.95356
2.52084 9.77879 9.77496
57.08088 100.78862 119.91193
175.31455 203.88389 158.95121
1.01346 3.97307 3.94132
0.35061 1.15136 1.14802
14.67188 11.33170 5.00772
31.54031 32.81039 9.24820
177.38671 198.57052 90.46082
324.30831 283.60766 302.30138
58.35433 149.33560 149.23913
44.68032 16.71854 40.19316
50.27622 113.82242 104.04176
66.01813 21.29751 63.75547
98.16687 153.99961 180.91179
0.36436 0.25056 0.13438
35.13837 67.38572 37.03864
65.99088 54.53696 24.91259
189.81871 248.39391 190.85669
57.26207 49.41576 18.61391
63.70065 19.16908 62.70992
9.57907 2.65213 9.93855
20.68814 5.45792 20.52035
191.88375 174.04309 88.66604
117.33351 74.12788 61.83760
0.27975 0.96518 0.92896
24.63486 6.77443 24.00842
291.69800 277.05730 239.96545
189.36671 251.77473 210.16313
160.58606 271.04610 211.18287
13.58000 46.95723 46.58948
48.08829 110.55445 85.66173
92.71753 81.51264 34.11121
122.66270 50.34904 122.14113
18.80048 19.05978 5.07933
0.66044 0.17393 0.65664
21.49078 56.46465 59.41003
5.28930 1.40953 5.39479
5.70487 20.33903 19.28715
61.35104 22.72272 66.34364
152.35591 240.87171 253.25320
143.55751 107.00934 70.23450
305.01292 295.46906 285.33848
85.99062 171.84932 155.96796
81.62640 35.18986 89.62435
0.67678 0.20760 0.73009
119.19109 188.36338 198.49280
7.67976 1.98182 7.57147
193.55501 169.20042 147.44010
168.48602 92.76925 103.92349
101.49890 66.07080 96.21282
156.82595 259.72005 259.40065
9.03717 30.56433 32.01968
308.91767 336.27011 344.59681
69.11448 95.32434 127.19588
0.17624 0.66130 0.67034
35.19653 72.67953 83.91745
50.26238 50.72590 15.00628
106.46988 80.13948 118.40054
206.74652 186.00437 190.98753
65.06405 108.33874 58.36323
106.35847 110.92972 129.56513
178.21277 149.69537 185.02438
119.85856 191.61155 119.85652
293.40802 240.17278 275.46469
0.21136 0.78207 0.78976
75.40608 37.84562 83.65298
122.54493 154.95774 197.52307
184.51771 100.12819 181.49519
173.21043 259.93802 279.63991
172.24064 201.35684 205.49170
266.10975 222.12681 314.62441
91.87818 57.43685 67.97438
62.54230 90.46827 125.83840
74.28026 113.67320 63.55057
0.44527 0.48196 0.13243
98.49339 54.02582 129.03175
91.38440 39.58932 104.10005
141.85505 128.49189 130.76435
115.05614 195.10247 136.38576
220.60917 210.08442 200.76273
247.99897 290.56318 317.47246
202.60166 166.33720 160.08924
71.54633 128.58841 154.56389
119.43201 54.09378 107.10917
0.10646 0.37425 0.33205
100.63841 152.83356 103.08973
187.80623 190.10930 200.57540
79.15126 148.61599 123.78035
164.30785 221.51281 136.80151
110.85646 160.93479 180.54287
128.30674 113.05360 81.92720
66.14051 34.39903 84.96219
43.68290 101.29252 94.09690
15.96150 38.51377 47.15720
0.11240 0.43716 0.43633
125.88024 112.39967 190.62041
140.84889 158.73784 68.90696
180.44461 115.50780 115.53189
21.52544 54.29216 42.15064
28.57428 64.95576 55.13252
102.59913 85.68362 138.54721
2.06062 7.95580 8.03449
38.47647 23.53936 23.56584
120.24751 67.26104 77.82929
0.62257 0.62210 0.16318
115.31105 163.08355 185.05621
151.81716 136.96864 62.71593
23.37955 6.44571 23.70372
50.30401 14.83924 48.93783
126.97580 60.74515 94.61155
14.37402 4.29599 15.30751
115.40667 168.57836 93.69346
218.43904 189.69677 199.94429
242.38829 231.26796 195.85339
0.50256 0.49614 0.13005
27.12365 64.13079 68.54014
88.38608 31.58252 87.35988
34.95763 10.80440 32.47072
166.86361 231.85665 194.87976
137.40288 229.17174 163.46218
41.26615 16.01811 28.50246
149.94002 250.21342 169.31473
192.91017 104.70904 194.01857
91.05954 158.98219 112.05907
0.87966 0.86101 0.24564
219.03676 236.95375 284.57146
120.12360 99.56229 146.57990
129.69526 63.82772 132.00523
253.46503 239.96307 146.06359
152.26649 239.75486 161.92586
19.82544 42.83674 55.58092
280.47660 268.03502 286.52220
135.15553 173.38745 219.91282
136.15251 139.30877 127.39374
0.46950 0.47712 0.12556
9.54398 9.55513 2.64120
47.40161 57.38987 96.60136
211.60441 188.96793 111.13180
159.38758 156.88574 88.10584
103.16559 94.84893 99.49322
23.36621 32.84237 12.13925
6.56910 23.66697 23.09399
59.64677 17.67122 59.04399
89.76531 164.48361 173.42760
0.50124 0.12931 0.49540
15.95818 46.24117 46.42868
27.93757 7.72427 28.22445
126.69578 54.80302 127.53464
37.36397 49.43214 18.91999
196.52912 218.02052 113.32043
126.16227 93.16977 72.35750
89.68722 144.22722 131.23187
165.96360 121.86521 180.85307
163.34186 69.00663 142.80235
0.10823 0.26834 0.33945
213.46651 239.32074 175.57574
208.41505 105.35670 193.79519
180.35285 214.48528 265.18885
209.43520 199.29664 92.66850
19.27088 51.64913 52.42618
211.79706 251.69794 203.29536
132.69401 63.52225 150.96507
101.69650 144.38377 194.04218
80.21672 57.18688 46.02318
0.43259 0.11980 0.45197
161.21818 124.53746 180.21294
67.74725 58.90397 22.78264
127.60092 62.91205 85.54082
55.94235 18.91625 49.27090
234.39202 167.66360 235.49915
156.33156 90.38737 96.03008
64.75263 45.31450 42.89349
220.41470 228.52183 254.79939
208.73967 232.91086 157.25625
0.19314 0.57157 0.43157
2.81982 0.71633 2.80771
238.20988 230.05313 116.02873
184.41495 185.48592 159.63256
161.17378 92.60826 168.74342
168.78952 170.13993 181.77275
153.80567 110.23228 105.57009
235.13638 133.30809 194.87617
122.61024 135.34014 198.33709
133.49548 76.21350 134.26866
0.18590 0.44230 0.56155
155.92058 147.07356 90.88930
180.04508 86.63546 145.52866
163.01757 98.86889 141.15556
176.80982 240.73108 148.89740
184.02008 129.82199 130.70177
170.12998 130.15756 145.79969
143.77849 165.85011 88.61747
76.93347 80.10209 30.14876
107.01430 70.15713 50.14396
0.10275 0.39538 0.38483
51.36920 57.58403 60.00152
29.54609 34.57738 53.72406
70.59705 65.44000 27.64408
102.92759 45.85646 72.97989
287.00782 197.67987 312.56581
95.79932 88.62262 35.48629
11.23700 37.68244 34.30127
45.48824 105.90916 119.34376
142.52249 208.56678 190.38670
0.43964 0.11846 0.41604
5.94231 5.88643 1.52221
317.71524 368.46556 301.08236
194.23259 119.65844 197.16782
107.65188 199.11374 140.38815
231.11167 186.66614 189.17545
122.54693 76.65527 66.90283
71.75865 86.14251 32.84056
168.74729 120.02273 200.71245
160.49303 111.76934 136.21852
0.39419 0.40957 0.10831
38.53664 14.58964 37.32975
216.72550 242.42232 187.06147
113.50152 173.76805 165.28335
284.16882 226.31072 267.32455
181.88582 264.97290 216.85702
41.08751 49.43004 47.95187
17.02311 46.63997 52.39919
98.80788 83.85684 87.34270
169.93001 154.62343 169.06791
0.10947 0.42631 0.42043
4.67939 4.49684 1.23187
76.98072 61.96885 47.42762
223.56034 148.67284 189.48075
5.29096 14.41210 17.02447
209.19618 217.23494 150.52407
51.93750 54.07672 20.54976
95.20696 101.88854 124.07828
104.01348 38.43436 94.61643
10.08837 10.55917 2.87788
0.27870 0.91385 0.93561
310.67243 248.22676 265.03720
111.08677 168.30355 90.58567
79.58013 121.08355 80.46774
95.31307 125.98843 160.76960
77.01556 105.39647 75.12524
72.07111 78.76749 30.15249
74.19037 109.38223 127.81373
53.58935 96.27062 89.10116
14.69866 41.44525 34.25347
0.43386 0.39315 0.12165
257.06773 266.38920 287.30774
71.32469 137.07653 104.67516
69.98609 91.79513 136.38674
172.57539 217.94340 218.32631
69.83647 43.68791 97.24296
299.25382 251.93853 269.78018
112.36650 84.78006 130.73382
22.10956 54.78436 57.49734
5.24850 5.20797 1.33773
0.49301 0.25574 0.24177
49.98740 24.88291 52.60317
24.84964 60.17038 70.26078
20.54946 44.78287 51.97234
89.46934 86.19961 33.88519
110.70184 95.49965 119.40438
238.97590 172.88999 178.81178
140.88026 69.02540 148.70361
115.90233 122.29938 172.68978
87.84145 74.43911 32.67557
0.53108 0.14137 0.53964
115.59510 185.27417 187.89346
175.41371 131.37471 140.94692
10.32709 20.66565 28.30953
76.42328 120.01015 63.81400
181.04965 201.99117 160.37871
160.62316 142.98545 214.15602
191.60352 188.07815 161.55762
77.92957 96.45312 143.22380
214.10609 170.86351 145.18333
0.49548 0.48702 0.12942
98.54500 56.74991 57.62118
85.86077 87.32286 147.50588
212.09583 170.67654 194.19297
26.76232 29.98399 8.99072
90.12280 44.26435 78.59928
22.90593 54.75851 49.34825
134.62536 200.50529 191.92684
167.68122 166.84015 161.82774
266.01329 280.82852 251.60353
0.10413 0.30527 0.22489
90.46336 32.40626 92.75404
169.25475 258.51112 171.05357
121.97714 215.10263 174.49639
59.70474 18.45449 58.61967
147.54897 189.93162 90.10889
14.02550 3.70710 13.89152
11.72762 13.27826 4.04386
189.75556 123.74198 135.85009
255.91959 157.83033 244.62545
0.57728 1.60803 1.42097
273.45187 315.65139 246.01254
265.61853 312.93000 329.50359
9.09034 2.50081 8.76163
275.16679 266.47562 237.78085
304.62433 250.28563 250.26385
77.68460 83.45365 28.01325
137.24564 89.53350 110.24005
77.62500 54.84775 104.60308
165.91351 151.33029 162.15954
0.50804 0.50289 0.13265
231.49917 238.72078 214.78371
296.09829 230.67377 218.07614
26.35995 7.62504 25.16930
153.83376 113.40248 167.50582
131.11844 73.68708 133.96442
238.22297 195.01695 201.55282
90.37978 117.75124 73.32143
212.89879 148.46913 250.86773
125.70140 175.90624 145.85964
0.59643 0.15999 0.60283
81.43103 65.36927 107.12903
135.37098 209.80755 142.59883
188.58627 208.72048 93.63859
32.47770 51.75623 23.78617
248.80018 177.29818 249.73917
139.20169 166.75506 70.79497
207.77402 176.79204 122.52683
160.46745 170.54428 192.09336
66.39705 42.66867 29.82666
0.41689 0.41299 0.10772
24.84558 42.58118 59.63271
14.29010 3.88010 14.54472
131.10034 88.87480 131.18224
29.86714 83.18179 77.39499
119.66393 104.75604 73.53137
49.31646 48.52612 15.68073
92.18182 175.44895 160.95960
147.00517 191.89015 127.01587
82.16533 111.55893 71.41076
0.62627 0.19825 0.50662
29.73400 29.94277 8.19977
94.11160 137.69823 109.93534
152.64192 154.40726 191.90538
159.71104 82.35881 127.91612
215.80879 161.03987 141.70426
10.00553 35.51868 34.03558
21.36229 6.28943 19.23618
13.56875 43.34598 45.62489
48.93028 92.03943 51.95912
0.18870 0.70659 0.69133
43.52240 74.44817 38.73799
175.20845 125.12835 88.83889
191.66444 188.76494 154.53002
64.50272 102.02971 135.66281
108.27628 153.81445 195.85498
93.39559 33.93765 86.57575
65.21975 142.45723 111.94920
196.20737 147.66988 116.18416
248.50037 209.55055 147.78156
0.42993 0.11174 0.43256
108.26217 140.75011 144.06931
208.29859 195.04488 158.67477
329.63771 296.01765 336.35442
54.82141 40.84715 86.32687
99.37037 214.93251 192.92257
24.96164 72.85912 65.96927
202.66587 134.25073 170.42941
93.79469 84.15483 77.58682
38.92467 49.83439 17.69082
0.40905 0.40884 0.10418
236.07253 230.63347 264.34048
213.02076 228.43349 220.43119
277.99392 234.30600 194.58003
173.80771 222.12134 231.61174
110.72695 105.12428 50.05013
55.94755 106.24108 67.81575
22.61361 16.75850 35.47641
125.60494 172.04451 123.23581
106.61679 89.56588 47.04983
0.11743 0.45747 0.45922
10.94818 11.14116 3.32135
127.52791 108.78069 50.06778
81.07259 100.22590 77.09867
101.96371 78.88570 82.51343
37.68320 12.65781 33.46236
180.44784 195.87777 159.19076
253.36736 202.84999 193.24522
157.14287 164.73730 77.98407
16.92541 50.99630 47.66266
0.65520 0.18480 0.61747
105.72900 99.63233 119.30980
243.93499 240.75237 189.11131
64.41284 25.96963 74.64224
12.88548 18.60037 29.89236
254.27141 308.19633 269.83056
3.68832 13.19554 13.35578
114.43930 50.99097 129.63950
206.23048 209.17424 112.75209
51.56643 15.32291 50.43451
0.97230 0.98999 0.27660
109.28074 105.22024 43.06978
209.68801 190.29129 150.89963
60.38120 128.30184 86.66862
118.53596 108.23102 82.31209
63.14787 31.43625 78.02041
86.33762 97.80074 139.24777
51.16088 67.54281 91.69290
188.52010 146.71635 98.01105
147.02040 204.13730 135.29277
0.39795 0.39636 0.10128
16.28867 4.75859 14.50471
53.31166 68.76039 61.22083
18.02890 55.57480 52.82998
222.78297 238.02197 257.99359
157.96790 97.44697 137.84870
226.60306 161.76104 201.70416
79.62232 108.01598 50.78192
22.31253 21.66454 6.02076
129.93666 62.63394 151.09364
1.19971 0.38527 1.17512
120.76568 209.39772 154.45105
189.99425 219.10593 138.40944
60.90470 90.14150 40.12547
101.76933 47.96973 70.16604
61.82395 22.02269 47.92153
78.03087 85.87550 34.02614
76.78624 155.96842 137.51568
30.89816 8.57773 31.25983
105.04083 174.13504 128.86566
0.58069 0.59005 0.15737
10.22973 4.78492 13.63605
153.51677 67.66317 149.14544
189.07839 252.53319 206.16653
298.12006 302.39215 297.13352
39.71269 55.09955 22.73288
42.89554 72.92617 91.33736
56.80938 58.88706 20.91748
119.69291 122.41229 136.83181
54.83491 60.42141 19.77208
0.43287 0.43169 0.11051
5.08076 17.63678 15.79002
174.02514 283.02627 221.37383
85.36581 50.32837 50.82302
271.17637 243.34416 255.29258
31.88541 92.94435 84.38219
48.34581 124.79223 125.23923
37.10762 74.19276 87.28674
49.08347 61.03415 22.14972
214.85127 196.51080 158.28959
1.04386 1.01777 1.66495
22.42802 65.01742 64.11918
300.65997 305.76726 262.21421
271.02498 205.30503 269.67635
101.52464 46.88828 114.31476
150.26981 103.25032 115.63571
53.53565 41.20307 19.27163
122.26128 218.17767 187.88796
77.34264 107.27908 85.51240
122.88822 74.62331 70.70286
0.40005 0.40073 0.10245
231.25559 251.59061 154.13831
12.20889 41.44946 42.69833
22.75027 56.13861 46.73802
222.17003 148.11422 239.25800
337.25699 320.23193 242.08639
189.16223 186.85738 84.96881
248.21029 150.12627 221.77619
167.06332 101.21558 112.45671
100.71365 174.23682 141.37026
0.51876 0.13362 0.51811
20.25421 22.25904 38.24158
83.14682 125.67543 156.61242
147.77090 181.77914 233.80923
26.12527 26.47238 7.33063
166.26434 191.81094 132.15346
41.00562 44.25145 13.13377
54.64790 109.87034 85.43295
75.47259 24.42930 78.95553
29.52448 71.04791 79.85774
0.41347 0.10655 0.40815
100.82422 186.57999 198.06779
69.04373 49.02573 106.02245
191.18133 281.16190 307.72375
168.72749 88.05029 192.98306
208.48148 147.15137 209.70226
7.11993 1.83892 7.17930
145.90149 88.95518 137.99098
162.04735 212.57660 170.62585
67.00645 74.05109 29.48670
0.15587 0.57089 0.53506
30.75506 8.99791 29.40173
54.13489 113.40808 106.47115
53.50144 132.99810 116.84455
216.52374 162.07525 127.34123
10.17144 8.09054 3.27680
130.08052 104.35590 96.98282
149.71275 183.61127 103.82944
118.25052 129.03580 56.81557
92.72167 51.25786 75.58865
0.50049 0.49222 0.12960
113.37123 148.79253 153.36588
79.88820 55.72141 34.54371
138.97391 180.56198 110.58322
68.17174 61.58267 23.68636
39.53867 99.30242 73.90677
29.27961 83.87446 81.62112
226.97513 244.64445 201.62663
114.13722 196.58717 169.48835
180.81096 170.04671 220.30593
0.16150 0.57766 0.60292
65.23321 49.91212 24.50062
82.35357 40.21255 101.20264
12.73376 12.03413 3.46128
102.20837 179.33143 135.52565
293.14042 287.68557 351.29133
155.66313 180.87069 211.30300
31.80463 75.64184 89.59227
252.35837 254.27083 209.76273
154.54493 176.32015 169.29094
0.44935 0.45475 0.11896
91.64985 84.81518 32.54001
22.45933 19.93300 6.74816
271.30224 170.04156 212.29461
8.63195 31.14216 30.69370
15.39012 46.98629 50.24473
158.87813 211.93350 258.13096
56.70567 120.39998 129.52529
62.99090 54.80130 24.55829
140.23154 75.61993 149.77241
0.12661 0.48873 0.49267
28.76953 27.88043 8.49816
97.96222 94.73636 87.42357
4.32664 16.49099 16.19653
108.94930 109.76896 47.24970
243.64939 194.63258 140.64632
118.96936 90.30653 117.54178
130.14628 86.64961 117.89937
4.21071 1.07954 4.21639
100.39986 110.76362 167.75045
0.88061 1.21566 0.48342
48.76184 48.51642 16.46683
116.90510 75.30441 72.11457
138.21999 91.78554 76.57064
110.35004 106.88721 54.98389
85.03653 51.45261 47.37314
201.77246 269.81190 189.77215
16.55184 43.37967 48.26390
126.35462 122.26415 50.01137
57.87171 66.51794 23.34174
0.38884 0.10527 0.40042
164.28444 180.69925 104.14549
145.32445 219.87091 124.03538
182.41959 229.45409 215.94717
90.78978 102.80510 123.52294
53.67370 28.75558 56.43776
16.56697 37.90854 48.11987
56.28981 91.98989 75.47230
298.47767 255.02035 222.65751
311.98968 315.80244 314.24098
0.64575 0.63542 0.16964
202.68806 157.64025 116.97092
85.78172 85.76919 102.34395
13.54956 12.69986 3.70124
184.63682 133.53291 135.97704
264.56277 340.47458 346.39940
43.28795 96.37686 64.39596
134.80221 123.65666 108.56359
160.33920 176.46230 190.48463
214.40408 180.48643 200.71509
0.59942 0.64260 0.17996
1.72260 0.54572 1.36524
21.30278 30.17066 11.46677
33.15234 9.69272 34.02155
77.54733 51.78520 38.16717
4.46303 4.49167 1.14203
176.56867 144.57863 119.96903
179.29585 213.51079 104.05881
6.69693 20.19091 22.09709
99.08783 105.27684 168.69953
0.46625 0.46631 0.11970
4.96412 5.05821 1.30424
271.54227 266.53543 180.96460
34.06153 69.64644 74.21121
225.52490 235.83067 148.41139
27.19816 81.05430 76.48455
186.95325 180.48693 146.95891
77.08583 119.11492 146.24178
24.36894 70.82647 68.83376
97.68285 71.58274 143.48524
0.56703 0.15049 0.55581
90.79427 77.89532 45.91669
121.00837 85.41900 102.53171
114.99137 46.05867 113.76595
49.74804 100.34069 122.79310
301.49240 320.66557 346.77513
16.10117 43.33343 46.22437
189.64656 187.88495 154.95634
34.80791 88.50579 90.09665
152.95805 105.62158 144.80705
0.37827 0.10315 0.35378
31.37729 77.96068 68.71251
204.91140 102.27878 177.82550
184.99417 249.46794 286.59949
101.78114 37.27416 98.94879
146.47130 159.23275 208.13889
91.74871 86.74567 119.09964
62.45195 24.75096 71.87501
6.11525 1.65948 6.30093
70.59509 90.39235 43.24129
1.17646 0.36198 1.21748
152.79385 135.40322 65.83278
92.61197 93.47912 113.26474
201.50240 216.03238 130.24146
44.63584 41.17834 14.59821
198.56078 299.06983 251.48571
7.24687 24.02301 25.32187
115.81477 103.45397 41.35028
190.49926 165.04458 239.50114
161.53837 139.60907 206.93001
0.10264 0.39638 0.38956
44.94167 25.16609 62.74904
57.91807 134.11579 140.66455
326.73622 304.39686 267.70035
137.51777 65.40922 99.36998
52.73625 128.05573 110.48325
37.41161 109.60827 108.92181
162.08702 130.39153 113.64239
178.01747 115.32546 183.73538
61.41087 63.18541 27.77445
0.36718 0.10352 0.32848
39.54334 38.74937 11.83110
18.36539 12.98302 28.40414
138.79575 162.76839 99.09870
36.73932 10.56470 35.48452
66.01721 24.58765 52.58363
39.20316 80.19886 101.55284
128.59300 123.89790 92.01179
150.52084 204.19413 140.57227
69.19081 81.39234 31.84290
0.87382 0.27636 0.94701
19.51135 51.42109 37.19479
248.30342 234.60836 273.22912
9.70104 33.77935 33.00967
196.07578 195.06111 123.17453
171.27812 149.65402 90.10230
230.94629 272.01853 224.49617
4.25219 1.15709 4.00657
34.11234 82.33961 71.16800
6.27524 1.63299 6.12119
0.96421 0.27978 0.97473
84.06772 95.44309 47.94081
152.02249 178.64404 102.19000
76.67528 66.66135 120.83911
184.22407 308.81088 304.11090
47.98097 40.87076 17.11642
6.58812 22.09959 20.73815
77.50981 39.12914 88.26775
33.75795 42.06724 27.25074
37.25807 10.76320 34.36995
0.42511 0.37232 0.12407
150.07120 215.61033 120.24913
136.93666 201.69817 136.67843
214.43395 252.99535 266.87454
17.77903 55.48271 49.39952
122.41850 76.81412 62.14508
103.00845 57.22792 129.84580
35.80139 40.60020 70.26979
284.27812 279.81618 283.46146
162.10995 141.93010 109.35595
0.26666 0.16804 0.41912
84.69080 33.98452 95.16204
1.07465 1.07140 0.27038
40.52251 100.35033 106.20966
254.58615 279.02543 228.74103
27.28346 25.38913 49.27740
154.55759 209.64442 182.94755
43.14322 87.10320 84.86448
225.01102 147.16317 187.62129
27.81251 30.25904 51.94522
1.96324 1.22397 1.10570
158.62742 152.67767 119.24936
224.18148 218.75154 276.00233
251.94850 251.86205 266.52787
12.53178 39.54264 33.40493
220.89770 157.59489 147.72241
180.06522 261.95442 228.85860
134.19817 164.61613 211.12107
16.31439 52.02362 50.80975
17.60709 17.73655 4.82908
0.77886 0.27980 0.72793
182.83686 105.76920 189.67294
25.24641 59.93387 39.94483
248.72076 219.20638 183.08393
10.34162 10.22793 2.68245
92.25145 120.42063 140.16886
56.01218 21.13100 64.27005
140.50535 72.06493 108.29945
26.57849 50.53551 27.82656
82.73990 67.32712 30.33792
0.10267 0.40232 0.40205
29.49806 7.99246 28.68550
183.36555 268.61394 290.54042
176.27088 217.84644 137.94564
22.61438 20.68719 6.53419
112.02374 50.74958 86.12037
135.55032 88.75051 174.03633
83.49848 47.26404 41.49971
21.86619 6.03852 21.54335
76.49801 47.20902 59.78559
0.93534 0.59214 0.41739
31.47329 53.81167 70.86241
165.61474 123.43064 146.95839
98.63911 113.83521 95.32903
249.21336 238.18619 178.23144
36.79810 10.73444 36.82009
138.78994 146.34865 123.86850
23.94678 7.26349 21.42396
159.88282 124.90009 176.22998
95.17891 42.62425 107.07274
0.42858 0.43448 0.11217
98.65631 104.33359 113.21206
50.48140 17.83356 55.16467
17.02503 33.98455 33.69541
45.72168 95.18093 113.28067
17.83256 11.73401 7.04414
182.69484 90.18650 136.19946
61.43869 58.43335 20.91841
165.24372 117.87841 126.35577
163.52426 256.51164 232.93220
0.21322 0.59701 0.68035
144.56579 59.75428 113.88803
155.66106 196.93397 190.02919
166.50211 183.61000 149.79544
116.40672 69.18797 144.45292
85.96765 51.36847 114.58804
17.39194 54.98998 54.69928
78.59491 67.38722 116.08586
90.31100 52.42184 47.47981
82.32248 167.93982 161.49551
0.11108 0.43184 0.42758
36.33688 96.06519 88.78062
91.12631 83.49088 35.19676
169.52700 238.05092 264.68370
117.44719 85.60841 89.75470
34.38883 32.92362 9.72850
17.50531 5.63580 19.14279
207.54624 109.65298 204.26106
8.35546 28.32683 26.47239
97.29911 39.71745 93.73149
0.43134 0.40368 0.11659
134.13595 114.10107 149.11485
145.98478 134.42747 58.63600
132.70039 56.24740 109.52053
28.76153 8.36316 28.27931
185.61984 122.37282 129.88818
5.26533 19.69700 19.83883
2.88036 0.74679 2.82679
290.06430 185.90437 294.03942
166.98472 197.78027 100.74513
0.52124 0.81858 1.21074
222.91358 254.31109 162.35143
26.93972 56.70491 63.15550
35.89542 42.49415 19.66673
69.57167 138.16420 89.93233
0.70334 2.77303 2.75064
131.38851 51.83687 112.61192
50.67710 19.40463 38.60083
43.96113 111.88844 106.53534
63.80838 101.64804 89.01810
1.03807 0.29496 1.00839
8.69646 30.91244 29.73807
52.41112 129.14234 106.19069
107.07083 183.93871 131.90231
29.93201 62.85657 53.88755
94.17937 164.82988 103.49064
161.85182 146.17264 118.34389
41.68989 82.37260 100.75099
70.16036 57.42247 26.66001
7.31570 22.22511 24.93447
0.75209 0.21527 0.68094
136.74661 157.60659 116.38484
66.02426 21.58880 62.57072
85.04500 68.50765 30.85735
17.56516 5.38647 18.28490
32.54006 94.31041 80.69410
245.43747 284.76861 194.38334
102.26795 96.21723 37.85427
149.36760 166.14191 79.15730
106.13117 51.51157 69.63963
0.57682 0.15196 0.58101
63.43171 78.77441 30.91036
172.83618 151.02280 232.16860
238.18461 303.19894 262.61987
86.80309 91.31622 34.13161
157.94574 178.74437 221.24000
88.20645 113.87670 48.00708
4.72788 4.69969 1.20544
16.41527 46.62432 51.46659
169.00759 100.95447 116.52122
0.59037 0.65036 0.18412
74.15063 93.08990 41.79584
36.25601 80.84480 90.68169
71.27916 116.31395 112.98202
230.87030 278.89663 198.84978
117.47407 114.55477 176.17795
210.27293 299.67704 281.53889
94.07795 40.45756 112.94624
51.76050 94.56618 77.83395
313.03882 289.47222 316.62091
0.11499 0.43301 0.44059
8.83087 8.60442 2.39696
9.40948 9.14256 2.54601
16.08653 4.98319 13.70627
239.82078 152.73618 216.45472
160.95063 258.76074 246.10466
16.91448 4.58615 17.19201
48.21379 48.40664 14.44083
5.49338 18.93901 19.86348
92.10563 65.53661 39.07811
0.40509 0.40065 0.10373
200.65310 156.93775 146.81072
162.33262 96.31094 164.47308
21.91091 57.38892 44.60557
179.85105 168.77243 161.18227
26.11797 67.14177 72.68019
85.93306 159.92408 100.34073
118.95294 158.66171 123.94012
250.33860 244.66057 175.82286
262.93463 288.79798 196.15545
0.19189 0.51568 0.62137
86.75865 45.51375 49.22733
7.18686 22.61291 22.00471
43.08345 18.70767 48.42639
114.21449 109.78057 165.80512
39.13508 32.23368 58.57479
143.86062 53.15492 135.43650
41.97204 45.33921 13.58634
205.53853 137.84070 173.23534
55.00983 76.04801 39.73177
0.74044 0.74970 0.20005
76.37168 68.19849 27.28921
17.50775 52.43558 54.49066
5.05259 9.96461 13.97809
195.34400 183.89980 207.35469
102.27850 159.15260 118.44340
187.37936 93.26275 171.57163
142.95005 112.20427 121.52771
55.14339 131.20044 128.07657
237.99874 166.43044 220.85005
0.42841 0.42525 0.11050
64.19755 60.47122 22.59730
37.73368 80.74787 94.30815
132.18665 119.56705 50.03960
84.79527 141.51907 158.21815
23.44121 25.03979 7.65724
113.21731 112.48021 58.50706
103.53077 169.47133 127.39514
47.92146 113.51689 92.51103
108.49915 122.65216 162.31082
1.12784 0.36258 1.16821
106.82685 65.48384 103.95839
204.33266 212.58764 188.61606
139.17389 182.05718 230.62321
104.52680 46.98630 120.34501
155.16263 168.71751 112.07226
2.74378 10.36669 10.29217
107.77339 138.21828 185.15541
139.50646 79.13113 135.35360
290.57471 288.94044 327.49188
0.12256 0.47229 0.47329
93.00702 92.92658 33.93615
166.97989 181.06153 165.44706
128.34907 179.28111 134.53910
133.06962 198.33765 214.64040
78.67873 162.57602 161.03091
97.48918 112.70494 67.03709
3.58828 0.95210 3.60550
145.03114 100.39368 82.54465
37.96010 75.65982 90.27018
0.11799 0.45034 0.45184
17.13288 18.34455 5.03832
179.69260 142.07620 92.73319
52.10688 118.07797 135.36618
272.81907 160.83374 249.14982
108.74833 40.23783 108.15132
51.88023 19.36065 46.57984
44.66513 13.10652 43.00426
98.78715 128.76122 158.01069
28.37176 60.57645 69.41592
0.55585 0.14622 0.56221
64.38937 108.14102 125.17610
43.41539 13.98160 38.12942
95.46738 153.75137 186.43970
111.07290 60.53136 85.33541
175.43236 269.12695 201.07517
2.24749 8.70162 8.73353
92.69729 116.95982 173.00078
4.25747 1.14459 4.04529
2.66642 8.51854 7.35438
0.47562 0.47798 0.12260
148.53436 226.89469 213.55786
34.83279 94.84391 80.07227
215.45855 164.61676 225.98235
61.86607 99.58800 134.94318
65.85288 125.53975 116.00711
279.20099 313.83335 282.49797
161.38214 122.22263 123.70290
224.84777 178.20626 175.81675
39.39367 93.98343 90.74320
1.11493 1.14903 0.36069
48.60920 63.35840 31.24555
126.70458 146.74680 156.31128
18.86194 48.35322 37.75677
99.85699 59.06518 69.84518
160.36542 75.90910 154.23694
255.58266 271.41692 178.74035
72.66431 145.71923 102.95271
39.54550 14.09831 35.16470
90.28121 153.16896 183.41467
0.53792 0.55933 0.15229
