0 0 1 0 0 1
0 0 999 1 -999 1
999 999 -999 -998 -998 -999
-999 -999 999 -999 0 731
-999 -999 999 -464 -464 999
979 -436 -955 -337 157 -439
-429 595 -276 -824 472 -996
293 790 -703 992 -660 -900
-692 -547 -190 -641 923 -551
791 812 892 790 882 793
-980 373 -575 -887 439 119
204 -858 491 -774 -291 -151
285 237 -777 -203 -644 -865
-234 -71 533 735 -450 -190
511 -699 -825 -351 97 -923
-827 -740 -390 -790 617 846
-755 61 826 54 11 338
428 185 -940 -489 -645 -791
751 -970 119 -639 -688 -264
343 656 341 653 415 716
7 -917 -818 351 -761 -117
655 -222 962 641 -534 70
62 451 -646 403 614 -630
-181 673 -901 -840 399 587
145 197 -198 -504 435 685
0 -798 216 -597 888 659
-226 244 -842 -506 182 -92
357 -817 182 -342 70 -695
632 -326 644 404 555 -303
-465 633 -508 721 -496 694
959 568 528 -677 822 -872
138 693 -985 -607 701 -27
890 688 259 906 -289 218
548 -687 613 370 -560 -945
628 -466 556 435 212 665
956 84 -576 -650 -602 -801
395 -712 959 -346 -733 -256
-41 -898 242 -606 387 -19
269 768 -450 -912 160 32
-556 224 -546 154 -553 212
-588 702 669 69 882 61
-419 -931 395 768 -670 -32
691 -845 -340 623 -89 198
-958 884 -804 614 301 -360
133 -219 420 -7 -337 -446
-268 415 134 -10 722 -294
864 698 790 731 129 -171
640 -64 399 -223 641 -644
876 653 -336 -660 518 -638
-475 -782 -467 -805 -475 -779
-603 293 587 242 728 576
-188 -817 -574 -80 -869 -438
852 203 -927 639 -72 -522
-836 145 83 -569 376 -100
-638 794 443 -189 151 368
-986 296 7 -59 846 243
411 -235 113 -273 -76 -811
-526 -359 193 908 -944 862
269 -942 792 650 -648 -529
-296 302 -360 369 -302 307
380 76 618 771 -476 -44
21 -996 658 357 -942 -389
564 370 -559 17 -554 -867
311 176 502 213 845 605
-540 284 95 254 315 408
729 -59 775 136 -301 -176
-419 482 736 -299 -266 605
417 770 -164 -807 397 520
370 -62 535 228 -346 569
-882 -660 -948 -718 -846 -630
-623 507 -27 935 -949 670
-476 -180 427 -250 189 52
561 -958 785 612 110 365
-101 600 -277 595 -254 319
-444 -58 -542 -236 731 -121
-601 845 612 -816 457 -278
-812 840 38 -411 576 487
-841 -628 155 -23 690 716
-274 812 -302 325 388 464
-856 -14 -908 -81 -900 -72
977 -359 52 410 -625 239
403 877 -643 626 -226 -414
302 -17 992 -214 357 304
300 492 -61 -352 517 -213
-917 -280 659 210 -594 736
738 693 198 558 -245 -892
564 459 -937 -64 898 -614
-403 791 -723 318 -29 -884
578 -35 812 482 50 892
-42 135 -72 185 -58 159
641 880 282 -21 877 -524
867 -284 -47 -614 853 -419
-21 -302 771 662 -949 -197
-129 -21 987 812 -862 702
366 -604 972 66 784 921
-926 -91 -755 -427 -797 736
-776 -301 -170 -403 793 904
-532 -320 -237 -667 -303 346
-92 18 -888 973 -850 -961
-56 -168 -37 -122 -48 -145
502 -696 487 -548 -359 649
-195 528 -893 748 -590 -528
-34 -838 753 331 -823 716
421 226 -780 487 312 25
844 -671 929 -193 206 -119
661 -218 222 898 -129 -889
-930 274 -771 -680 63 649
-690 860 -390 263 391 -479
-191 -260 826 -669 637 968
424 176 440 181 400 174
-678 -475 -625 -829 -443 -90
-640 704 99 -537 -285 123
-735 -977 -495 -311 -439 -40
507 790 -504 318 675 92
765 -83 458 863 468 -730
291 -661 753 458 798 591
746 435 976 894 -96 340
-766 -270 -202 -968 -678 318
-334 -273 580 -93 -33 613
-646 451 -648 453 -650 446
156 407 -434 881 -639 -972
855 -625 194 368 -395 117
721 -944 541 247 -595 -13
-652 -511 206 -724 -526 644
540 590 438 595 204 -314
637 308 -700 912 773 -536
580 -22 222 652 242 -943
880 -355 713 372 524 220
38 394 688 997 -169 398
-435 860 -518 895 -473 875
-852 -848 670 -729 289 -693
908 -15 -391 -720 220 -959
-82 153 -405 -187 680 -457
-6 725 -309 881 170 461
-907 -69 -692 -992 997 -894
-302 951 -337 867 412 -469
956 223 -419 954 -980 239
109 483 -227 489 490 -230
594 -739 -279 -742 -798 -794
811 -950 871 -857 812 -947
183 556 262 330 853 -402
990 -456 -170 41 -888 -676
-915 882 -101 848 641 821
304 452 870 176 667 756
233 -63 792 718 -777 -563
-713 460 266 327 572 662
484 527 -438 405 168 -617
-290 -307 -674 885 -639 -845
-54 -380 -471 -409 -717 -913
737 -360 685 -351 678 -351
208 533 -887 891 -68 -215
522 -741 121 905 -676 -677
-150 -866 -37 -392 -145 -359
256 386 -418 -14 -303 -609
-865 -475 526 -905 348 699
485 -957 -431 -394 -978 -108
-366 248 -832 -944 -245 -388
-747 528 132 -437 13 248
-439 -406 -491 -330 -684 -418
160 62 139 36 136 30
-651 -171 -190 -528 521 -305
-980 578 252 -328 -283 880
45 341 -79 467 360 -469
118 -388 275 908 -27 228
-86 -821 518 -794 -663 -495
-134 -248 140 742 -290 85
298 651 333 725 -163 182
903 -645 461 -687 -68 -740
-433 -692 -316 173 -386 897
-920 263 -951 269 -973 270
143 666 -596 -436 -683 -645
-229 -477 729 -826 446 -100
-725 -931 273 944 -822 216
892 500 -438 823 -286 266
871 -944 365 214 198 32
618 835 -954 -321 944 -701
-592 -882 745 307 -535 886
-347 -590 -936 -609 698 -970
658 -264 -127 -701 840 -436
-545 -657 -594 -727 -591 -724
266 -705 426 859 -473 424
-156 -755 189 -31 -175 721
-318 887 -392 138 24 364
475 -948 692 -728 445 894
375 900 -690 780 -754 -208
-944 584 86 554 443 686
51 -639 930 -759 329 -245
-965 -989 -358 -358 221 739
-88 -530 998 -976 -372 684
382 -540 421 -527 314 -560
-498 709 -266 -383 913 -324
74 -621 961 896 -336 -677
134 -990 600 -311 -253 140
-5 329 -202 525 -589 -500
-927 916 -351 -845 589 337
268 -982 -688 243 85 -886
36 835 -553 390 176 -463
774 -508 622 488 -395 -695
930 840 -831 410 -659 -871
-687 839 -624 818 -630 821
665 -768 -313 434 -669 254
915 66 -148 -184 282 -87
-418 706 -954 -513 996 -661
358 185 -221 993 292 23
677 548 471 568 990 365
692 -769 545 47 143 -247
188 -314 -178 599 -956 -992
-548 -963 372 -839 132 49
708 -324 -310 698 -886 996
118 -112 142 -113 154 -111
885 -5 444 290 -166 101
969 -371 642 301 -525 -643
672 909 -221 576 -772 186
117 908 -705 567 -118 549
661 615 287 961 -198 -924
63 888 -505 -918 691 759
-948 436 -169 -623 473 871
-832 -820 807 -802 -780 356
858 907 -357 892 -218 28
532 10 516 2 555 19
151 932 -300 61 263 695
861 36 915 492 4 212
-165 855 -557 896 191 -789
660 45 481 738 367 -281
-823 171 -797 -664 755 -197
-365 917 17 659 689 227
26 574 30 -884 233 -281
342 162 -366 367 -819 256
-504 -890 83 -702 -788 -920
752 824 702 853 741 829
25 559 586 984 -201 458
702 248 274 968 -771 26
-856 133 -147 425 -547 878
-15 -961 862 856 -252 394
830 942 -73 973 75 853
399 600 731 -543 712 666
-467 60 -446 29 -766 789
-899 -229 -637 -748 -120 972
-918 -178 -28 -872 970 -175
-970 359 -895 274 -970 360
186 -850 925 563 -927 -151
-480 -723 146 -606 551 509
115 -932 602 -634 -117 632
724 -12 -21 827 -652 -835
-858 -597 417 360 -130 -32
984 109 -455 -649 991 -750
-975 745 194 -927 -60 584
792 336 215 929 219 -643
-553 -451 996 -9 -28 987
152 518 168 517 192 519
-604 -94 -90 -862 41 720
-290 -622 804 -781 -347 29
736 893 -453 2 485 -225
578 591 436 37 682 904
-983 -335 398 -773 705 191
-579 -833 -66 50 -580 215
-886 -130 92 -668 595 -879
-289 831 -607 1 920 58
-528 -853 736 -360 3 -257
154 451 150 506 157 384
618 259 212 965 -125 -375
-980 -394 731 202 -231 305
939 -693 -543 -612 -971 -961
-261 968 -222 -84 594 -568
-928 -563 736 -739 -166 -222
729 509 794 732 -640 -217
-567 229 -549 -136 301 -113
91 -736 680 -972 637 -360
-226 272 -640 -41 715 -20
755 820 741 822 781 814
-174 -307 397 -292 -561 693
907 284 -153 -11 853 -438
-346 -559 367 -451 -705 181
60 -422 -845 572 -655 -864
-144 191 197 -291 -3 169
-725 653 -938 -891 574 638
161 947 -463 781 573 263
-705 -60 811 -337 -878 258
722 -228 485 367 189 620
23 -956 22 -952 -15 -906
-358 -82 -928 -443 114 -918
712 343 -185 -991 970 629
-194 773 275 -39 357 513
-93 447 -252 418 -549 -825
-583 225 291 -679 -137 599
565 369 -545 -240 400 -611
-252 317 425 976 -764 791
-22 -498 593 14 -801 -92
567 436 412 40 897 106
-698 -557 -678 -555 -750 -559
249 571 527 330 -101 909
-829 726 -669 -149 -8 319
-719 11 -958 635 -869 -571
507 498 271 819 741 -3
529 42 728 172 -170 414
389 315 -686 -541 538 74
-790 291 883 -449 570 483
721 263 13 663 -591 -857
-540 461 -562 347 -10 -280
-79 -117 -88 -144 -88 -156
-842 -114 784 -968 986 -136
-947 988 -774 775 -130 310
-570 790 -734 414 -353 177
-741 -196 -864 -884 -92 -878
-20 -462 307 129 -644 344
-227 -501 538 -812 218 -212
-554 -905 -77 -366 2 117
-662 -154 983 -975 575 -481
-465 465 -138 243 -262 708
543 -90 544 -44 541 -81
412 -566 230 -996 931 86
50 -788 162 329 -750 -874
112 714 -907 -142 669 -729
110 -653 41 -941 144 -744
-961 629 224 -689 -321 508
545 -991 830 671 335 -221
-720 -338 501 -856 773 288
-691 -369 963 -948 -26 73
-833 739 577 -81 320 122
-221 -352 -238 -333 -293 -278
590 -672 -119 827 -170 37
757 101 -913 -503 881 -119
-992 967 -681 -402 719 942
88 367 -387 571 -847 -475
451 816 -148 -595 716 682
442 -408 -328 -119 -608 -617
-795 -851 557 -709 -281 438
245 -274 478 563 198 505
-515 -362 -882 -871 -209 -285
575 719 562 719 569 711
-291 784 682 -779 979 593
607 -235 -915 322 -670 -257
152 363 -656 -425 666 -798
-276 -189 230 -56 -137 -104
-965 342 -772 -305 240 -93
-804 -465 782 -981 -357 124
-681 337 -563 225 -86 105
-426 389 -699 -941 486 -237
-777 642 729 -609 947 -594
688 -891 590 -857 656 -881
-851 -389 790 -983 146 230
-855 575 776 -596 -764 998
-23 140 -810 282 918 -241
-79 657 937 397 965 935
545 909 111 517 361 192
-506 -426 454 134 928 445
-562 533 745 -717 542 979
276 200 916 -327 165 924
-339 317 -794 686 183 -283
889 943 850 927 873 934
-285 922 -925 -99 -382 276
137 534 904 686 -492 741
787 -995 218 122 274 -86
542 -641 -478 229 -134 -664
197 -356 -541 604 -885 682
450 581 -167 170 -17 -156
-168 641 -939 -419 229 150
523 433 813 412 -369 588
-944 89 192 -756 -156 -357
121 347 131 344 244 320
-795 -72 -478 -867 661 255
-838 130 959 75 -729 800
553 53 60 371 -250 29
-972 -64 1 -796 81 -755
-525 397 -881 -899 -477 178
471 -719 -123 933 -865 285
474 301 -677 -372 619 -974
972 403 -251 62 -578 -626
-928 121 727 -810 -405 29
-83 642 -110 598 -95 620
144 -922 -526 605 -258 -80
-107 18 288 -690 674 683
300 389 -354 -29 -705 -660
97 -301 765 868 -720 85
-643 142 -951 -965 883 -31
-73 -99 -670 309 -352 -914
-318 -962 -195 652 -595 144
-311 623 -893 -370 902 -225
715 -668 916 836 -561 799
532 60 529 29 542 127
-841 813 822 -376 327 115
-99 473 -882 323 633 182
-661 231 681 -370 107 297
-174 263 782 -973 494 668
-205 703 -338 -499 -42 267
142 214 349 381 -887 236
-861 -820 -95 -939 -350 382
-764 -392 -823 -988 269 -250
-749 -381 738 -689 269 80
469 -249 466 -224 460 -197
-242 538 197 -267 544 787
671 840 -831 381 637 -795
87 -808 998 -150 829 480
-985 322 -971 -201 629 62
-458 -637 -393 -598 -966 -553
-430 488 608 -719 765 -690
-850 895 -828 629 909 566
-227 -168 -121 351 -267 33
564 -848 -771 367 -67 -558
433 100 441 125 439 128
-89 2 -224 -998 212 -719
1 985 -159 393 572 490
-696 -425 -661 -622 786 -380
189 -567 74 639 -708 693
202 656 745 -854 194 816
977 -993 420 -465 363 -931
-54 -979 151 -724 528 299
574 -843 751 319 18 209
-648 97 -298 -540 -229 904
-150 939 -196 915 -193 915
-968 -287 885 335 -755 112
-690 773 -854 111 -690 445
633 -584 -516 109 543 -684
41 -164 427 -998 895 237
655 -710 432 818 -646 -457
-635 789 433 325 781 431
867 -88 611 373 -196 964
915 168 754 421 -507 608
-74 -604 64 -404 254 -33
746 485 743 481 714 422
-775 -291 955 -994 -869 336
422 190 -241 389 963 -422
-52 706 -868 -338 201 515
-781 186 630 -167 -329 986
560 493 450 911 -465 -122
-232 -999 637 673 -328 623
-197 -948 564 -988 634 -85
-187 -75 452 -353 211 194
72 578 447 959 -155 927
246 663 199 653 148 640
-990 -609 293 853 -403 752
-441 867 -378 -996 -303 -311
-383 -62 376 -670 -53 615
-280 -687 541 389 -935 -900
-225 -817 -161 -940 -588 528
-597 90 -959 -460 262 289
139 -144 738 -613 471 429
880 -680 684 -281 -548 -904
-753 521 -970 -822 610 577
466 -375 473 -375 465 -372
-688 64 106 -438 -172 91
465 169 485 -900 997 -351
-400 -662 931 -547 621 -209
-650 240 -732 918 -842 -863
-634 -324 -416 142 -648 950
-124 584 -999 -240 -11 -951
712 54 -713 -263 265 -286
-374 899 -545 -146 -621 -648
219 127 -64 -566 750 360
646 -170 665 -162 739 -126
-339 -138 496 -606 -633 909
-432 36 -83 -656 812 -588
774 -597 658 666 -308 -461
-981 352 473 587 745 839
492 -775 565 -591 -359 378
-808 398 467 -206 -110 764
-641 -595 809 109 975 309
139 7 885 430 -182 -172
-57 791 -878 302 163 -474
597 -697 586 -614 596 -698
-265 922 -872 967 781 191
715 23 187 865 381 102
-399 201 97 -199 241 -48
991 306 -850 905 741 17
836 -411 -276 528 -465 -810
647 -46 179 512 -592 -646
-771 -375 -44 -957 641 78
407 22 7 410 14 -346
417 864 -115 -431 816 188
-649 888 -643 892 -647 894
205 119 -272 573 36 -105
827 15 -48 867 516 -331
819 627 -461 53 -655 -38
14 -299 -145 367 -405 -867
-746 786 -67 826 -105 827
726 909 -221 499 74 -665
-539 315 -196 -513 961 -621
-889 -776 430 609 298 764
-856 -387 -359 -370 -353 -307
513 -582 525 -521 535 -462
76 938 836 -180 947 359
887 569 -739 -138 154 -1
-256 -315 347 -200 -44 337
-878 -36 54 739 -772 220
-112 -834 56 707 -814 -512
380 76 -384 567 -514 -190
-469 540 -451 -241 -240 436
3 -70 -313 338 -503 -898
739 -90 256 56 9 -585
709 71 724 36 700 98
-130 987 951 -357 86 862
600 -562 239 859 248 60
-403 -710 60 -268 -653 72
845 -717 412 905 -345 113
-474 -207 -38 39 937 661
507 951 -652 927 -318 -733
-237 -469 30 -708 785 -845
141 -900 947 -719 619 -527
767 -588 434 -194 -650 168
667 9 678 18 705 48
-480 -573 954 -119 -431 -387
177 438 333 396 188 579
-290 -120 657 971 -467 877
-544 496 -484 -838 525 -147
-489 -234 -1 -832 -263 604
-882 266 100 -366 427 -301
559 -509 -839 513 -696 -9
-690 876 -57 39 59 24
-397 -701 881 174 -378 937
873 -120 820 -143 862 -126
-107 46 -812 535 -832 130
472 -263 363 -74 -235 559
328 -752 949 221 177 811
751 608 483 563 776 -378
517 34 -734 -524 914 -125
-519 -19 19 -348 178 -365
633 -189 250 453 355 66
-264 -658 52 -462 -271 432
-710 -663 -85 925 -886 609
634 385 665 381 715 377
625 -208 -873 516 -234 -504
859 966 654 -297 890 499
76 -244 157 -161 -98 696
661 155 399 990 -130 -224
706 -653 -581 680 -722 646
235 114 339 -68 -225 948
-840 -826 938 29 22 699
-163 997 -96 338 541 -687
-792 -947 250 -517 -510 -514
295 -313 301 -314 322 -311
645 597 281 -198 586 -131
-182 571 665 -869 700 -304
376 -379 -83 309 -438 -632
-336 437 954 532 89 536
-92 -75 710 604 540 747
-933 754 -388 -244 74 -157
813 904 369 419 -6 -94
-341 65 -664 -842 -115 -597
-681 -590 903 -214 824 790
512 -693 603 -655 524 -687
-576 -912 -169 -90 -527 607
625 342 -901 651 -977 183
371 266 -58 734 -606 -319
166 -228 830 -851 244 510
773 -340 608 498 -318 -131
-523 177 -810 242 26 -66
78 989 663 554 166 925
-204 -735 57 803 -894 -200
809 185 460 646 -660 365
-473 -309 -462 -321 -492 -283
-829 -728 934 -404 -914 -361
976 108 427 630 708 -882
482 383 -708 -979 -139 -873
828 -761 106 420 -467 508
128 -277 400 446 -460 -957
74 -71 515 615 -588 -157
-132 38 986 30 -632 468
-514 -268 561 347 -142 463
-22 366 584 -333 777 -500
809 -783 792 -791 851 -767
697 -765 882 -206 -213 55
-385 2 -717 -118 -115 -501
-253 166 -650 -21 -137 -415
-65 729 -991 794 -142 -963
993 -435 -279 133 -569 -308
63 -938 -130 480 -442 -985
-479 172 17 -124 -872 974
-500 -279 300 220 927 984
958 -986 794 932 388 -259
-684 747 -656 779 -628 814
588 371 84 69 803 -503
56 391 -598 382 -931 -468
775 -139 191 708 -122 837
-520 676 433 -246 850 749
-498 -733 601 -127 -845 262
311 -491 385 115 6 -485
-62 -138 785 692 -215 607
455 52 -86 777 -942 428
-644 611 324 2 623 69
-816 -852 -815 -851 -814 -829
670 -895 611 742 -67 -555
-527 171 -18 -306 997 -29
323 681 -610 398 -882 -776
769 -192 940 808 -88 492
-424 -126 997 -392 -600 651
-402 22 421 -264 902 434
-383 -186 -782 -890 541 -992
-880 -187 111 -221 -927 73
-738 571 724 -879 837 -645
297 -206 312 -235 329 -264
-758 -360 -424 -373 -156 -80
32 25 599 796 -646 -592
-888 -7 56 -262 909 976
-545 -605 385 -975 -651 793
-860 522 408 876 327 956
952 -559 -640 -46 -898 -482
241 133 542 -86 3 968
321 114 34 -622 924 -57
-573 -621 411 811 -524 759
-514 -544 -516 -546 -524 -577
375 785 64 -772 87 -773
309 -487 546 -456 136 -374
-851 360 -569 -429 -268 96
-862 -428 -140 -563 492 281
-751 947 417 -764 452 -115
519 853 -789 431 544 -399
999 636 -500 766 884 -553
644 -529 705 261 144 655
-567 -416 956 -970 959 -659
568 -504 483 -484 484 -485
-569 392 450 -128 965 509
825 -438 171 914 -511 -345
-83 869 -777 485 352 -262
43 940 -324 -624 634 253
732 744 461 241 642 -977
-910 -318 -693 -535 -610 559
-459 -309 -523 46 -542 -83
980 -839 262 777 -341 -290
-254 934 119 195 915 279
354 -789 297 -810 300 -810
447 66 231 869 -710 344
-173 879 -442 -362 697 270
-263 904 263 119 518 -198
321 296 -837 846 -990 -845
-314 -224 951 -336 28 268
708 -562 -473 116 264 -594
746 974 -823 17 -216 -919
-609 191 -211 -690 273 16
-624 -27 562 392 756 716
-543 537 -527 538 -634 537
-99 -197 823 309 -163 886
66 272 577 303 -616 424
937 -317 340 -516 706 -979
297 252 350 753 -324 136
397 771 686 624 574 697
646 980 -289 886 946 -689
2 662 219 27 410 193
-602 -265 -457 -849 411 751
742 534 -774 -564 880 -616
389 749 436 810 420 791
-615 -529 -944 411 -981 89
58 349 -892 -681 501 627
-232 -393 727 -374 -183 309
-235 970 -838 975 -656 -947
837 665 -705 947 633 62
299 247 -676 -79 871 -258
685 914 -97 733 -741 28
241 340 -785 -52 -525 -159
-691 861 -906 -441 -442 465
-951 189 -941 237 -950 202
-681 787 971 219 -105 909
-120 -678 -644 -830 -510 -999
329 -925 421 300 293 -611
282 -852 30 449 -886 -80
-7 314 223 236 803 296
601 -766 -860 181 -990 -117
146 66 988 659 -978 36
-396 987 182 283 453 181
-974 28 715 -950 -176 278
858 904 837 996 842 970
-705 -650 -69 -707 83 11
-341 177 325 431 313 587
401 -37 -583 929 52 -982
-288 -692 -474 921 -542 -970
780 -565 867 849 -723 910
-783 -373 -85 -490 782 925
249 419 525 666 348 683
-940 -43 -718 -946 487 -688
-590 468 -875 60 225 -743
53 -119 -5 -198 58 -114
816 125 -698 13 349 -520
-726 -717 596 -882 -952 60
-861 -322 -79 -804 116 -314
-66 -220 121 892 -67 -62
90 307 -976 -560 859 -703
981 -740 457 -8 350 -236
15 789 -376 385 -416 -847
871 499 -186 -430 93 -677
537 874 -409 -621 489 -987
-230 -493 -216 -563 -224 -517
-114 -231 -185 355 -241 355
450 -750 310 -122 9 -262
564 716 231 472 -1 -587
-887 -612 593 197 910 916
-493 -212 -2 318 -574 -286
-715 -728 748 781 -134 414
-951 -791 -32 -264 -967 154
-884 327 366 -613 149 148
325 480 -365 374 603 -817
756 20 764 33 739 0
-686 -961 464 -151 850 734
277 -143 750 235 108 697
-527 -136 -209 -690 969 -470
310 414 -73 363 -250 133
676 -139 -403 -402 -216 -596
293 878 -190 -497 703 -867
852 -440 956 667 726 633
-395 -483 942 -353 120 252
-939 -953 423 -131 885 172
865 349 865 364 858 322
275 -377 -114 -413 -439 -765
-548 924 -834 846 -711 575
-812 733 640 -183 726 -104
-527 -941 562 -470 -636 -501
852 -920 -65 670 -57 -92
0 -5 573 907 238 863
-561 603 947 -859 621 388
-857 -57 -103 -673 904 222
320 -182 812 33 -699 123
-70 -624 -45 -646 11 -691
319 -513 731 -528 -219 -390
-445 362 -685 -979 732 -478
24 -892 477 377 118 858
-565 -292 -850 -396 392 -810
-509 866 -243 -694 335 877
-276 -962 616 111 -868 421
41 112 500 190 715 379
-720 -169 -790 -415 -834 -913
175 -153 821 -714 -22 242
338 -581 280 -497 341 -587
887 -779 870 905 -665 -327
-698 -630 760 -903 511 -552
231 201 -824 210 536 -887
882 837 -445 715 -993 -861
762 922 298 345 877 208
166 633 917 -751 959 598
-69 -833 -522 -398 -910 -507
700 -821 688 146 610 -132
-487 -660 466 830 -577 721
716 384 767 374 696 390
-677 680 -800 -610 269 -393
-661 -863 284 -955 119 948
380 -563 -913 84 -161 -758
150 634 487 -658 582 -437
-376 -827 484 710 -477 -72
-351 -421 -249 -640 101 293
883 -594 -734 868 -931 -204
10 291 760 35 -47 756
766 -804 -929 55 608 -973
-923 781 -889 734 -926 787
-895 -900 800 545 -876 782
96 -464 641 -999 799 442
88 -168 619 570 -69 492
115 274 84 -897 169 750
-889 234 -801 -698 510 -546
-991 -607 -218 -616 136 877
501 -759 947 -290 -809 -60
559 -858 804 923 253 500
-795 -146 -134 202 146 601
-666 743 -654 732 -665 743
503 -385 -663 886 -980 -721
775 751 -597 580 -854 272
870 95 283 889 374 -844
93 359 597 101 416 372
-797 688 -972 649 916 8
513 -706 -576 -115 292 -684
910 -551 -573 -201 -122 -685
-671 726 803 -682 -81 904
286 308 -138 -422 696 -228
553 576 579 587 595 597
108 188 -223 882 -466 717
823 791 -946 -534 524 -999
145 -406 -659 992 -155 -810
166 -379 933 121 227 723
914 -978 386 -34 -926 879
703 822 -331 895 -699 530
832 293 -688 402 421 -270
78 966 -885 353 788 -464
-372 526 -970 -551 -743 -959
-245 -841 -279 -832 -268 -836
304 -862 813 -946 941 26
264 -168 -538 -197 -322 -900
941 776 -65 250 -839 -335
441 426 722 681 -769 -452
844 534 -315 657 661 -300
742 -941 -601 66 -708 136
569 194 -149 826 -392 -708
-720 676 -495 -355 -115 -853
838 -620 -3 738 -12 289
-232 -913 -208 -982 -228 -921
436 -652 -455 994 54 -830
-861 597 -146 -238 164 464
-457 -852 -321 -987 560 558
298 -679 -934 -593 766 -917
-937 290 393 299 -173 935
446 578 -978 80 136 319
-606 490 -726 -890 103 404
-798 643 -652 163 -283 566
-741 153 -749 -273 -584 -56
-226 -193 -247 -230 -210 -168
-470 -656 -31 -292 -555 -257
-546 378 -189 -841 644 722
-64 -566 690 642 -820 655
-234 668 -561 524 -410 -932
-420 -754 177 941 -391 412
-319 783 805 -154 -325 994
664 610 -572 427 -320 156
-908 -652 667 688 -62 807
-170 -716 -149 504 -649 -412
434 -347 466 -400 436 -348
-287 -236 -525 -676 38 -608
-339 354 -94 -763 558 277
720 -519 267 -242 -128 -724
-686 -978 692 124 -318 530
-521 587 840 339 218 739
-166 140 647 -856 854 -901
-456 -325 162 -853 153 -178
986 -434 -960 177 -622 -54
-604 -921 292 -19 -409 -347
897 -916 847 -972 890 -925
-762 -997 -96 -346 -729 628
495 820 464 458 967 856
158 119 831 583 893 633
452 824 -285 101 894 335
338 896 -688 991 -987 846
485 -919 313 -30 -946 -250
-462 874 -712 -931 914 -856
-81 -312 -812 -73 -727 -514
-721 675 -633 180 -207 468
-823 -906 -793 -884 -837 -914
-584 -506 -85 130 -690 657
141 56 315 256 291 400
-145 974 647 164 704 500
897 528 550 422 -97 -299
-309 208 299 -710 -114 -55
202 820 955 588 453 852
-344 384 -603 105 -94 -614
-836 580 301 -508 936 77
-103 158 852 307 890 752
-518 -820 -523 -817 -466 -873
-681 -858 886 211 -656 -133
-912 -203 807 242 -518 101
222 -304 405 229 -568 -104
-290 296 452 126 -763 540
-344 260 -764 160 -843 -247
700 303 -553 240 299 -437
-459 -770 883 -35 -987 -110
694 345 126 -73 951 -641
580 345 199 828 522 409
519 -267 500 -306 549 -211
660 -986 -595 -263 -721 -859
967 325 312 725 421 -21
-659 123 922 -796 -285 703
409 -722 -435 142 -709 -31
-737 662 -650 -938 156 401
642 407 722 807 -112 683
984 465 189 748 -769 248
390 638 -30 271 -401 -274
-901 893 816 -43 988 187
-183 -443 -123 -413 -147 -424
546 -782 -157 790 -955 708
719 955 -896 500 120 608
-921 365 850 -634 -284 810
283 17 125 966 -405 185
329 -7 210 182 -936 260
723 699 -488 797 55 601
-773 -820 567 -105 437 398
900 -145 868 963 -811 591
950 -823 820 15 777 -953
-802 180 -876 251 -866 240
357 -646 765 -654 174 -554
-397 212 -882 -350 825 904
-122 42 -800 627 -634 -593
-533 132 -815 -738 891 -597
-669 434 -71 -397 540 475
914 -309 -788 474 -852 -491
-207 -668 -78 -485 -802 -628
-344 976 -194 560 577 304
786 7 392 676 -5 -916
-964 -17 -957 -26 -918 -62
18 590 -133 -408 891 -843
-606 787 -946 875 -390 -473
738 -491 -194 429 39 -764
-6 -541 678 967 -460 -311
58 -797 555 722 -906 784
-550 807 -723 481 211 984
646 -515 978 368 -348 835
557 -394 672 694 242 -818
631 730 55 112 14 39
611 914 664 899 685 895
-138 255 794 -588 786 271
722 -176 99 439 890 -846
-205 -574 807 -163 604 739
134 682 -228 29 -383 -900
-59 655 -924 260 814 98
-341 237 -667 829 -602 467
184 -956 556 34 376 444
99 36 815 -870 481 858
472 -379 -897 860 -898 359
-454 226 -512 242 -498 237
-709 -812 424 253 -797 -73
-444 -219 868 -582 -866 303
-306 345 -474 -990 454 100
670 699 -656 538 -810 -449
-438 -791 -660 -128 -643 -541
-90 51 877 508 133 404
458 -136 -791 -575 389 -316
-270 -988 -249 -339 -354 32
216 -825 -52 877 -180 -947
507 657 502 651 529 669
621 602 225 499 109 -117
-515 -256 -107 -103 -220 805
448 -934 -154 566 -337 539
-933 -206 -290 -605 -613 93
-602 -51 506 -987 593 -551
615 -429 742 -93 126 -917
-681 843 -799 -287 -696 366
-110 -724 727 111 325 218
429 168 418 -784 471 -143
603 875 662 852 640 862
334 -719 472 -857 560 -937
882 44 466 259 -286 -126
179 -546 520 -550 481 126
-815 498 343 -197 118 84
-410 797 -777 859 181 339
427 497 -236 384 -665 -273
-442 525 -884 347 -589 206
-545 -113 -168 347 -828 832
-442 672 402 394 157 729
690 702 703 687 708 684
896 -850 912 801 -869 603
577 833 290 358 517 -120
-584 716 -563 643 595 -902
-371 -744 -1 -156 76 974
815 929 401 173 520 -646
661 236 -137 304 -96 -40
932 160 -968 -151 -691 -994
360 -374 -301 869 -136 -205
980 -248 -202 455 997 -682
-804 302 -810 272 -797 319
537 646 344 853 -409 -985
390 644 945 189 149 963
-920 21 266 -955 602 -159
-451 -130 -890 733 -972 -573
53 782 174 -607 826 -224
233 -625 645 415 -818 746
-80 91 -480 904 -930 732
-24 -489 -264 992 -859 -111
119 996 -864 511 822 -16
347 -639 359 -643 421 -658
-393 360 224 -4 433 575
927 290 -40 790 -289 321
-956 -529 890 751 159 818
42 -880 681 513 -96 -108
-789 -131 356 484 -652 830
396 -593 752 -117 -40 795
-347 235 801 608 -805 670
-573 -343 -240 825 -819 596
764 892 -807 -404 17 -2
789 299 876 304 893 306
-58 855 -602 -323 877 -471
590 752 -713 -459 -34 -360
-900 81 -997 -515 792 -50
741 160 -157 120 -825 -228
-521 54 118 -564 146 -373
951 -295 417 715 -196 -502
717 361 571 582 217 -478
397 -550 437 -483 -376 -718
-404 574 -15 -987 362 861
661 -126 671 -94 632 -209
-509 -653 638 822 -625 -414
-772 -506 -805 -987 42 187
-437 -564 -465 -166 -878 98
-951 -314 -223 -866 727 880
573 -278 670 -70 -406 -694
439 128 139 560 -774 -680
-358 288 -796 -558 -843 -770
144 229 215 -223 527 -831
-255 555 -875 330 625 -234
586 -117 647 -169 610 -136
-625 -594 924 71 802 529
-90 450 910 713 -895 763
-512 763 -354 -791 -333 -671
-488 495 -849 60 213 644
3 562 777 685 -767 769
-677 520 -502 -334 320 -930
-702 935 -633 457 294 927
54 475 521 -371 960 -496
-930 -103 -875 -293 220 172
357 -696 354 -694 357 -718
-748 548 -53 -722 -281 -207
-816 778 -719 51 -3 346
-519 300 -227 -213 -270 128
-837 -451 13 310 -831 -249
239 -520 417 -958 607 993
692 -577 745 -144 -642 -228
-94 -30 163 -414 36 738
43 -424 504 -474 -650 746
-713 -209 -283 -287 -656 839
789 761 769 682 771 686
-683 5 -776 -672 491 -938
472 -819 823 455 10 -756
672 -413 -923 36 -247 -287
576 220 -963 794 256 276
451 -281 -792 952 -733 -862
870 -434 533 -124 -172 279
536 -148 428 -428 677 -786
232 -712 -630 512 -759 -364
963 130 -944 570 -921 -117
-776 560 -775 488 -775 567
-802 -992 -34 -227 -450 -289
-634 67 -294 -554 -228 494
41 117 482 -92 149 75
57 218 -277 767 433 -731
-204 188 -264 944 -400 810
446 -395 440 214 -889 781
-952 -677 -431 726 -971 -604
-405 289 131 -388 961 14
641 -140 422 817 -35 577
-352 -484 -331 -577 -330 -578
-9 403 -939 -977 582 657
-315 -919 106 -644 -268 753
-55 473 -750 614 424 -256
-976 -116 -563 -621 396 162
-975 -311 878 558 -949 868
322 740 -918 123 -263 387
42 -305 78 -445 820 175
244 771 -267 121 822 -398
-250 873 574 -512 509 264
387 29 379 67 382 39
231 -493 622 838 -374 74
379 -705 977 219 431 497
-818 16 770 -529 -191 113
103 444 -960 544 -26 430
436 -128 -129 -379 -800 -753
-933 -329 -227 -346 666 690
258 -644 -303 66 -324 -237
810 448 416 549 212 -89
300 590 -432 611 -728 -266
266 -445 279 -418 241 -489
222 -577 -656 132 -998 -873
637 267 -245 -10 921 -931
500 -939 785 370 483 26
354 -961 770 804 -887 970
514 452 -275 -496 373 -207
-923 506 -348 446 62 677
967 143 263 137 -36 -892
-168 -113 501 949 -662 190
376 10 301 146 -113 413
246 634 250 742 246 657
929 -343 583 174 -786 213
-93 434 -874 -837 884 120
-854 585 -545 562 424 627
-683 579 -940 54 -665 53
-88 387 -998 -664 87 -608
-440 -744 69 -849 103 402
-274 -227 767 -533 -518 80
959 669 -397 -890 -228 -995
-683 -953 897 128 -575 853
-713 -424 -799 -404 -798 -405
588 -418 258 398 -850 286
115 -789 836 -536 202 150
-571 209 476 -17 -336 193
-548 127 -605 555 -650 -68
109 287 17 908 -642 318
-212 -590 969 166 -171 -437
972 698 -114 439 -89 -3
-837 845 -920 -114 821 -463
426 873 -946 328 924 -174
461 131 496 185 482 165
-468 -684 -19 -479 -734 -693
250 985 -983 878 -97 321
649 -33 856 -349 318 781
-113 39 139 -948 461 -464
-389 -921 349 -244 -542 -327
-998 890 25 -946 352 560
-317 327 416 870 -821 303
872 -637 288 808 774 -641
-974 474 -436 -571 -339 755
652 -666 685 -694 662 -672
379 -744 411 258 -970 -788
-452 388 389 -316 113 796
-557 297 -898 -895 624 -549
603 198 -402 88 697 -304
708 595 383 193 786 -427
-310 805 -943 948 834 -431
295 729 325 -591 525 767
-326 -252 -291 -629 516 -583
343 -804 94 686 -942 -82
-767 493 -786 422 -764 499
190 488 -262 -326 846 -165
907 824 365 -534 464 -769
338 884 -617 -162 -652 -601
884 95 -682 460 136 -537
-336 18 -596 -791 -75 -698
647 463 -859 184 693 -605
413 -579 519 875 -432 -142
832 23 768 -21 371 -760
-43 3 -337 -314 2 -572
-630 -411 -644 -406 -615 -423
65 985 -676 207 -3 -201
-71 -838 693 -330 238 121
-987 -254 -865 -559 339 -481
99 940 -628 995 650 -877
-819 -934 233 693 -803 -293
-807 -525 113 -98 -454 646
814 80 373 898 696 -307
820 -46 689 -105 108 -411
532 -666 -15 974 -826 739
170 563 252 563 153 564
-819 904 189 -498 949 275
41 -34 904 -598 -461 811
467 537 461 -350 778 -327
84 655 38 229 713 453
-510 -653 280 772 -819 671
-16 -252 662 -165 421 -181
-377 338 -545 -124 82 -695
-938 -274 -972 -836 -404 453
233 504 -144 -222 24 -856
454 -337 468 -307 485 -266
588 398 507 643 -534 -748
-660 -83 373 -720 -764 240
85 587 -257 535 -597 -263
149 -823 -447 470 -901 -34
106 -57 771 -672 -676 797
290 362 -883 -525 844 107
-576 77 -296 -102 -79 810
-725 205 -532 -390 -264 880
334 -329 855 336 -601 -351
934 52 928 140 927 143
587 -621 -82 702 118 -792
165 82 401 -523 634 109
-405 -694 420 712 -486 -811
606 820 142 98 -44 -737
676 699 -218 394 -633 88
-70 -476 480 192 -438 -782
-995 -936 865 -516 261 -362
81 -49 398 521 -888 -715
673 785 504 353 649 -566
83 -621 3 -617 103 -623
72 -236 -111 -976 452 605
-441 -677 831 155 -512 -149
765 -194 264 861 -669 -131
-154 722 -920 406 -682 -655
-715 -289 668 226 344 837
-246 607 851 -582 475 -26
-752 -230 572 169 -893 879
847 156 -818 191 -7 9
-129 -156 499 -580 890 220
-426 947 -421 879 -422 905
-351 72 -489 583 -525 -297
674 196 444 964 460 -288
-45 452 750 820 260 867
-620 -552 585 -656 980 -630
-568 -34 -720 -779 62 944
382 806 -318 55 -866 -960
783 -227 -831 109 -774 -327
952 536 534 692 -765 422
-937 -482 727 -586 170 477
-139 -572 -118 -539 -184 -638
688 554 -641 -151 419 -570
419 129 -727 -790 978 133
-290 -139 593 525 295 354
-186 774 -765 -535 231 -774
81 576 -565 59 -291 144
640 74 9 -408 887 -217
304 -679 -10 538 -17 -538
-747 638 152 -936 864 117
-993 169 511 -4 255 122
927 -180 875 -228 909 -198
-523 370 -684 31 843 936
-189 466 -287 -830 466 -955
-689 514 -81 -213 -43 235
-975 451 102 -691 -304 -7
483 -747 -778 414 -823 -357
792 -753 997 547 126 823
-622 -265 161 117 -455 -89
809 -158 441 443 162 495
-893 -682 834 994 -450 815
318 27 319 50 317 27
-248 169 -117 956 -502 -32
-153 832 -641 -836 -68 976
-761 546 -256 19 -201 495
-738 681 451 -241 -278 722
75 624 -755 -67 91 492
327 -575 341 638 -956 -915
-270 -158 653 -9 -403 104
573 141 664 997 -784 289
-685 875 -705 405 441 659
-674 947 -631 938 -665 946
218 739 -18 794 -516 -923
517 261 173 198 502 -117
-911 -860 990 479 -294 186
-601 31 206 -232 43 330
988 -504 280 467 201 -461
938 -694 744 -221 348 148
938 -243 -241 608 -692 507
846 -551 529 673 162 770
180 -817 519 138 -594 244
-768 719 -737 769 -749 752
978 505 -429 -224 -406 -416
-820 150 732 954 -681 331
60 -377 123 395 -608 373
-933 909 -558 -85 -497 25
-52 686 -599 -70 -264 -346
-920 -532 -392 -529 871 740
93 -6 135 558 -559 -718
-433 -674 713 -418 -271 584
-416 270 -117 57 -727 618
-394 184 -411 141 -392 184
-75 423 873 605 -319 894
-953 -109 -796 399 -972 133
434 697 382 522 315 -6
337 -648 -357 -836 680 -901
63 -634 -262 117 -893 573
777 104 69 723 -218 749
690 -98 -286 893 -699 -186
27 807 -416 -518 403 899
475 -260 -676 -809 -96 -996
217 -630 122 -681 213 -633
-922 94 -518 -628 -646 -185
141 767 -819 -297 501 -882
460 627 267 -489 773 -287
323 -373 789 576 403 363
766 -137 -10 106 446 -236
891 125 -323 701 -114 -597
-833 -116 -205 -796 -850 -21
-776 -233 -153 -139 -747 -131
-743 -269 832 -645 -833 671
-698 388 -637 415 -702 388
294 -59 654 289 238 42
-144 468 579 -556 218 330
-956 -574 -158 534 -648 218
-181 -173 489 -275 404 801
-620 -489 -887 -968 -45 403
567 354 -147 -618 691 355
542 233 -757 654 265 270
-300 -659 -40 49 -55 140
-383 -628 992 71 -863 421
-982 43 -933 57 -964 50
241 -159 770 -410 595 955
878 822 -941 -554 -28 -314
688 -314 -481 -878 599 -638
-323 539 576 214 490 398
272 936 -556 -969 697 -290
-89 -544 301 33 -945 662
532 558 -736 -951 588 -966
-242 -427 -511 -868 678 -383
421 -508 -523 481 -222 -195
-38 78 -133 178 -98 140
-17 819 -266 -827 196 815
419 481 351 -10 457 510
738 -665 13 772 396 -931
-507 881 482 159 464 293
201 -699 730 422 -169 -777
-188 958 -600 -406 934 57
794 -692 -213 212 82 -586
-406 -638 635 -857 795 989
61 -965 313 -989 -254 229
-821 -209 -819 -205 -825 -207
-245 -742 630 369 254 761
-879 728 -586 -842 400 981
18 821 60 178 958 -588
371 759 -102 528 160 -120
-369 -200 -136 444 -114 657
972 156 -43 63 50 -982
-997 -772 975 -513 671 734
384 273 -33 -736 283 -609
378 -357 -674 520 -966 29
-719 218 -701 130 -711 185
496 939 -865 958 -693 -837
431 7 -485 32 59 -275
-822 -915 637 -883 -781 595
961 -498 719 21 226 -470
-279 -361 709 645 -696 -756
377 -866 591 -689 888 228
500 -234 -523 232 -200 -22
25 820 -723 554 -385 -85
263 -667 292 -423 -803 -217
-120 157 -119 161 -124 207
686 868 -717 -58 50 -835
-290 102 854 -845 830 891
1 247 -277 881 -519 671
-155 365 507 -52 -262 874
-219 -721 202 -30 -325 -539
477 -243 587 -661 854 836
438 734 188 -607 841 -558
310 206 -978 -742 896 -156
754 91 446 -161 206 -699
633 831 617 754 622 772
-702 -251 396 -863 -516 -221
-244 687 441 -302 -255 937
-224 547 -720 727 -676 -807
739 -941 471 447 565 -484
477 250 463 190 939 -976
970 -504 -198 -274 -817 -684
-60 -71 205 -912 60 -324
534 -301 264 84 -978 890
-453 212 -482 -619 151 -386
-422 612 -479 690 -443 639
-350 33 -905 -883 904 -283
-329 89 -144 -565 645 -432
75 264 -864 -366 863 604
356 -31 772 472 -127 -511
-540 -436 713 -936 920 -245
242 591 222 669 -600 -270
748 770 -475 885 690 280
-557 595 877 -655 -38 170
381 141 -739 918 210 -170
-47 412 -39 396 -76 482
111 -275 -111 -23 -823 -896
136 -500 461 -574 -808 676
-194 879 478 195 -94 831
-758 -843 336 -780 698 -528
-208 -713 290 423 -904 375
82 -622 -258 97 -777 -421
-624 976 -896 -265 339 599
883 734 -85 57 638 -900
-79 -250 -981 791 -922 -296
-531 148 -527 147 -450 154
235 -508 562 -86 -829 692
506 -783 986 431 -443 -471
223 -697 240 361 -44 -525
-329 -239 54 -732 270 -131
572 452 -364 498 -956 -829
667 -642 396 -319 -504 -932
549 -50 782 -108 818 553
466 205 -163 -55 267 106
626 763 173 141 385 -877
650 -856 642 -883 648 -870
136 -425 606 936 -914 -762
262 873 -903 194 607 -690
-156 750 -975 471 -772 -831
666 753 436 968 773 -849
682 -62 -317 -935 854 -494
-993 545 745 -843 927 -930
-643 130 655 -826 -794 410
111 -39 547 38 466 781
924 515 52 610 -461 -642
554 -710 583 -698 596 -691
52 767 -183 939 -978 -885
321 199 174 873 -473 -199
-764 -817 176 -435 -934 -860
-900 144 495 -634 956 814
-72 -230 915 200 -330 -33
40 559 -20 62 747 -626
849 -54 620 795 546 -578
-855 980 537 206 800 983
-45 -833 768 -37 -468 503
666 -578 660 -564 611 -467
890 -994 -289 287 -914 946
968 226 383 758 642 241
563 -171 -233 -873 441 -566
102 -58 -768 707 -168 -763
820 991 263 172 -105 -423
-10 -266 159 -157 101 32
226 -381 247 457 -673 -848
956 -369 592 828 309 36
18 -246 770 942 -22 432
-849 -37 -917 -50 -884 -45
-50 -29 161 741 -973 723
884 -59 496 720 715 -100
440 170 -835 25 -239 -823
132 -644 831 -808 305 -125
353 119 -25 149 3 39
-836 -427 790 -19 -707 578
187 -844 451 486 103 -123
-673 53 243 -308 -369 197
-726 -72 -671 -246 313 588
747 -374 843 -404 782 -384
-499 655 893 -676 748 32
-363 -486 262 -666 -888 976
636 980 -78 864 -852 -989
-645 843 -280 -322 665 752
-545 717 691 449 581 911
532 -555 -405 262 217 -455
638 571 -611 -642 -678 -873
-817 -80 864 -516 -123 699
772 -596 -822 853 -885 -295
-681 -598 -617 -581 -582 -570
-916 98 551 -539 223 366
-620 -578 628 -268 -284 419
-81 421 759 -400 211 384
-362 85 -819 -699 418 -801
362 694 -697 64 -573 92
-444 329 -766 -626 94 -643
-2 -914 777 -243 -241 -11
-857 7 -402 -825 -46 586
-439 939 -50 -597 576 615
582 -798 611 -808 565 -789
740 685 320 534 -562 -881
-767 815 -557 344 660 804
943 -772 -896 630 -791 27
614 -904 10 895 122 -689
-934 -98 664 607 -372 779
44 -648 700 866 434 669
-898 -631 -330 -784 -678 835
834 -297 -465 -251 747 -378
-563 -349 555 -884 -286 1
142 -359 149 -359 165 -347
-738 994 -930 830 -332 -737
-693 321 -484 -879 -464 -279
-739 613 -843 -909 -646 -508
-624 701 -431 -762 -257 329
994 -895 255 613 -735 588
299 -579 751 652 -88 482
-14 762 -949 -488 -602 -79
-992 718 315 410 786 492
-572 -666 416 909 -94 496
151 -516 158 -535 158 -526
-445 -361 693 22 990 277
44 523 804 778 -776 859
-582 65 540 -465 -191 -6
-921 317 -634 -625 176 -217
997 111 246 947 633 -584
-786 -170 -295 -973 198 268
-628 732 -434 -607 127 -800
-15 11 38 324 -833 607
731 978 -143 11 -473 -823
185 -118 166 -110 159 -111
-655 -365 886 -797 899 152
-154 108 -571 50 861 -864
-953 498 762 -601 433 970
523 283 -749 519 -863 -54
315 -562 385 411 286 911
-630 -360 -271 -691 578 799
-174 474 -434 322 -160 -80
269 -7 -650 577 -356 -778
848 822 -719 396 91 346
-59 -354 -84 -333 -100 -323
-177 854 691 655 -30 889
-834 -869 332 65 -119 191
-146 498 -777 -421 17 437
244 182 568 -424 840 186
-806 907 -809 148 478 492
-586 871 847 -391 489 120
35 -915 -481 477 12 -983
699 663 107 210 -93 -711
-149 555 -391 372 468 867
389 -10 407 -10 370 -4
-908 479 114 -963 -18 819
243 314 728 979 -699 136
-368 -305 -161 354 -415 3
454 -128 -769 448 -640 -475
985 727 -685 -150 -218 -746
481 778 22 -606 679 396
-888 451 -491 -439 -649 440
949 830 491 462 918 -214
-597 -415 701 -977 -442 614
-430 -905 -419 -979 -419 -969
755 385 -48 93 801 301
920 779 -943 487 808 583
-521 -606 742 702 -186 859
843 712 -595 652 582 -155
-857 787 -446 235 662 854
-311 170 -519 166 -937 -916
647 -851 737 -45 810 664
-743 324 -674 -166 -444 877
343 -825 322 -467 -940 -23
-264 -288 -376 -359 -272 -294
310 395 -910 -284 783 -488
166 -408 790 233 -975 -431
-985 438 265 544 -898 673
551 481 -754 638 -81 511
783 -233 128 885 -559 -315
114 -959 255 -752 548 180
818 571 221 125 539 242
-955 99 -116 -749 57 397
-753 814 -416 -712 -390 839
297 -574 305 -589 261 -496
965 849 -306 922 208 -389
-206 211 -757 -828 503 -325
608 617 -758 -234 214 298
-735 499 631 958 -621 567
-307 -969 881 531 317 252
-786 388 -668 -832 -81 649
419 -486 730 -388 -97 -145
563 787 -657 482 140 -709
-590 335 130 94 -689 984
168 -681 215 -678 150 -680
38 -867 456 -336 -962 116
-434 86 360 -830 897 991
-588 -673 30 -530 209 473
-780 910 -43 -978 981 58
-413 141 -582 -244 38 -517
240 437 512 710 -353 58
361 641 566 -538 804 295
-412 680 -785 -430 -262 -126
783 228 -106 710 -57 -668
-191 -498 -238 -576 -180 -482
520 -144 -580 -983 749 10
874 -588 79 654 509 -306
547 568 -332 278 818 -124
-135 -2 330 -771 257 -123
-735 -818 -108 210 -536 45
437 378 -427 736 -325 -594
-688 -343 -155 -789 -965 410
-375 -743 405 -92 -708 -111
-675 -311 -198 -352 768 -128
-680 628 -693 656 -681 622
161 557 -416 -230 316 710
788 341 317 517 659 13
411 -71 272 -120 -358 -716
-259 983 673 -742 715 -241
124 -391 401 -426 -654 432
123 -959 637 664 -369 239
409 -349 908 754 -844 715
-339 383 -352 973 -574 -164
901 920 -19 151 255 -610
522 794 596 777 602 777
158 -79 939 727 30 665
-241 -546 762 -639 -696 105
-726 942 -761 211 362 861
109 -951 190 499 14 -880
483 772 -427 245 -793 -124
-404 -442 -649 -110 -738 -927
153 -580 -40 -657 918 -953
216 -422 22 950 -659 348
-381 -28 771 509 233 843
500 641 544 728 518 679
-778 -523 -149 357 -583 425
228 998 -968 -839 540 152
-493 713 -954 -412 133 560
413 -403 381 660 -75 736
175 -404 -321 685 -809 -363
-808 977 -318 -220 183 -684
-729 205 -963 -869 772 -850
-58 -604 133 257 -441 -405
-131 -144 754 6 -599 498
-402 -447 -414 -452 -352 -432
249 763 108 805 -429 755
-112 -617 -439 528 -819 710
936 163 117 -851 806 -128
925 -369 -840 -773 -534 -855
187 -152 -222 -284 28 -512
-932 -412 -574 -633 53 -429
173 -208 -592 388 -251 -399
455 336 100 894 -611 743
579 -54 -863 986 -115 -340
-794 -14 -821 -3 -827 -3
-479 348 645 -475 420 190
-235 537 -436 10 -393 -208
-912 64 -650 -498 971 -185
348 642 -971 -492 -851 -884
644 -502 -383 615 312 -993
146 155 -478 -860 445 -221
-667 -684 -90 -517 -113 363
921 309 175 0 -430 -404
-133 485 428 -130 434 700
704 -161 731 -157 679 -161
684 -380 -929 562 -268 -246
627 707 -500 770 -635 168
784 116 360 -388 430 -396
607 -906 -45 -303 -463 -18
238 -869 463 -823 -836 -977
-332 -103 -634 -652 -10 321
457 759 502 994 -259 235
433 -827 669 738 -87 -434
-895 260 628 498 -210 387
525 314 563 297 526 315
299 298 -940 352 -809 -810
393 -227 -357 998 -759 444
523 554 81 611 -76 -393
0 -932 798 -858 -593 -912
779 385 -208 131 649 55
860 -986 444 373 -89 -425
971 -379 -506 -29 -239 -635
-922 559 837 -989 572 281
-617 -902 418 -920 985 463
423 947 442 916 452 903
-235 -557 950 -44 -957 -368
22 299 -404 546 15 -349
266 -612 475 242 -245 695
797 -983 758 839 -278 -147
139 317 -601 -846 968 -238
-446 74 -235 -549 545 -212
-47 210 -452 -289 50 269
753 -361 -448 761 894 -900
-977 -446 -793 -489 75 552
-162 -513 -156 -507 -111 -446
988 712 -228 -50 -734 -498
-777 729 -882 -790 -484 727
29 -774 163 -962 584 -319
817 966 -389 -828 46 -532
541 356 19 196 -322 -544
-974 -340 -170 -730 445 948
743 -322 650 -165 874 -599
363 -716 787 94 -461 958
701 197 -465 145 344 -597
-131 -379 -143 -398 -168 -446
-476 -5 -931 -873 566 -617
-224 723 -92 -703 -84 -261
257 543 -722 857 424 -604
-116 -885 -2 788 -331 594
-143 -263 -635 554 -137 -995
123 -162 929 386 -674 -657
-789 396 -869 -48 64 688
428 -385 -375 505 -375 -590
-627 -503 -313 432 -742 -812
-832 448 -847 459 -821 434
686 -675 941 146 899 112
-309 990 29 -708 -146 517
-468 -698 742 990 -447 177
750 -122 -704 764 -976 -731
243 481 -837 869 884 -465
-532 569 -60 451 160 544
256 -479 195 352 -138 -855
622 494 -31 -192 -272 -788
-638 -110 -845 -754 497 -106
-348 556 -398 502 -397 502
-374 238 807 -709 -283 355
800 -663 749 489 614 255
-90 -702 674 535 -679 -14
-243 -996 532 622 298 411
363 -977 -181 58 -804 729
355 869 264 675 -72 -320
-379 -862 437 239 911 995
-277 994 780 -663 796 208
484 -229 -925 -16 -875 -305
-317 112 -292 122 -330 110
914 -520 -26 1 -502 180
-902 717 -554 -982 387 -14
-855 126 206 -757 -84 724
-802 -102 800 -812 -528 746
-132 496 914 371 -985 781
427 -209 -381 688 335 -561
13 -976 311 544 28 172
871 -708 337 -18 -496 156
359 781 769 -949 542 177
-351 974 -361 932 -366 901
-336 88 -288 499 -714 -389
-944 664 -861 489 -533 -90
-127 -411 -149 579 -174 -684
-721 -346 -285 -453 575 -230
-398 240 -19 -836 706 963
-331 157 930 -678 906 -244
159 656 -726 -787 819 -824
108 -604 419 429 -625 -752
-737 -313 -409 -654 418 -735
383 890 378 896 345 921
188 471 -700 403 513 -514
-476 -604 305 456 516 776
-795 151 214 -430 209 361
912 -94 -899 -528 -812 -939
656 -146 197 89 -52 -285
757 798 -534 923 985 -474
-62 -663 246 -994 -743 441
-206 976 -976 -553 987 -346
326 202 -59 133 686 -683
-529 -1 -507 -15 -573 32
-574 797 -859 576 166 658
860 -433 -885 93 27 -294
776 66 956 515 382 752
-810 905 -340 -96 300 645
222 -603 -975 155 37 -787
427 588 73 179 778 -22
22 -242 744 234 78 880
-774 -260 792 -645 -569 220
943 504 -528 794 -445 -541
681 -966 668 -990 704 -932
-585 -221 -241 -62 -116 529
-275 422 -529 -190 871 -4
791 -226 -189 -108 -675 -903
-427 -569 765 -418 -865 832
69 -86 -336 -993 870 -734
-771 828 -787 -374 924 -215
406 6 -132 284 -259 24
-324 -602 -447 -942 873 -641
243 -914 -16 167 -57 -887
-573 231 -654 174 -577 227
871 -761 713 -375 -911 22
-86 622 -167 124 417 -881
567 -585 -82 -185 -163 -854
-441 -857 889 -223 -696 -352
143 -910 345 304 -668 -73
-983 456 -583 -864 644 605
280 -254 -88 852 -686 326
-230 128 -764 -85 759 -621
802 -545 6 -198 -456 -465
-69 -339 -39 -452 -69 -336
-901 -387 179 -502 -772 50
212 -240 476 723 -593 480
367 482 -583 251 654 29
-497 -848 329 552 -888 -272
983 487 436 960 462 -352
-280 -62 467 -556 417 -53
201 -482 430 -305 473 853
-653 -42 -176 -620 -579 471
100 431 12 616 -78 -968
632 -300 600 -261 657 -333
19 697 -504 713 -514 -871
-717 -65 955 605 -305 513
332 210 -855 -569 -505 -937
-422 -725 -635 63 -524 -880
-683 -133 -230 -447 -691 125
-180 268 131 -36 771 625
310 312 617 748 -625 -907
907 -196 671 60 607 -19
-70 -888 893 -281 736 -7
95 545 140 610 117 579
-65 -461 642 -635 53 548
840 -843 140 903 47 169
303 -629 112 -13 -309 921
-901 -593 224 -589 906 -416
588 -120 -586 165 -816 -143
-723 170 -583 41 164 -411
-104 -898 496 536 -430 -563
-744 -196 407 -308 136 657
-956 384 -316 -932 220 51
-340 746 -298 831 -310 809
584 -46 686 -426 832 486
734 360 79 -171 -207 -882
-817 -628 -85 -369 147 -180
393 -44 -523 -922 910 -764
-276 815 -885 -716 362 571
-912 -794 187 553 162 663
987 318 -962 233 997 -390
847 450 -94 817 -846 112
5 707 -653 -332 411 491
829 517 782 523 799 519
965 -838 764 258 -594 -722
-59 49 -493 -260 35 -901
419 -499 -284 -337 -859 -860
690 -722 -904 518 -660 -600
881 483 -873 583 756 -205
-666 -538 -650 -735 339 894
807 -599 867 865 -530 284
-701 -219 -846 -945 648 -410
-929 -176 -998 -962 -369 -598
412 962 363 931 398 952
-14 -29 -421 382 -228 159
-885 -514 -778 -707 619 707
-672 922 70 -740 320 96
149 -895 903 246 163 -53
-46 201 233 -266 529 155
-610 538 708 -923 -514 532
-305 -338 426 185 -724 -547
922 358 -114 -167 -855 -801
-68 386 8 -433 775 922
-199 388 -137 343 -114 328
-313 -473 -757 -607 163 -546
568 922 70 328 -507 -575
-989 -511 -391 52 -358 902
243 955 839 -27 397 905
952 -553 -844 77 88 -869
-654 440 -83 -409 96 -68
-305 -258 -307 512 -895 -351
-548 -906 -177 -242 -977 241
901 881 -512 873 -982 333
688 -509 687 -510 804 -476
-874 -547 606 -745 -221 192
-983 343 -47 -494 851 -170
29 -689 938 -966 591 723
973 585 -802 -928 296 -677
-476 -25 -349 376 -832 -333
-46 961 -546 -382 684 242
-146 800 -727 460 -989 -815
433 668 -154 704 740 -858
-496 -450 -193 147 -428 154
-875 -647 -882 -641 -958 -589
-968 -353 -550 -956 212 -397
-387 -948 -217 702 -395 382
894 -264 -562 88 -724 -204
868 -188 21 324 -294 334
-651 -955 467 -803 326 329
733 -737 65 673 -286 483
-33 -990 322 -712 159 -597
403 121 -422 916 -841 -439
540 511 -647 -497 577 -435
133 743 85 809 133 741
-930 -601 -609 48 -464 360
-818 524 967 -985 561 178
282 330 -762 697 -479 -190
838 -865 591 -114 -329 -49
68 -732 -9 155 -846 -375
575 893 170 -39 661 -93
-838 499 114 -614 857 -224
526 -801 839 -319 -648 87
933 -509 729 139 38 182
505 -365 503 -366 544 -369
-69 -426 -678 637 -809 -47
-986 -906 -266 326 -610 849
-855 393 -503 -460 103 -313
284 599 -668 -896 694 -28
520 993 -426 287 38 -90
68 -823 980 -752 778 -100
644 -154 -538 581 16 -290
82 245 -939 900 -451 367
-841 845 804 271 766 538
755 852 831 786 746 861
310 -97 571 20 276 208
750 359 775 496 220 421
-31 269 -840 807 -630 470
-289 -986 872 -207 838 80
978 -716 663 559 -972 382
170 291 -813 -840 -300 -581
399 -745 -979 -640 689 -862
-210 835 -805 782 852 118
-314 96 -980 945 -996 -447
-841 119 -788 159 -783 164
248 -909 -958 157 -657 -125
-980 -127 947 -953 185 885
528 305 -405 121 -465 -871
-387 640 352 -868 73 970
813 -452 745 838 -103 481
-800 611 517 191 527 499
56 464 673 -822 359 274
556 -973 681 -250 -439 125
-121 173 -235 -696 377 -726
325 -638 315 -561 323 -629
-223 392 -192 57 -18 -150
-230 -789 397 527 -783 69
960 -202 108 17 852 -968
859 -937 501 459 -648 -114
782 898 -701 686 834 -66
-615 -800 -838 -690 -769 -978
-347 -654 -661 -747 744 -828
-225 353 -54 -149 280 127
-140 697 554 164 791 999
169 -423 109 -502 184 -405
289 -431 -970 -179 -868 -209
440 680 -87 516 117 345
201 455 -995 135 -770 -675
448 213 538 235 -526 390
-497 -409 957 -692 304 166
163 -271 566 422 226 87
-226 -488 -301 -15 -911 -416
289 -247 -385 669 -943 853
766 -272 555 660 706 -104
-10 190 -17 179 4 203
-546 -910 633 291 -494 879
757 -539 -534 654 358 -733
-489 -790 -475 89 -838 -717
-479 861 -904 540 228 110
139 -444 123 221 -200 -348
-361 -827 359 60 -252 -406
570 30 118 191 473 -717
799 -436 701 93 436 -646
-139 -737 -936 -670 -4 -854
-371 111 -296 148 -300 147
-521 800 -129 -502 998 624
-667 -4 49 -788 -446 366
-846 -440 -651 -745 165 558
561 37 -348 586 -122 -781
-410 -311 -171 -454 865 197
68 879 -853 -407 421 -784
-711 194 -434 -220 182 156
542 774 865 949 44 847
760 191 -951 793 -528 633
-505 980 -511 899 -510 899
733 823 480 741 382 425
174 -55 462 -234 -286 987
-239 -306 -102 -491 -172 237
359 -993 -885 -498 -426 -904
-10 -453 -342 -38 -720 -519
-484 -905 935 -638 592 109
-728 226 -122 -227 799 46
836 -654 703 -129 -301 -742
386 -207 -734 820 -615 448
160 506 165 526 174 578
-321 721 -729 -86 595 503
-507 -167 30 666 -589 879
-83 906 -141 972 -147 -413
-296 -66 997 454 -313 237
122 -544 254 640 -568 -24
-40 -164 316 444 -903 980
463 764 -666 967 -260 130
-370 73 -384 -314 937 181
389 -30 -982 -294 -513 -886
-305 -105 -230 -105 -249 -104
-10 613 -244 -490 -4 -519
391 -312 648 -49 -635 902
-756 -889 338 -968 173 -49
-815 587 622 61 -595 572
-19 554 587 475 797 770
370 -311 690 -632 377 -48
-570 -811 430 -902 -554 90
466 236 -215 -400 640 -642
580 268 -982 55 65 -986
-184 636 -78 500 -184 637
843 916 58 957 -827 549
-995 154 622 -833 -487 715
-695 384 125 -720 -202 940
988 719 513 -122 356 -858
-784 -724 962 290 -660 -120
590 -744 -204 -278 -714 -32
-318 -596 -875 -889 -381 -660
-540 -419 702 -201 533 365
127 -913 412 370 -643 847
78 -980 57 -976 84 -986
891 -811 -174 715 -393 -957
-25 455 -999 -702 980 -873
976 709 514 644 359 597
525 -397 -787 527 -820 -803
-497 983 -424 -719 704 -225
-94 960 931 -449 392 601
807 -100 585 674 126 531
-115 183 -408 301 -911 -375
-288 -909 -93 -67 -915 -207
234 115 237 45 237 69
503 -632 -299 464 -675 -718
592 815 -250 -770 808 -891
792 413 5 588 -332 584
529 -862 710 -180 -119 64
42 688 165 36 862 -118
-98 276 -437 -983 543 -907
-846 253 -15 107 -609 557
220 -933 384 -18 -997 491
-104 -750 436 61 -597 -310
902 3 921 -9 954 -26
-611 -598 -375 -347 -864 149
494 -496 -494 635 -27 -834
827 420 -942 -949 505 -481
-548 -742 144 177 -607 -634
813 -743 214 295 -843 -292
425 -720 -787 944 -196 -530
-602 176 920 507 311 983
-241 838 27 45 782 830
-57 884 -477 -530 -318 -499
-77 547 -127 606 -112 587
247 -813 294 -977 936 -11
-398 -796 -78 -497 535 202
-940 -309 -403 -648 -15 -144
593 360 -304 592 961 -28
-869 -51 -306 -707 -233 -247
600 -371 -608 -692 -37 -651
-330 -912 684 -699 -782 -294
-6 -417 546 747 -416 77
-661 -399 -235 263 -860 -107
-853 -983 -780 -960 -778 -958
512 -858 -497 812 11 -148
-546 -95 -529 -892 -60 -134
41 11 777 -109 558 964
120 798 -921 292 -863 -246
438 -847 -27 550 -553 87
401 -87 -994 -243 925 -129
797 -64 -279 -239 -433 -315
-317 -274 -438 -766 245 721
368 832 311 -757 577 826
-838 246 -843 198 -834 265
-52 -859 859 -37 -138 -710
257 -909 -470 764 -759 356
730 -602 -87 258 -216 -653
-298 -706 119 -704 -826 460
414 -38 712 533 -882 308
836 572 -177 514 -644 169
-545 -407 672 100 -920 -115
685 -175 -807 30 -588 -548
-734 579 244 -986 548 -126
-290 835 -269 815 -232 783
176 -191 -332 -633 591 -764
987 -841 322 271 -33 -580
254 -894 874 648 -843 725
-190 -862 19 -846 327 585
167 -769 965 517 -782 -816
-227 -113 -407 933 -377 -537
950 -432 481 598 -202 279
-605 704 -573 167 -226 386
630 147 -888 -332 517 2
-606 -798 -479 -765 -540 -780
-836 -647 331 -887 55 510
413 -392 58 769 -726 -226
-331 -742 366 885 -679 743
-651 215 -400 -809 489 374
-676 -771 -439 397 -813 -46
375 905 -793 638 467 653
-633 747 -718 763 -993 235
-618 -741 296 -164 -771 -185
-143 120 -705 -949 -328 -780
778 63 798 22 748 130
-986 -506 -999 -885 -968 -669
926 155 -915 358 -479 19
-50 792 248 286 329 843
50 -262 136 304 -251 251
-70 -342 520 -43 646 139
-595 -173 507 -511 64 398
-861 -816 156 277 -736 613
872 371 -740 785 63 140
281 552 -365 183 665 582
513 1 484 15 476 17
-117 -283 -218 -792 412 -704
387 -575 -902 295 -773 -861
794 -923 472 -728 -792 -759
807 -255 860 -210 -317 289
672 472 -928 879 -43 -633
-484 -495 -731 -277 -182 -850
-888 -437 -275 -522 797 205
782 -780 -140 822 -170 -299
657 508 -89 -246 -460 -881
-315 247 -347 289 -329 262
-79 -949 100 544 -234 -74
-97 983 -700 -212 166 -67
656 -37 -998 -469 847 -314
851 -426 313 140 244 -352
-615 798 -413 589 527 622
226 -438 589 -237 -207 451
-643 397 -825 188 -65 32
646 839 -96 -694 501 -569
927 164 -438 470 586 -383
-207 -781 -334 -743 -290 -757
653 604 -169 -296 -223 -409
-671 -716 -983 -536 -865 -930
235 51 -169 -677 615 351
-468 -513 684 -804 301 604
93 -537 909 -209 758 384
853 -669 205 326 -525 -240
648 276 -500 -259 578 -38
-731 -390 729 871 325 582
975 -583 451 -211 -932 -514
622 -62 637 -69 650 -70
-210 359 -955 -939 374 99
-207 -577 -205 961 -868 -55
724 -289 -894 -104 576 -472
690 344 -438 894 -638 706
550 912 -887 -275 -930 -494
-293 465 322 -514 88 234
-82 -90 703 589 -681 138
270 -915 -103 -187 -770 773
-64 -995 168 165 -598 -907
-416 126 -383 82 -404 112
-107 236 -63 223 651 527
-872 -928 -103 -254 -86 632
-794 -273 475 -885 -195 472
122 769 -673 -678 969 -602
-609 175 171 -570 -449 188
-127 223 -71 -84 481 703
195 -719 251 309 86 -277
-496 -145 122 -175 -176 519
-811 794 -192 -534 -531 499
-956 638 -839 667 -887 656
809 895 -769 312 953 907
516 -952 994 751 -404 -742
15 468 -852 626 -867 411
-749 752 -732 -680 462 -158
102 431 120 -900 378 940
119 -788 826 -129 -862 -922
-377 -521 -530 -841 393 -329
589 -461 -743 -27 358 -523
-817 685 302 -74 274 840
57 -739 53 -741 61 -753
-522 12 141 -166 -977 411
923 696 -887 793 -10 -476
800 -331 320 895 -847 316
-983 -582 -502 -817 458 -480
-675 -261 -223 516 -699 710
-423 766 303 -782 340 -597
-339 -586 853 -38 -876 46
-376 508 236 470 -280 885
-510 -572 528 202 300 412
292 677 395 655 338 668
286 630 -636 -981 568 -393
369 -388 922 -3 -778 -880
83 -812 371 -276 -133 -868
-349 -999 503 -427 -3 724
831 -851 -739 710 -854 -788
934 -411 -744 893 -229 -114
-215 495 -41 -859 956 -914
-94 -482 5 810 -468 822
745 -41 308 963 243 -375
336 1 282 10 234 16
-739 -84 -768 -168 -180 -253
961 466 624 877 361 -444
-280 -549 449 -828 235 800
818 21 -693 268 192 68
-519 144 676 -209 60 619
662 -587 -874 369 270 -451
692 136 -167 -78 899 -153
-416 884 -105 137 856 -961
-186 -279 171 -494 -544 584
-384 -128 -313 -138 -291 -140
-97 -10 -414 867 -875 -880
-987 112 -872 -126 894 60
822 -510 992 762 -815 -552
612 956 -189 862 -868 -418
-796 603 -278 -256 610 240
-697 941 -287 609 795 -201
854 -615 214 -206 -244 -665
710 -197 -480 -360 603 -991
584 189 107 -676 573 -188
294 64 257 1 299 70
229 -663 322 170 271 547
-950 -428 -330 -789 -985 122
-101 -251 -802 809 -215 -854
-893 -330 416 726 -208 987
-86 709 705 -250 697 -208
202 -424 795 84 360 295
230 467 -962 -354 193 -171
-293 662 830 -219 325 580
52 -688 362 -170 135 59
387 839 349 743 358 763
-36 -492 318 121 -663 -70
-957 -643 5 431 -213 451
-796 567 -738 -749 -268 304
-996 -83 196 -635 -86 -340
751 -173 -918 494 844 -469
-235 162 652 102 -834 531
29 724 -310 -667 800 -67
883 -311 392 728 293 -769
982 326 139 456 284 -759
967 -440 977 -434 904 -468
907 281 -168 -889 51 -856
-981 238 -608 143 454 813
-697 -12 891 118 698 128
-280 394 -570 -826 280 342
-729 807 -978 -605 933 -262
675 -953 604 -124 -459 -864
-25 693 -379 903 599 -704
950 277 -509 825 -110 -369
50 384 127 -523 872 163
-925 389 -970 348 -939 375
-658 122 948 87 403 303
-103 459 -463 -680 -373 -548
-574 929 -404 -735 503 -660
-55 312 -558 -634 373 889
20 -167 399 -425 -664 738
592 -747 957 93 -858 -262
205 163 -403 407 511 -720
-280 -248 448 295 160 259
-113 -119 584 -82 973 725
-323 232 -331 199 -302 305
-779 481 237 669 -149 659
-552 -670 -173 -259 -646 -171
457 -176 -896 752 915 -545
-904 -695 131 135 -569 -77
965 180 -772 -548 -74 -987
-255 -520 322 -585 331 -19
199 349 -455 540 -627 32
768 79 484 -306 164 -771
45 769 -415 830 -199 -574
790 326 818 331 792 329
-558 635 171 -78 -108 347
970 342 220 957 75 669
782 -490 184 711 -69 440
-384 -98 642 -340 239 57
882 -7 90 576 3 385
758 934 -749 116 894 33
249 -72 288 214 -190 -646
-623 -540 429 834 -275 407
-518 -244 162 909 -485 96
285 845 285 856 280 913
-345 -452 -11 917 -718 203
-872 347 750 -943 -372 663
102 -244 -535 729 -864 -620
459 -449 604 0 -139 -126
727 408 862 644 690 924
-80 890 -257 946 972 -520
60 -778 600 -867 82 -453
859 -510 -590 576 -747 -593
-503 -857 751 312 -911 796
919 -268 944 -346 938 -323
-506 502 371 -815 636 -209
497 904 113 719 533 338
-640 543 661 -813 554 -662
-320 129 781 -136 768 491
759 -679 945 948 -896 -302
-156 -726 313 844 -402 -756
-276 130 334 642 -232 825
-112 -365 586 -881 692 212
583 737 -365 166 374 -489
928 920 900 877 925 913
309 481 56 -658 58 -665
516 -740 503 574 453 -681
-738 896 -348 480 459 -99
-424 910 -954 63 -753 44
670 904 -820 2 286 661
-766 -270 -170 713 -811 730
-637 -901 848 498 -581 -107
169 -604 72 -756 681 -194
904 786 465 820 680 -774
-768 561 -732 661 -751 611
574 -523 321 927 526 -307
-608 473 716 -947 721 328
-281 -443 37 -634 -335 47
-282 434 935 -807 781 385
427 289 -195 -603 975 597
26 85 -964 690 -868 -173
198 128 -238 390 -18 -853
192 -87 908 240 -417 -65
-675 -381 -302 -471 445 895
-726 -240 -684 -249 -667 -251
-680 -207 134 -125 -146 84
610 -654 119 -213 -153 -588
-386 -445 348 6 621 765
-483 -46 -638 -486 819 495
967 859 -554 340 902 -965
-439 834 -759 789 78 634
189 -471 372 683 -431 232
204 -30 750 -383 -61 652
561 403 79 -196 597 -630
-821 316 -874 336 -879 337
696 -555 16 -268 838 -889
-85 -799 -221 566 -979 852
-459 -702 629 -479 -864 812
123 637 -561 -25 -749 -772
345 952 -251 553 837 -188
193 -147 -203 -3 -285 -698
571 443 206 353 -666 -528
-37 -635 -149 -509 -770 74
357 -877 -216 -132 62 -855
-55 -279 -70 -275 -97 -275
764 869 -795 57 -113 -2
7 329 278 698 -338 857
-954 -384 633 -7 -437 398
241 -360 382 675 245 380
90 672 -918 -658 968 -12
-350 225 -108 17 -906 971
199 990 -952 -735 -414 -389
900 323 117 648 -261 -687
672 -424 312 190 -682 -534
27 669 94 669 10 670
-953 -490 -780 -434 -336 864
-110 225 -929 146 747 -423
-217 -760 664 951 -807 811
-592 834 -447 -593 -66 -705
93 -361 556 756 -424 -554
-274 81 -888 -912 646 684
893 138 116 -531 656 -756
187 321 45 -517 914 -841
-482 -213 223 -370 -125 -131
769 -974 834 -871 835 -868
-993 669 -67 -268 -395 183
-300 2 -348 53 -831 -150
-915 -219 264 -153 -564 278
-752 -484 20 253 320 697
602 235 -377 -439 -435 -680
-3 -416 92 -769 802 960
-686 955 -88 344 -50 928
537 -283 -733 -681 511 -955
-924 334 114 -267 -574 344
-255 -346 -256 -355 -250 -393
-296 -879 -100 750 -422 -968
516 833 -348 -52 976 -635
-84 -684 -977 -763 473 -749
197 663 569 -785 972 81
-871 -39 396 -776 197 -130
-90 -533 816 699 -651 450
-833 -441 -420 -154 -375 -111
48 585 271 -145 228 891
-900 867 5 28 168 -103
922 796 905 788 886 774
-417 -773 396 -472 -224 -436
107 -540 905 591 -50 106
-839 -125 -947 -415 188 -900
535 -848 971 658 -962 -848
-829 -528 -109 105 -328 51
-271 -534 -284 66 -329 -749
290 -358 295 21 -248 447
285 -232 189 -502 380 -344
408 -957 -453 572 -707 836
361 -308 418 -291 415 -291
-473 -679 824 756 -716 -120
514 -651 968 666 -9 -325
250 -424 527 765 -966 161
568 -743 -715 -774 895 -882
700 -867 -729 72 -800 -219
469 673 36 779 -903 -96
-250 -482 -128 -584 508 619
738 -916 147 503 -810 -692
144 -553 -408 370 -658 -217
-458 386 -457 386 -426 437
-266 809 -325 294 244 -826
-542 600 536 18 309 143
853 249 932 908 191 -453
852 416 -472 -524 951 -815
-734 -196 -630 -226 -270 858
302 205 -810 231 157 -626
-517 186 -461 689 -927 -13
428 -567 243 692 -574 575
377 347 300 441 -198 -146
-185 -218 -205 -213 -205 -218
-241 -614 752 -823 415 -180
633 981 -344 526 720 -598
558 -532 -345 449 -838 -910
-792 -380 914 -616 -965 -265
219 668 -300 -745 395 -771
-290 -556 876 221 -830 324
-491 564 -871 -34 598 -137
128 -459 873 -765 -322 -66
919 -37 9 -866 545 -427
-610 79 -618 82 -623 81
166 -649 207 251 -723 662
436 960 -993 353 557 866
-980 572 -18 -631 307 327
980 221 -744 406 -222 329
21 212 345 638 -600 667
-517 994 -622 648 -358 -767
-143 -834 259 184 -84 472
-660 340 -150 -592 -562 394
805 -926 -456 235 -371 -86
189 -835 147 -791 226 -876
-620 920 392 -441 845 -911
677 -467 862 754 -844 -456
660 -215 -852 -89 204 -827
665 -649 -618 -36 -453 -166
-404 484 647 92 922 324
697 784 151 925 -599 -189
-451 795 825 -959 949 -824
-94 460 501 -56 935 -334
746 162 500 571 276 449
-885 -533 -885 -557 -883 -556
-383 -97 -267 -288 -18 585
147 430 369 -409 994 -136
895 -70 298 -295 857 -555
828 767 -686 116 325 -367
347 2 -328 -297 -933 -735
296 -399 -220 280 -387 -452
-498 -191 -187 632 -184 806
-818 -822 -187 -445 -697 310
-865 114 -645 -353 300 -735
978 225 913 291 962 240
184 -101 -269 162 -283 -474
988 258 682 8 225 -898
154 591 117 403 327 657
-356 -7 -354 -469 517 830
429 -679 65 626 37 591
857 -910 -194 329 -714 140
-197 -298 753 449 306 270
352 -192 -583 -493 -300 -992
-635 -211 693 75 -973 792
703 -724 700 -727 723 -716
-532 697 480 -735 980 -764
118 -7 -776 -412 341 -895
551 266 -517 303 119 -414
501 -462 149 -107 -954 -468
-451 533 -776 395 -912 -860
-644 274 -977 -408 -144 778
664 589 373 447 769 -410
-672 263 554 -539 633 -346
545 197 -438 387 860 -597
-878 -380 -912 -319 -866 -404
-573 -147 -685 788 -851 -631
-515 865 -862 -382 -538 -1
-795 -648 248 -912 -584 747
-60 -197 535 162 244 455
929 -974 573 781 601 287
-372 -583 -451 -434 -995 123
971 -71 -125 206 -827 -597
-566 533 270 812 -852 519
78 356 55 -384 436 -844
435 135 400 245 401 239
-709 582 -647 -45 97 171
-691 696 978 -226 531 413
981 5 -269 382 -683 95
-848 555 -392 76 6 -192
558 -272 -700 -293 -604 -855
-122 101 -789 -359 870 667
168 375 372 -71 427 -174
-932 -662 469 -541 623 911
818 -161 -791 -898 552 -848
352 889 355 888 348 913
792 -109 -976 19 116 -838
-489 432 -196 394 -775 851
-534 558 -233 237 -372 538
-363 -245 946 793 -634 -22
-368 247 323 -869 -505 481
640 346 -666 -194 -899 -719
-327 -461 331 299 315 467
63 -144 995 -240 -430 341
-76 493 442 282 33 874
-54 -14 -23 -22 -6 -23
254 -149 555 995 48 -582
-59 -893 992 101 -555 -854
-391 -178 949 -389 -341 365
-807 -182 -873 -634 -578 -91
499 -804 -184 645 111 -979
-746 933 -957 -63 -335 203
482 607 568 976 -484 114
-132 -389 -946 532 -908 256
-789 819 -945 929 219 -488
500 883 459 836 456 830
147 -719 956 -187 122 -89
565 -972 -369 -717 -918 -796
975 473 -927 97 -616 -27
-277 268 -48 285 381 430
613 -485 -842 485 803 -911
720 369 -884 -576 651 -730
-300 890 882 -187 585 399
-927 633 -127 -782 -269 329
190 526 -330 -784 -116 -948
-413 -455 -441 -464 -484 -481
775 -142 -434 295 493 -226
-631 269 -822 -455 632 -716
401 871 -842 -170 933 -256
375 -435 352 963 156 127
-179 721 -810 215 438 -369
-443 688 175 -811 -99 531
-86 -734 -263 743 -219 296
422 223 695 458 -620 -104
-647 -899 559 -458 388 -3
540 706 536 630 541 700
244 -862 15 189 -21 -682
154 48 39 472 -242 -702
239 -29 192 560 -279 -194
-937 220 747 -230 -219 979
70 199 277 672 -971 980
-605 -343 902 -465 -484 962
879 999 436 781 -466 -975
816 -704 660 -110 528 -873
-666 -999 564 42 -893 796
562 876 549 887 599 840
742 -312 343 229 446 59
-784 -84 -359 -727 -457 -544
-39 757 -520 18 -535 -71
659 857 -612 982 -814 23
-793 420 -498 -877 268 884
-589 -742 -402 -243 -127 790
88 -742 415 906 145 74
683 -229 985 -190 -439 -183
255 -332 -889 883 -923 624
976 65 878 135 899 119
-819 410 -505 -772 71 -338
872 23 68 91 -257 -684
-189 771 -401 -238 -21 880
232 981 -625 459 125 36
342 -40 348 -493 775 663
758 -875 824 919 358 -892
-113 819 -675 94 235 357
-557 741 133 -821 572 257
990 -863 -114 726 -208 -770
-209 449 -212 450 -155 399
765 -843 810 716 614 728
484 -180 160 -95 683 -318
765 206 526 237 108 -32
273 -188 595 200 -396 768
-684 -157 -726 -309 -227 -499
-909 -901 149 58 372 960
635 233 -830 -674 344 -58
-101 -808 504 159 -159 549
436 960 -269 761 378 746
934 -356 938 -424 937 -381
736 -881 364 432 307 15
298 -683 778 -472 -509 -716
206 -608 247 -602 -879 182
-868 -163 120 -220 -226 812
-733 -531 181 -986 -478 -89
-87 -769 689 106 412 893
-984 -394 -253 -138 -582 336
-276 64 -678 902 -524 -712
917 154 -221 571 -557 -394
432 -13 383 53 399 30
82 -925 924 -149 513 -333
-33 -440 122 -64 -935 -818
-892 646 561 -700 293 -42
44 -137 129 508 -874 -364
613 -750 -170 -644 383 -772
-219 564 278 -371 307 234
-417 -232 522 371 -720 213
-402 59 203 -939 -255 452
-719 847 -706 309 278 760
-147 -44 -138 -53 -120 -62
-840 396 -785 -143 -288 -207
-692 254 -279 -886 320 40
212 -818 986 -835 119 625
-222 685 -235 134 603 -838
349 412 -798 255 -42 -182
348 -240 -247 -447 773 -130
-468 996 -933 658 387 33
799 74 147 415 -346 -35
-980 -431 398 -972 315 806
55 185 27 208 87 156
-73 847 -26 -734 165 60
323 -745 -122 137 -543 -745
-82 -592 325 412 -585 -240
350 207 -440 664 -42 -855
810 -200 483 689 291 -947
716 -756 879 67 451 -417
699 188 541 250 332 314
-323 654 816 105 836 515
-67 -464 -351 -680 782 -658
-154 -219 -180 -227 -121 -211
778 738 -865 -962 642 544
-709 357 645 -540 584 53
378 -562 946 -848 -192 810
-969 -693 502 -932 949 120
210 769 -354 15 -434 -885
665 -159 255 241 -19 277
-639 -808 46 79 279 611
266 -343 606 98 -505 185
-352 -78 -290 -382 14 458
487 849 514 846 574 843
-164 21 -156 507 -916 -291
563 -869 262 159 89 353
116 112 -531 -40 863 -956
797 -994 547 -235 195 -268
-416 -896 820 276 -963 -217
165 130 711 608 -646 -523
618 475 808 902 -941 911
837 612 539 102 511 35
634 -785 909 -606 585 -793
469 -631 407 -722 447 -665
149 576 -570 -331 984 40
586 -398 -471 492 672 -811
636 957 -314 600 144 -429
84 572 -145 904 -625 -709
417 -375 -223 -11 370 -930
910 340 -772 562 151 -888
15 -379 926 -120 609 370
-51 -350 2 947 -810 685
455 354 911 860 -106 311
-206 -131 -215 -102 -212 -120
436 -852 802 -334 381 -659
403 453 -258 195 507 -337
-289 -268 -796 301 -304 -436
-816 347 -66 379 -73 669
-723 -118 267 -57 713 653
497 838 -591 -722 733 -326
-538 153 680 913 -846 422
-810 35 -311 205 -179 375
371 473 -103 953 -72 -777
241 501 268 539 246 510
0 0 0 0 0 0
