11 1
01010011111
11 32
00011000011
01001010111
01001101011
01010000111
01010011100
01010011111
01011001000
01011111100
01100000111
01100011001
01100100101
01101100000
01110101110
01111111110
10000100101
10001101111
10011000010
10011000101
10011001010
10011101010
10101001010
10101101010
10110010010
10110011110
10110110001
10111110110
11001001000
11010011001
11010111101
11101100101
11110100011
11110111101
8 50
00000100
00000101
00010001
00010011
00010100
00010101
00011110
00100001
00100100
00100110
00101001
00110010
00110011
00111000
00111010
00111110
01000100
01001010
01001100
01010000
01010001
01010011
01010100
01011000
01100011
01100111
01101100
01110011
01110101
01110110
01111101
01111110
10001011
10010000
10010010
10011000
10011011
10011111
10101001
10110011
10111001
11001010
11010010
11101001
11101010
11101101
11110000
11110001
11110011
11111000
11 123
00000000101
00000100000
00000100101
00000101111
00000111001
00001000010
00001010011
00001011111
00001111000
00010000100
00010000101
00010101000
00010111111
00011010110
00011011010
00011100010
00011101000
00100010011
00100100111
00101010100
00101101110
00101111001
00101111010
00110100100
00110101011
00110101101
00110111100
00111001001
00111001011
00111100010
01000001010
01000010110
01000100101
01000101101
01000110100
01001010111
01001011100
01001100000
01001100101
01001110110
01010000100
01010001001
01010001110
01010011000
01010100101
01011001011
01011010100
01100000001
01100100000
01100100011
01100100101
01101101010
01101101111
01101110000
01101110010
01110101101
01110111010
01110111100
01111000000
01111000101
01111011011
10000000111
10000010001
10000101110
10001101010
10001111000
10001111001
10001111101
10001111110
10010000011
10011001100
10011110000
10100010000
10100010010
10100101001
10101001111
10101010100
10101101100
10101101110
10101111000
10110001010
10110010000
10110110110
10111000000
10111011001
10111101000
10111101100
10111110110
11000010001
11000110000
11001001111
11001100011
11010001101
11010001110
11010011110
11010101111
11011011000
11011100000
11011100111
11100001100
11100011001
11100011010
11100011100
11100110011
11100111011
11101000011
11101001110
11101010101
11101011000
11101110101
11101111100
11110010111
11110011101
11110101100
11110110011
11110111100
11111010001
11111010011
11111100001
11111100011
11111100101
11111101001
11111101010
11 100
10000001011
10000010100
10000010101
10000011000
10000101011
10000101100
10000110011
10000111000
10000111100
10001000101
10001011001
10001100011
10001100110
10001101000
10001101001
10001101100
10001101111
10001110100
10001111000
10001111111
01000001011
01000010100
01000010101
01000011000
01000101011
01000101100
01000110011
01000111000
01000111100
01001000101
01001011001
01001100011
01001100110
01001101000
01001101001
01001101100
01001101111
01001110100
01001111000
01001111111
00100001011
00100010100
00100010101
00100011000
00100101011
00100101100
00100110011
00100111000
00100111100
00101000101
00101011001
00101100011
00101100110
00101101000
00101101001
00101101100
00101101111
00101110100
00101111000
00101111111
00010001011
00010010100
00010010101
00010011000
00010101011
00010101100
00010110011
00010111000
00010111100
00011000101
00011011001
00011100011
00011100110
00011101000
00011101001
00011101100
00011101111
00011110100
00011111000
00011111111
00000001011
00000010100
00000010101
00000011000
00000101011
00000101100
00000110011
00000111000
00000111100
00001000101
00001011001
00001100011
00001100110
00001101000
00001101001
00001101100
00001101111
00001110100
00001111000
00001111111
11 84
10000000000
10000000001
10000000010
10000000110
10000001100
10000001101
10000001110
10000001111
10000010000
10000010001
10000010011
10000011010
01000000000
01000000001
01000000010
01000000110
01000001100
01000001101
01000001110
01000001111
01000010000
01000010001
01000010011
01000011010
00100000000
00100000001
00100000010
00100000110
00100001100
00100001101
00100001110
00100001111
00100010000
00100010001
00100010011
00100011010
00010000000
00010000001
00010000010
00010000110
00010001100
00010001101
00010001110
00010001111
00010010000
00010010001
00010010011
00010011010
00001000000
00001000001
00001000010
00001000110
00001001100
00001001101
00001001110
00001001111
00001010000
00001010001
00001010011
00001011010
00000100000
00000100001
00000100010
00000100110
00000101100
00000101101
00000101110
00000101111
00000110000
00000110001
00000110011
00000111010
00000000000
00000000001
00000000010
00000000110
00000001100
00000001101
00000001110
00000001111
00000010000
00000010001
00000010011
00000011010
8 32
00101100
00101010
00101001
00101000
00010100
00010010
00010001
00010000
01101100
01101010
01101001
01101000
01010100
01010010
01010001
01010000
10101100
10101010
10101001
10101000
10010100
10010010
10010001
10010000
11101100
11101010
11101001
11101000
11010100
11010010
11010001
11010000
11 23
10000000000
01000000000
00100000000
00010000000
00001000000
00000100000
00000010000
00000001000
00000000100
00000000010
00000000001
11000000000
01100000000
00110000000
00011000000
00001100000
00000110000
00000011000
00000001100
00000000110
00000000011
10000000001
00000000000
11 42
01000000000
00100000000
00010000000
00001000000
00000100000
00000010000
00000001000
00000000100
00000000010
00000000001
01100000000
00110000000
00011000000
00001100000
00000110000
00000011000
00000001100
00000000110
00000000011
01000000001
00000000000
11000000000
10100000000
10010000000
10001000000
10000100000
10000010000
10000001000
10000000100
10000000010
10000000001
11100000000
10110000000
10011000000
10001100000
10000110000
10000011000
10000001100
10000000110
10000000011
11000000001
10000000000
11 72
00010000000
00001000000
00000100000
00000010000
00000001000
00000000100
00000000010
00000000001
00000000000
00110000000
00101000000
00100100000
00100010000
00100001000
00100000100
00100000010
00100000001
00100000000
01010000000
01001000000
01000100000
01000010000
01000001000
01000000100
01000000010
01000000001
01000000000
01110000000
01101000000
01100100000
01100010000
01100001000
01100000100
01100000010
01100000001
01100000000
10010000000
10001000000
10000100000
10000010000
10000001000
10000000100
10000000010
10000000001
10000000000
10110000000
10101000000
10100100000
10100010000
10100001000
10100000100
10100000010
10100000001
10100000000
11010000000
11001000000
11000100000
11000010000
11000001000
11000000100
11000000010
11000000001
11000000000
11110000000
11101000000
11100100000
11100010000
11100001000
11100000100
11100000010
11100000001
11100000000
11 64
00011000000
00010100000
00010010000
00010001000
00010000100
00010000010
00010000001
00010000000
00101000000
00100100000
00100010000
00100001000
00100000100
00100000010
00100000001
00100000000
01011000000
01010100000
01010010000
01010001000
01010000100
01010000010
01010000001
01010000000
01101000000
01100100000
01100010000
01100001000
01100000100
01100000010
01100000001
01100000000
10011000000
10010100000
10010010000
10010001000
10010000100
10010000010
10010000001
10010000000
10101000000
10100100000
10100010000
10100001000
10100000100
10100000010
10100000001
10100000000
11011000000
11010100000
11010010000
11010001000
11010000100
11010000010
11010000001
11010000000
11101000000
11100100000
11100010000
11100001000
11100000100
11100000010
11100000001
11100000000
11 56
00101100000
00101010000
00101001000
00101000100
00101000010
00101000001
00101000000
00010100000
00010010000
00010001000
00010000100
00010000010
00010000001
00010000000
01101100000
01101010000
01101001000
01101000100
01101000010
01101000001
01101000000
01010100000
01010010000
01010001000
01010000100
01010000010
01010000001
01010000000
10101100000
10101010000
10101001000
10101000100
10101000010
10101000001
10101000000
10010100000
10010010000
10010001000
10010000100
10010000010
10010000001
10010000000
11101100000
11101010000
11101001000
11101000100
11101000010
11101000001
11101000000
11010100000
11010010000
11010001000
11010000100
11010000010
11010000001
11010000000
11 104
00101100000
00101010000
00101001000
00101000100
00101000010
00101000001
00101110000
00101011000
00101001100
00101000110
00101000011
00101100001
00101000000
00010100000
00010010000
00010001000
00010000100
00010000010
00010000001
00010110000
00010011000
00010001100
00010000110
00010000011
00010100001
00010000000
01101100000
01101010000
01101001000
01101000100
01101000010
01101000001
01101110000
01101011000
01101001100
01101000110
01101000011
01101100001
01101000000
01010100000
01010010000
01010001000
01010000100
01010000010
01010000001
01010110000
01010011000
01010001100
01010000110
01010000011
01010100001
01010000000
10101100000
10101010000
10101001000
10101000100
10101000010
10101000001
10101110000
10101011000
10101001100
10101000110
10101000011
10101100001
10101000000
10010100000
10010010000
10010001000
10010000100
10010000010
10010000001
10010110000
10010011000
10010001100
10010000110
10010000011
10010100001
10010000000
11101100000
11101010000
11101001000
11101000100
11101000010
11101000001
11101110000
11101011000
11101001100
11101000110
11101000011
11101100001
11101000000
11010100000
11010010000
11010001000
11010000100
11010000010
11010000001
11010110000
11010011000
11010001100
11010000110
11010000011
11010100001
11010000000
11 96
00100000001
00100000011
00100000100
00100001100
00010000001
00010000011
00010000100
00010001100
00001000001
00001000011
00001000100
00001001100
00000100001
00000100011
00000100100
00000101100
00000010001
00000010011
00000010100
00000011100
00000000001
00000000011
00000000100
00000001100
01100000001
01100000011
01100000100
01100001100
01010000001
01010000011
01010000100
01010001100
01001000001
01001000011
01001000100
01001001100
01000100001
01000100011
01000100100
01000101100
01000010001
01000010011
01000010100
01000011100
01000000001
01000000011
01000000100
01000001100
10100000001
10100000011
10100000100
10100001100
10010000001
10010000011
10010000100
10010001100
10001000001
10001000011
10001000100
10001001100
10000100001
10000100011
10000100100
10000101100
10000010001
10000010011
10000010100
10000011100
10000000001
10000000011
10000000100
10000001100
11100000001
11100000011
11100000100
11100001100
11010000001
11010000011
11010000100
11010001100
11001000001
11001000011
11001000100
11001001100
11000100001
11000100011
11000100100
11000101100
11000010001
11000010011
11000010100
11000011100
11000000001
11000000011
11000000100
11000001100
11 96
00100000010
00100000100
00100000101
00100001101
00010000010
00010000100
00010000101
00010001101
00001000010
00001000100
00001000101
00001001101
00000100010
00000100100
00000100101
00000101101
00000010010
00000010100
00000010101
00000011101
00000000010
00000000100
00000000101
00000001101
01100000010
01100000100
01100000101
01100001101
01010000010
01010000100
01010000101
01010001101
01001000010
01001000100
01001000101
01001001101
01000100010
01000100100
01000100101
01000101101
01000010010
01000010100
01000010101
01000011101
01000000010
01000000100
01000000101
01000001101
10100000010
10100000100
10100000101
10100001101
10010000010
10010000100
10010000101
10010001101
10001000010
10001000100
10001000101
10001001101
10000100010
10000100100
10000100101
10000101101
10000010010
10000010100
10000010101
10000011101
10000000010
10000000100
10000000101
10000001101
11100000010
11100000100
11100000101
11100001101
11010000010
11010000100
11010000101
11010001101
11001000010
11001000100
11001000101
11001001101
11000100010
11000100100
11000100101
11000101101
11000010010
11000010100
11000010101
11000011101
11000000010
11000000100
11000000101
11000001101
7 44
0010000
0001000
0000100
0000010
0000001
0011000
0001100
0000110
0000011
0010001
0000000
0110000
0101000
0100100
0100010
0100001
0111000
0101100
0100110
0100011
0110001
0100000
1010000
1001000
1000100
1000010
1000001
1011000
1001100
1000110
1000011
1010001
1000000
1110000
1101000
1100100
1100010
1100001
1111000
1101100
1100110
1100011
1110001
1100000
11 44
00100001101
00010001000
00001000101
00000101100
00000010000
00110000110
00011001000
00001100010
00000111011
00100010101
00000001010
01100001100
01010001010
01001001010
01000100101
01000011100
01110000110
01011000011
01001100010
01000111000
01100010100
01000001111
10100001010
10010001001
10001001011
10000100010
10000010100
10110001110
10011001010
10001100101
10000110011
10100011001
10000000011
11100000111
11010001101
11001000011
11000101110
11000011101
11110000001
11011000011
11001100001
11000110000
11100010011
11000001110
7 26
0100000
0010000
0001000
0000100
0000010
0000001
0110000
0011000
0001100
0000110
0000011
0100001
0000000
1100000
1010000
1001000
1000100
1000010
1000001
1110000
1011000
1001100
1000110
1000011
1100001
1000000
11 26
01000001101
00100001101
00010000011
00001001101
00000101000
00000011111
01100001011
00110001010
00011000100
00001101101
00000110011
01000010101
00000001111
11000001111
10100000001
10010001001
10001000101
10000101001
10000011000
11100000111
10110001001
10011001100
10001101110
10000110101
11000010110
10000001101
10 16
1111110000
1111101000
1111100100
1111100010
1111100001
1111100000
1101000000
1011000000
1000000000
0000000100
0000001000
0000001100
0000010000
0000010100
0000011000
0000011100
10 22
1111111000
1111110100
1111110010
1111110001
1111110000
1111100000
0011100000
1100100000
0000100010
0000100100
0000100110
0000101000
0000101010
0000101100
1001010000
0110010000
0000010010
0000010100
0000010110
0000011000
0000011010
0000011100
0 0
