296
12
0
24
18
112
0
30
16
20
88
1734
100
178
1748
18
28
2788
56
64
254
112
56
24
12
12
176
252
788
20
64
2996
312
32
0
30
24
1506
2660
1486
1748
18
112
72
416
254
2456
112
0
2704
416
1248
14
46
286
144
56
134
3358
132
1102
2660
44
518
84
88
48
0
2288
24
78
48
168
124
3358
52
56
88
12
224
134
1734
204
84
0
20
0
78
2704
252
176
252
148
1120
48
132
100
2288
1102
0
132
1486
46
312
78
168
2788
116
60
108
286
518
0
64
48
0
48
108
2456
2788
788
296
0
148
224
2288
28
124
0
20
178
14
240
60
416
0
36
56
2788
56
14
44
72
2288
1248
1506
0
240
1120
124
16
132
36
0
32
88
0
0
46
116
2996
52
46
204
64
36
40
252
124
144
14
416
78
40
48
36
0
18
