5
1 934 744 263 530
701 509 753 257
6
257 120 712 352 844 706
109 394 331 367 170
7
933 918 848 973 869 981 224
550 593 165 170 552 428
8
191 625 636 921 945 311 863 485
364 302 711 237 877 432 930
10
398 676 492 191 345 135 426 630 31 728
127 744 335 105 761 750 621 257 933
17
573 614 491 510 120 406 696 50 328 720 498 825 597 650 357 185 94
246 8 307 510 755 353 666 784 739 802 691 331 338 196 657 964
20
12 428 43 107 969 213 2 511 481 659 572 332 815 848 565 198 626 439 932 19
488 152 188 914 180 996 751 751 914 563 135 274 548 522 831 141 558 679 727
50
504 598 409 894 989 239 86 94 189 721 212 747 388 711 210 888 669 104 474 901 675 106 184 953 371 788 303 411 906 111 401 997 143 586 861 48 925 732 159 387 220 401 416 56 683 875 62 7 603 269
366 471 519 724 90 107 320 131 656 733 994 975 596 811 674 56 731 96 246 706 695 949 874 354 475 761 742 757 645 144 641 738 680 136 150 530 211 608 418 256 788 374 627 446 113 173 596 154 54
80
184 718 656 18 177 78 777 400 655 729 3 162 456 871 317 695 382 931 481 605 387 360 208 955 80 703 366 454 733 837 433 564 18 108 584 911 468 117 547 720 529 72 108 257 521 354 529 155 431 478 49 521 205 415 811 720 926 299 132 702 710 752 23 818 653 925 696 472 154 626 979 617 143 598 89 733 918 405 744 396
750 408 937 303 768 46 564 341 399 897 52 808 768 998 979 651 810 331 361 717 162 294 210 754 99 131 635 544 890 89 32 693 402 675 295 694 166 950 766 738 459 842 49 944 230 216 390 210 389 755 244 502 272 517 565 278 913 6 612 213 783 93 124 202 325 5 438 603 805 364 392 274 576 907 760 627 897 860 764
100
359 578 485 748 157 949 606 455 195 360 431 324 884 25 448 203 848 877 50 793 589 305 134 559 843 415 568 729 507 392 1 993 119 399 719 869 976 580 120 364 597 380 917 467 841 233 431 415 156 572 312 180 797 301 217 904 994 56 729 482 906 30 38 898 287 658 378 683 555 507 758 530 581 642 867 853 934 661 491 617 733 607 115 186 648 228 436 59 184 111 743 375 605 672 873 606 481 672 980 718
482 681 792 776 1 47 833 469 859 227 179 667 469 255 704 464 923 512 894 649 958 832 920 513 93 233 221 224 39 610 453 523 729 977 153 518 424 403 705 937 351 36 826 129 965 427 166 776 405 165 874 259 625 822 830 778 225 227 605 452 38 839 626 380 420 576 689 898 821 79 967 798 56 675 229 403 677 280 383 977 262 328 492 283 75 762 343 698 34 806 319 876 939 321 758 440 289 772 528
200
857 869 65 571 480 268 339 412 207 747 279 971 811 885 143 597 209 72 169 377 8 313 949 718 358 219 855 991 854 240 450 985 712 975 822 637 329 786 494 268 244 532 955 140 984 284 685 16 597 89 535 652 423 214 890 626 886 398 577 716 850 841 514 889 423 280 583 941 867 547 801 164 923 279 46 237 758 900 186 272 818 993 433 99 132 246 185 187 636 803 705 851 578 188 96 293 779 338 288 620 516 888 58 454 554 889 584 786 176 90 810 354 596 98 570 271 169 239 199 484 145 592 101 943 354 586 903 190 146 520 91 545 670 343 761 698 701 978 126 84 779 351 704 795 681 460 957 527 521 976 297 149 918 609 327 846 283 935 467 37 646 305 644 26 256 370 260 324 880 183 708 740 357 124 919 336 98 754 809 270 335 486 121 907 215 681 71 280 763 376 272 615 745 64 327 44 876 724 58 912
419 962 473 812 767 824 840 75 511 803 323 146 923 237 834 348 735 279 312 10 614 438 818 214 151 604 70 288 492 550 56 206 630 669 630 253 812 251 971 646 392 91 775 565 18 959 354 817 175 784 717 408 9 895 257 264 291 250 896 883 907 50 24 450 854 565 740 65 803 74 644 712 60 548 170 977 153 834 405 349 90 266 511 303 998 467 823 884 129 981 846 96 718 50 420 127 730 579 537 184 575 49 39 907 314 293 892 220 791 17 549 764 518 18 942 449 99 387 223 808 226 695 425 548 484 619 48 891 439 565 896 542 78 918 233 616 611 726 386 915 172 307 654 641 399 245 210 906 124 578 281 581 369 159 671 397 352 944 267 839 174 732 853 35 982 863 299 202 940 999 312 885 874 259 317 144 479 675 438 30 416 572 468 558 136 456 293 549 705 292 365 679 709 856 68 274 226 402 427
500
566 288 300 725 917 950 211 454 524 859 554 3 156 960 107 288 358 4 883 985 488 811 443 771 962 787 702 549 98 876 242 919 981 177 16 634 355 195 356 171 893 323 654 502 524 379 91 21 43 268 153 391 183 476 60 693 573 643 212 263 995 117 276 925 385 107 780 374 8 667 67 143 178 282 775 935 787 518 293 899 349 858 554 621 15 821 412 606 731 890 779 504 718 216 256 961 506 454 555 612 340 370 32 905 735 87 36 17 446 166 328 877 135 601 580 603 560 652 871 746 154 948 252 519 414 484 962 131 221 866 780 342 876 568 244 748 258 621 197 17 347 688 448 202 570 444 633 979 548 347 636 265 248 453 110 896 228 103 422 114 891 218 837 124 587 618 252 841 728 32 887 118 226 448 719 839 630 426 1000 72 90 655 81 752 933 174 140 220 211 591 343 263 548 455 185 718 98 918 267 237 216 348 609 918 266 662 441 371 701 901 135 236 86 478 431 982 180 824 93 363 684 339 789 119 376 957 967 329 805 832 136 388 359 695 964 593 310 551 663 750 974 408 509 668 479 790 195 947 492 887 581 729 835 671 461 36 186 70 896 488 427 956 432 67 611 961 32 199 294 80 491 493 782 700 328 240 43 782 693 98 878 59 242 772 311 493 641 368 300 809 20 411 569 457 759 188 934 269 738 233 457 813 729 524 535 479 616 39 256 403 694 309 666 802 2 967 7 359 853 381 914 564 537 635 43 479 261 521 491 977 227 104 822 470 370 215 200 204 495 839 761 1 552 190 612 644 864 8 358 706 41 418 391 773 145 576 542 117 311 432 750 902 101 361 562 202 161 348 2 812 412 443 553 643 417 321 765 912 782 306 295 245 552 188 612 792 695 715 620 178 976 678 1 187 215 282 523 973 270 998 51 817 646 423 295 464 332 551 135 5 79 968 3 231 524 477 817 226 951 838 787 798 744 555 795 550 449 526 721 445 111 807 533 312 48 344 710 683 883 347 826 991 259 529 959 871 299 362 443 155 113 252 698 956 176 299 524 317 395 162 868 57 584 801 885 914 541 658 566 351 154 981 444 473 822 635 754 509 633 973 634 12 968 85 97 247 623 491 398 940 887 892 663 170 59 848 579 401 154 890
394 628 929 347 744 331 460 414 602 942 188 547 255 342 414 234 283 934 831 823 231 643 879 111 395 474 904 429 176 405 827 172 39 617 179 555 440 391 227 712 405 724 692 841 754 665 444 648 456 517 688 305 413 481 242 631 247 522 178 904 574 380 165 432 693 199 14 21 230 390 348 450 243 196 630 478 663 640 434 26 315 17 261 796 740 959 208 702 794 217 66 280 425 479 983 566 787 166 518 147 145 667 37 589 696 528 200 230 292 927 163 304 220 71 933 286 107 432 606 882 202 462 19 944 370 773 182 931 67 535 293 361 253 785 630 694 824 588 454 766 75 564 843 822 770 921 487 817 7 902 589 798 501 903 795 823 892 560 573 589 45 878 360 767 148 785 788 107 394 454 568 848 58 16 128 257 878 910 992 152 697 394 373 282 540 50 865 42 616 643 367 803 843 633 167 250 691 672 171 144 517 357 12 707 108 387 442 115 805 796 698 805 323 431 400 714 534 344 943 718 18 663 586 273 457 81 398 512 762 719 958 940 392 771 461 21 287 197 505 464 826 251 698 150 825 705 41 793 921 322 374 526 423 412 601 290 6 796 571 920 509 479 2 12 330 486 536 551 564 871 331 323 101 80 987 495 365 500 308 538 435 323 648 812 255 778 870 415 362 501 556 895 705 846 697 219 976 729 606 826 39 533 248 146 364 467 416 201 325 569 873 27 621 165 445 612 330 588 594 197 523 521 898 237 851 375 235 687 68 744 986 976 252 626 340 633 955 887 250 63 586 398 546 671 392 560 165 419 308 755 284 229 852 374 227 693 780 112 968 345 89 441 722 514 167 371 400 820 265 804 162 398 403 254 588 193 415 252 916 158 282 909 4 390 651 529 223 762 993 918 546 970 396 750 696 817 537 994 925 304 728 27 739 627 705 138 106 746 762 63 936 32 976 378 194 936 14 187 277 371 673 430 967 647 141 440 493 946 572 609 256 82 862 589 844 445 382 417 918 703 172 225 284 907 554 686 776 3 857 321 32 134 714 857 724 179 706 830 757 689 461 317 980 450 149 616 299 121 432 484 763 91 618 700 293 215 165 350 777 510 62 958 993 1 262 2 533 360 266 970 900 814 382 543 672 514 346 384 945
0
